{"SAA_list": [[[0.3639103343556947, 0.2152271750969364, 0.08565706588623083, 0.09171680985114553, 0.08804652979561192, 0.15544208501438195], [0.5304133243240078, 0.144423488695719, 0.10048696433444386, 0.10903549838725929, 0.09277051963321607, 0.022870204625355103], [0.6070299439295548, 0.2606046844193848, 0.007143866229346657, 0.10959501113234714, 2.7754287391072197e-12, 0.015626494286581204], [0.4700099804071605, 0.09240442956238955, 0.041627773567101733, 0.06162893250550067, 0.12516018982232655, 0.20916869413552303], [0.5514167130595614, 0.27580487818277327, 0.033289889038703696, 0.12646102015887434, 0.013027477967103221, 2.1592983679547837e-08], [0.6098958114530431, 0.16033325983106256, 0.050492208209903446, 0.035526190538706905, 0.13525439171120837, 0.0084981382560883], [0.513080389975593, 0.18680213507746213, 0.018028936095695444, 0.07190541308616727, 0.13022440901927174, 0.07995871674580388], [0.445610472673805, 0.1800947640849184, 0.049917903295673895, 0.13549968491897776, 0.11376203009467593, 0.07511514493191816], [0.48029840856310685, 0.2281021072508137, 1.25240961559601e-10, 0.13179924358790238, 0.15980020817201512, 3.2300894684584136e-08], [0.5613237354280226, 0.24522615372209117, 0.029446691354103452, 0.03331335202643146, 0.011656259399836466, 0.11903380806954497], [0.7702133042982626, 0.06144888666696724, 0.04562770364756984, 0.023841233535451874, 0.0036319868115918187, 0.09523688504015727], [0.2474593021312627, 0.04209832188234968, 0.11062367388802004, 0.23630441604742805, 0.2925022269328177, 0.0710120591181193], [0.2937506361792939, 0.2797770662755833, 0.11750632643548785, 0.064460837298306, 0.1713163929467138, 0.07318874086461431], [0.42211881540105706, 0.2084155230930568, 0.040196697383201106, 0.08721838245852723, 0.06646818849113388, 0.17558239317302335], [0.5712287920322556, 0.07027178365184955, 0.06982926043654106, 0.14240763978198925, 0.06651722308508358, 0.07974530101226635], [0.47985539739990307, 0.22938948853807367, 0.05196850206880366, 0.12533322428725305, 0.03062515144317088, 0.0828282362627944], [0.5862416618526752, 0.14682052614793903, 0.025891565390967215, 0.08227218495418413, 3.039817273570242e-12, 0.15877406165116922], [0.4975074959532696, 0.2092132927364288, 0.07613920220988887, 0.07672634400150356, 0.08337793378973053, 0.057035731309178855], [0.7590124715467617, 0.09546900067761925, 0.005834465303831057, 0.050718905259904516, 1.1037220148506968e-10, 0.08896515710154314], [0.34473880548439556, 0.2947082415251902, 0.10241894632418282, 0.03469170003880246, 0.09551594012266768, 0.12792636650476294], [0.6440003249143011, 0.0601832690561893, 0.027931020336258296, 0.1700055865052733, 0.09787974587534504, 5.33125042584781e-08], [0.6185961444007098, 0.14061881218653835, 0.026744835941947112, 0.04206059327164947, 0.0729941858119182, 0.09898542838721026], [0.2916282979703447, 0.14955876095585702, 0.1031547150428768, 0.15058511447835313, 0.20045224201681755, 0.10462086953575177], [0.16677727159942077, 0.24305560141869267, 0.15957741757146224, 0.28920146899840404, 0.012230732198278443, 0.1291575082137428], [0.8103819740584923, 0.048551043605240436, 3.018887605130399e-11, 0.05815406000283734, 0.06432383911990319, 0.018589083177368175], [0.3610841664048427, 0.330279836956733, 0.045930884446804744, 0.06568748371370828, 0.17602914333864458, 0.02098848513927108], [0.776149267162028, 0.07647373766370358, 0.01729402890809071, 0.07573866457639827, 0.0038028997006820634, 0.05054140198911596], [0.5556782924578579, 0.12763434701790946, 0.15170330691464345, 0.0909213857550678, 0.021585522152995536, 0.0524771457015255], [0.6082424648564796, 0.16934836775673334, 0.007531181074905518, 0.11947872161689989, 0.05136387937506034, 0.044035385319924396], [0.14182909264682708, 0.2611167440142183, 0.1513883752258149, 0.13013296166300986, 0.11863777213573054, 0.19689505431439952]], [[0.7774142576784986, 0.0222993624298146, 0.03235943832515091, 0.0333792007082731, 0.05456097598636304, 0.07998676487236771], [0.6629980945294044, 0.05515118941616478, 0.1504608755249563, 0.055571076276743216, 9.300099328699642e-08, 0.07581867125174087], [0.6723398314679985, 0.04309678048346002, 0.13382169803466018, 0.03712116667697188, 0.06666861430825193, 0.04695190902866687], [0.6349292300714761, 0.14640085125308208, 4.636594447558252e-06, 0.04202901650579442, 0.06571555184504635, 0.11092071373015154], [0.37453473304997187, 0.1266257905028614, 0.03238004642457537, 0.05957182361610682, 0.1950672354362514, 0.21182037097022974], [0.6073834194920859, 0.1980930090953906, 0.034026196553473394, 0.03855773855476513, 0.03721944416931841, 0.08472019213489265], [0.552153467248347, 0.04594424739645761, 0.036100710993757563, 0.07933815593172835, 0.22251848324181317, 0.06394493518792123], [0.40769563216797855, 0.19805640888452186, 0.07792292165217177, 0.11276979254170262, 0.16553371086535018, 0.038021533888275595], [0.5326420200949618, 0.11489289394111987, 0.07109999422385416, 0.04403952707145658, 0.19401085598811352, 0.043314708680500504], [0.6183787575027762, 0.11528296222600236, 0.08217027376424264, 0.10807163841523428, 0.04273330549153136, 0.033363062600212996], [0.7627523510408604, 0.029797800862591088, 0.009580561455637186, 0.06485277646618645, 0.07713213131775642, 0.05588437885687838], [0.5169144221817933, 0.2074791975377087, 0.08743859629367481, 0.05042865290123804, 0.11063300196555159, 0.02710612912007653], [0.5170082698525336, 0.1731918883653539, 0.00507975253861959, 0.015355053674871626, 0.19248600256517603, 0.09687903300346068], [0.5587312925263156, 0.20210317733443986, 0.023795116620140666, 0.06051595908521798, 0.1297850307921742, 0.025069423641736536], [0.5393676336152332, 0.07768002845369186, 0.0805522217165458, 0.10419728051658064, 0.03409383949733227, 0.1641089962006374], [0.5515439728030158, 0.21800469290397895, 0.044247402367574594, 0.0349851566447685, 0.06114851157688985, 0.09007026370376234], [0.45069356607208527, 0.29067864479540667, 3.461167543071903e-08, 0.11453582371933999, 0.005341307593484124, 0.1387506232080134], [0.5774348757120372, 0.12398230445026637, 0.033687832495930735, 0.038360102600965416, 0.182681469578397, 0.04385341516240587], [0.5326923364116627, 0.09105368124365605, 0.05476099970928159, 0.13385192105026372, 0.12288373961323984, 0.06475732197188902], [0.48615512943192823, 0.07182410747462195, 0.06422703004835734, 0.03872800406707942, 0.3041086440826549, 0.034957084895369576], [0.7165977422076155, 0.08432982626711089, 0.0006542916634905618, 0.049983330252536325, 0.12045359112083331, 0.02798121848841437], [0.5664860765841586, 0.21262246524875208, 0.05297208929526195, 0.05386402369955603, 0.07558863535810345, 0.038466709814130876], [0.6183044025262863, 0.16387491426198705, 0.04665793539056219, 0.06271105457956898, 0.061512593295063735, 0.04693909994654585], [0.7285260270821009, 0.009411233917938105, 0.02361165370045996, 0.06401583513983888, 0.1272948236797142, 0.047140426479976016], [0.4606076438840471, 0.16715608703453969, 0.09282305058087384, 0.02380312602229898, 0.24230274997683177, 0.01330734250141603], [0.49491132444662456, 0.19125004248109884, 0.008355146192325157, 0.0695686185734373, 0.21332026775580598, 0.022594600550719286], [0.13639344697101932, 0.3475602032856965, 0.035970836498068495, 4.449326495177535e-09, 0.22324974554972551, 0.2568257632461664], [0.6230354295211752, 0.14012551629457673, 0.06657574605293876, 0.05354427252624594, 0.04701213618981907, 0.06970689941524458], [0.5372453147626144, 0.12689038015723714, 0.08579184363233382, 0.018741101771340238, 0.20259786554977557, 0.0287334941267158], [0.6639850786006032, 0.08339225055498081, 0.12109433191380027, 0.054435601705931334, 0.02033328787024561, 0.05675944935439928]], [[0.4605089735416352, 0.11819113157831015, 0.030646237495951526, 0.13226335140678527, 0.08983049055349675, 0.1685598154238304], [0.7290369127066925, 0.0010544816631894813, 0.04067785997550453, 0.040479049346086836, 0.10747139147563194, 0.08128030483289113], [0.43940190502367976, 0.21963094941252487, 0.025436383540456017, 0.03716148601086623, 0.14831378262080183, 0.13005549339166284], [0.6092678389698802, 0.06011070945156327, 0.061141587647363556, 0.1889505865952407, 0.03678929492449028, 0.043739982411478154], [0.5417492600213134, 0.2757799812611257, 0.04502262948475054, 0.04130453064458263, 0.052842752083268586, 0.043300846504977], [0.33131989107579496, 0.24480576306321744, 0.05946645934408646, 0.08049030902752162, 0.1339343816787853, 0.14998319581059338], [0.2755334791514157, 0.28245261511016145, 0.029266406126239024, 0.17501379917606485, 0.09238315885077196, 0.14535054158534794], [0.5101215094714147, 0.1532935129793672, 0.02229285810107275, 0.13052435619226185, 0.11525624612378703, 0.06851151713208316], [0.6487426439525873, 0.1818847189140801, 0.020645060612749046, 0.08927935227982442, 0.023111890469304317, 0.03633633377144121], [0.5226799059660733, 0.09190456505987042, 0.12599149360064332, 0.07939281560089663, 0.0839393699249101, 0.09609184984757572], [0.25071267122347196, 0.13021455429674922, 0.14545438904932792, 0.08951357508611928, 0.2678739462080398, 0.11623086413629186], [0.4235552452342009, 0.1328822676114993, 0.12249170270707477, 0.10478743904682412, 0.15359413096454377, 0.06268921443586417], [0.3167913122029191, 0.2134484764588103, 0.09514423493087806, 0.16910079362335026, 0.1567326596708011, 0.04878252311324092], [0.5678038666234435, 0.13894966907648698, 0.07352687066988944, 0.09047613254889608, 0.010296401360116858, 0.11894705972116822], [0.6071982510967366, 0.0551355817871186, 0.07999652572002142, 0.03095745482743779, 0.13942087302012898, 0.08729131354856055], [0.48737940556390336, 0.11750384873620753, 0.000513666238228682, 0.10666962213396851, 0.21958944357769228, 0.06834401374999768], [0.4460913349532572, 0.15963157818710175, 0.04980851421532372, 0.07743999984353066, 0.09340771003104126, 0.17362086276974795], [0.2241667766670255, 0.25801968457648566, 0.026276164164229884, 0.1745790848384264, 0.2768962405666628, 0.040062049187171656], [0.488349659135148, 0.23435028912847283, 0.0195238078326082, 0.051320099227515174, 0.07801672002437876, 0.128439424651885], [0.6162865826744768, 0.023413659671329135, 0.09468924704806005, 0.07511029668466745, 0.07701971270557532, 0.11348050121589591], [0.689933303816992, 0.08232393226061441, 0.055756793900050186, 0.08848617688902137, 0.03668395763307906, 0.04681583550027275], [0.547299803473141, 0.08651931498147772, 0.052574004893366, 0.11665498938896905, 0.11978345514474874, 0.07716843211830973], [0.29014691170111423, 0.31874622672978753, 0.0516505845756088, 0.180100044289652, 0.09123793191762701, 0.06811830078620965], [0.6110212306172935, 0.07556329338622579, 0.08387894141597234, 2.8674667211994718e-08, 0.13141414069532145, 0.09812236521052758], [0.5603473552008531, 0.2944515562012931, 0.009868364940616919, 0.06508511664251182, 0.029815650029107136, 0.04043195698562006], [0.2023984335043915, 0.3196132116162892, 0.08873630687315943, 0.16058536944656537, 0.1341604759080876, 0.09450620265150783], [0.35882979154876293, 0.24139844579353953, 0.10840045747572516, 0.11288895083333061, 0.10929549935679786, 0.06918685499184508], [0.48910565490316726, 0.15014329270494092, 0.05432304003662047, 0.15035181443659051, 0.09046091358510366, 0.06561528433357827], [0.5792379067560508, 0.15776955722894884, 0.04068628573605947, 0.1090973057108755, 0.034511330092985834, 0.07869761447509335], [0.7193996123546711, 0.15084477957210718, 0.028001074674379737, 0.026985984237714918, 0.05104190724152694, 0.02372664192035296]], [[0.5927523646912081, 0.12444777909767744, 0.06962836561925127, 0.015079006659119189, 0.12715193048349355, 0.07094055344924015], [0.503458128075542, 0.1459233500561509, 0.10124953778213981, 0.0805061165647302, 0.11818355878128259, 0.0506793087401491], [0.506396028038986, 0.14999260937640851, 0.04272642775484945, 0.013811984514779501, 0.1674443060221499, 0.1196286442928375], [0.5676726378578544, 0.1331044749456826, 0.039853822838340075, 0.0922388185301128, 0.09640393208770097, 0.07072631374038205], [0.521828426339065, 0.1867154994704969, 0.053566560358950334, 0.07490847374172377, 0.06471231388679355, 0.09826872620299605], [0.6152523061417258, 0.1744983964621651, 0.028745029005610084, 0.05699578132959433, 0.10709192167586348, 0.017416565384965266], [0.6678612200604077, 0.11208025217694065, 0.016698710211428776, 0.13737870039906092, 0.01004235876853222, 0.05593875838358932], [0.6783385764218163, 0.05933847738584406, 0.005771205688215154, 0.11354536481413544, 0.07047861234686442, 0.07252776334308687], [0.6197299306218159, 0.09618851712250555, 0.033401865157823965, 0.04692738955526595, 0.11534939979744796, 0.08840289774515096], [0.5652191202290363, 0.15582562581304618, 0.0641643252866518, 0.049711709388833056, 0.0650441699056612, 0.10003504937678742], [0.5305997509844278, 0.15192536896191355, 0.08039673297038766, 0.06951741917557591, 0.10622499318504243, 0.06133573472265388], [0.5953679199065064, 0.10620775680052653, 0.03025297433898999, 0.027810399858607966, 0.09555114235452171, 0.1448098067408985], [0.5510221379717496, 0.15661606781262302, 0.04409988851107713, 0.045279921503871313, 0.08871577233521656, 0.11426621186545682], [0.5088864329138175, 0.25215148377466207, 0.0066045058589463005, 0.0887987548895155, 0.08093334921611495, 0.06262547334693698], [0.6053430522651639, 0.13681146325284232, 0.024191244609697776, 0.03292048109336785, 0.10806009297794573, 0.09267366580097336], [0.5996215587224328, 0.1381240698733231, 0.0448676536020949, 0.06961982304853713, 0.10692667766090479, 0.04084021709273879], [0.7743039443387898, 0.06286854634132855, 0.011961168246292283, 0.01242464162738219, 0.06584855366195148, 0.07259314578519313], [0.6638974350406541, 0.1373049544141278, 0.027126699220427593, 0.06932722122383295, 0.03411899890967182, 0.0682246911909841], [0.6258645240645341, 0.08604629839621737, 4.622983195688188e-09, 0.08134102447320125, 0.13298125294333465, 0.07376689549972652], [0.6164649905590479, 0.09706033591169955, 0.05316163048496149, 0.06424101449099963, 0.1608061876261615, 0.008265840927110003], [0.6880988631340664, 0.02540149115244861, 0.09420404248383916, 0.00936954212023427, 0.10125053428829205, 0.0816755268211288], [0.5956292801530562, 0.11939368728986378, 0.01290172517289225, 0.07917928143450563, 0.020197776861680936, 0.17269824908800277], [0.5756189614985768, 0.14029380397395325, 0.05210138620941689, 0.10288301163810029, 0.0666132098051117, 0.06248962687485218], [0.5405756126320316, 0.11161591980464974, 0.056457916008997994, 0.04140491384472214, 0.12091015360632587, 0.12903548410328158], [0.4870225706970238, 0.15256459452715712, 0.013796909909561048, 0.13405973736720286, 0.11709719100762302, 0.09545899649143037], [0.663036837588773, 0.17079741352749347, 0.035678104332315094, 0.05331482904583108, 0.07055480897457457, 0.006618006531035293], [0.46130254009971033, 0.14992521045309395, 0.07818132577093453, 0.07426453884149699, 0.16470725731902464, 0.07161912751574318], [0.48159851793282227, 0.18795341476111047, 0.07360431999330985, 0.08367674059760821, 0.09071623077658005, 0.0824507759385687], [0.6128185568555486, 0.12324554411221628, 0.04397383429288116, 0.04174128481001739, 0.08811704803477527, 0.09010373189455992], [0.6241566298531817, 0.24933798451085515, 0.034637353458941054, 0.018146291320449977, 0.04930520786193272, 0.02441653299463775]], [[0.6028029778415533, 0.09285272660398157, 0.08726531083977047, 0.08960211173581803, 0.06982013257814693, 0.057656740400729524], [0.6114685584596634, 0.17776462734229462, 0.031137058773705036, 0.05431605536486959, 0.046755805091683485, 0.07855789496774278], [0.5025153053536954, 0.1445984209346583, 0.07674131424971709, 0.050667573042156834, 0.07856324167001383, 0.14691414474975795], [0.6116669903287705, 0.11049184830882533, 0.061491970634801225, 0.07602776687844255, 0.07785653606219571, 0.0624648877869119], [0.6319907877949079, 0.12164720902600316, 0.021951256485451376, 0.07239886860127434, 0.09201152539131065, 0.06000035270106849], [0.6306328049439791, 0.14191547479262764, 0.038924561377238306, 0.06124096608165916, 0.06821129584787551, 0.059074896956665235], [0.5677390489152186, 0.161922252354891, 0.05865592385304751, 0.0713793737066922, 0.020267298877404846, 0.12003610229274737], [0.6383455311477175, 0.13366485235962391, 0.03889003523502136, 0.07978716795759784, 0.08167955308540568, 0.027632860214744485], [0.5382181935583222, 0.153858600843728, 0.058187785004600825, 0.11318367420825534, 0.09622314321921623, 0.04032860316587984], [0.5723608864866795, 0.06981199198093582, 0.06549518145639961, 0.10881928990048546, 0.13940722062375996, 0.04410542955180143], [0.6870647212222232, 0.14728639212857894, 0.07698655842196815, 0.03324189338090284, 0.04073875946311423, 0.014681675383072832], [0.7107889072331866, 0.020011281429103803, 0.07248893229029997, 0.037740510255043574, 0.08823798144178334, 0.07073238735055415], [0.7172782085721919, 0.09635518001431012, 0.05468678949125433, 0.07631243979053758, 0.027082794165821194, 0.02828458796585079], [0.5673385279653678, 0.22128004414791916, 0.055113144213607454, 0.06435735070374331, 0.04708987123014473, 0.044821061739213575], [0.6021380917394397, 0.1269568606649223, 0.04038891533229791, 0.08384387996904555, 0.08340982049044982, 0.06326243180384536], [0.663874402249295, 0.1571250797913167, 0.03029186634591113, 0.06468509741649074, 0.054517139264712564, 0.02950641493223006], [0.6564684442328019, 0.11069896511005922, 0.0328718837623985, 0.02377353213347923, 0.10698982200484956, 0.06919735275645736], [0.637486425522392, 0.11055665136491703, 0.05218763998010946, 0.018500777860586674, 0.07195165879829235, 0.10931684647374931], [0.5831572290465408, 0.14187714348022565, 0.03856185277266881, 0.08687138010537218, 0.10023957082919614, 0.049292823766026284], [0.6412834603643599, 0.13581330063160652, 0.019560290647678256, 0.06863889138678309, 0.09522596580791176, 0.03947809116186067], [0.33178081539423815, 0.18973691722308508, 0.09499529746014734, 0.1832110738115035, 0.06841507540549759, 0.13186082070552987], [0.6464468857216984, 0.1311133676915231, 0.047111314846199334, 0.0608217548800599, 0.04894862473758275, 0.0655580521228058], [0.6836311348663874, 0.10564944019484669, 0.014226032339748444, 0.042595481216987675, 0.09011192364798093, 0.06378598773367204], [0.5475820602662169, 0.2095321801242967, 0.04672700075980298, 0.07190522339188919, 0.07498430185831637, 0.04926923359948018], [0.42921299243988364, 0.29710424164574684, 0.055827838797858007, 0.11736377321005069, 0.047974377938240734, 0.05251677596821046], [0.5374584359824466, 0.19231390740896206, 0.04573140407052143, 0.10800289436324653, 0.05327914654558807, 0.06321421162923654], [0.5789042122903881, 0.12749121365983376, 0.051566285070198475, 0.04134436378401621, 0.1245872480964932, 0.07610667709908565], [0.5056833995823042, 0.186212175941185, 0.02773935964087376, 0.07587749273893253, 0.12302369575897397, 0.08146387633774621], [0.4942170854788238, 0.19462353738194374, 0.0732149754703402, 0.11603676954306709, 0.06069844684863394, 0.06120918527718467], [0.646237766619199, 0.13525266858145563, 0.06120107990933567, 0.04230072186528075, 0.060066904782916354, 0.05494085824176929]], [[0.5845697316298858, 0.11450414275419814, 0.05676610853033818, 0.10172512553290006, 0.09067002901317427, 0.05176486253950102], [0.621606124595806, 0.16514164805252696, 0.042507230594599044, 0.02910722940585338, 0.07867392147461698, 0.06296384587680906], [0.6488681434730957, 0.07997683300836893, 0.032345078280176014, 0.09818658610839887, 0.08069182384106852, 0.05993153528881583], [0.5865651379477438, 0.15558124158839445, 0.041400304418494356, 0.05433071835748122, 0.06806327112906345, 0.0940593265588252], [0.6376712980415585, 0.13344213660415846, 0.059759283932640725, 0.059874548552284704, 0.028377533570716006, 0.08087519929867187], [0.6785275018611181, 0.11532228016211771, 0.03001655067805144, 0.06476896807821389, 0.03591441212334955, 0.07545028709723278], [0.5524519694460893, 0.12114026180124082, 0.08211066711277044, 0.07811470244026329, 0.10381302135349567, 0.06236937784611153], [0.6195488901753289, 0.16584046858886037, 0.06475025807842592, 0.047450262101375096, 0.04242931029359118, 0.05998081076236326], [0.5279981134594219, 0.15125021807282485, 0.051671843525286934, 0.08764350191874663, 0.11412181032714741, 0.06731451269657164], [0.5660748704949171, 0.15422686380925962, 0.05273864325212713, 0.06813953701920754, 0.09456630618906679, 0.0642537792354312], [0.680808746723729, 0.08258712602608675, 0.012036781585394963, 0.10993275369656375, 0.061342624059777674, 0.0532919679084601], [0.5815410346632559, 0.1607349630126599, 0.031075374952224098, 0.09902880770978777, 0.08170605526419826, 0.04591376439790543], [0.5612641310305396, 0.13262312915480415, 0.049799512145626265, 0.08542739373399198, 0.054671965683498046, 0.11621386825151374], [0.6801299461497244, 0.1221888203941712, 0.03579021667113799, 0.06003536226744607, 0.03699955868917781, 0.06485609582821415], [0.7079951276122749, 0.06374232602704483, 0.04038900257633584, 0.0611139867837898, 0.08951977385910521, 0.03723978314158891], [0.6518417400406472, 0.1418340287879043, 0.03554099336448816, 0.05647057402683552, 0.04870432729278182, 0.06560833648729374], [0.578079292378475, 0.14804738978602386, 0.04906420570314495, 0.07789993259633393, 0.09614552518579338, 0.050763654350242535], [0.6364621004787597, 0.10803001664782803, 0.007865492511148882, 0.09828079695877724, 0.08990116560832133, 0.05946042779517132], [0.7202826617785156, 0.0576465367228684, 0.05073555689684569, 0.10272793013813573, 0.053923454546313344, 0.01468385991736237], [0.6358717478507947, 0.16353638222714664, 0.03268737475125583, 0.07069016603330842, 0.0786802701537473, 0.01853405898365948], [0.5985919640971465, 0.11713590689363981, 0.07675266827690977, 0.03158488007711273, 0.09334693132319735, 0.08258764933203465], [0.6367997473052698, 0.1419923380392122, 0.06713085661178204, 0.020393462867517132, 0.04776765884617878, 0.08591593633006282], [0.6947075268013381, 0.11071610580946917, 0.03351145580554339, 0.08802981890115108, 0.030329319971806715, 0.0427057727105925], [0.645740868944685, 0.11907203295357616, 0.03572238660161877, 0.06914164613190261, 0.06419991979072856, 0.06612314557743641], [0.6290571728524511, 0.12566199353831772, 0.04552813623742587, 0.06354572883426902, 0.08633171647917011, 0.04987525205843462], [0.4993486683006625, 0.17226886614129527, 0.0637125716907665, 0.07025663976178352, 0.09911148720699668, 0.09530176689849672], [0.5906815574128039, 0.19551634662425824, 0.016163856788365853, 0.04331354771334933, 0.08332489765488658, 0.07099979380635908], [0.6195930097237328, 0.15778330771254861, 0.03090112649363611, 0.05041522888264193, 0.07377080679330286, 0.06753652039412475], [0.6265778877382724, 0.11690623456715717, 0.04683604589105677, 0.06004577476133272, 0.08926222062466774, 0.06037183641739825], [0.5805493002945911, 0.1780798466975911, 0.02229893159137711, 0.07818768925934805, 0.05419965414831674, 0.08668457800877154]], [[0.6004838912688791, 0.1349977051901746, 0.04350052541969513, 0.08158475074092998, 0.0713503228471246, 0.06808280453322964], [0.643208306276428, 0.16196711672588956, 0.028185176648130562, 0.04277361482246061, 0.05210257981210593, 0.07176320571493229], [0.5489587098559381, 0.20790277974483481, 0.06004094694719875, 0.04838219486920635, 0.08577792049873056, 0.048937448084096606], [0.6819120616825523, 0.09059728770429169, 0.053622538780270304, 0.060782590546571084, 0.05048139786465031, 0.0626041234225872], [0.627492329692579, 0.07036289397320677, 0.03841695206118076, 0.056968606487599334, 0.11104661986886331, 0.09571259791650044], [0.5265177796375273, 0.1520383791071261, 0.07335475937474319, 0.07513425360989592, 0.10516402540455128, 0.06779080286616193], [0.6327190794846503, 0.062243757082250134, 0.04323647093610992, 0.08155845255688272, 0.12751356983489412, 0.05272867010525055], [0.5768212105891012, 0.15355607601041107, 0.046859873227758905, 0.06112028455690042, 0.06789810131876033, 0.0937444542970474], [0.6161477961339836, 0.14490792464144756, 0.05882540079680992, 0.04632484751678605, 0.07104231062868122, 0.06275172028228142], [0.6922798387984425, 0.084569908628689, 0.03481085671663916, 0.07206403368796592, 0.061473410122222676, 0.05480195204593045], [0.6041082101281929, 0.07556816845215183, 0.037830446276691826, 0.0977219501844168, 0.10539139439481497, 0.07937983056374243], [0.6162984432116542, 0.1294560350288905, 0.04495469236483918, 0.09018990615453613, 0.0750331467554514, 0.04406777648455], [0.5862237140125546, 0.11981298688755997, 0.0241181910419897, 0.0626605287618022, 0.10121001655127555, 0.10597456274480128], [0.6666954784460091, 0.12075700314949951, 0.025744729792738417, 0.0490341196950378, 0.06867303553473429, 0.06909563338194952], [0.6776622118186851, 0.16885678502669496, 0.047996810962844, 0.048473934886796854, 0.027779038923192674, 0.029231218381761834], [0.5991989389498399, 0.10713181278046213, 0.03365556622089529, 0.09116407537411716, 0.07124595143013855, 0.09760365524454302], [0.6109438273654143, 0.12124361338853543, 0.04076636983029925, 0.054956703818734014, 0.11337915357560212, 0.05871033202146901], [0.6595072001688049, 0.15935503049444752, 0.030670455591928138, 0.038756625721543765, 0.05397899072901883, 0.0577316972942698], [0.5976693033056258, 0.15902805357763378, 0.06255985197936176, 0.021927437070462394, 0.06629276333853318, 0.09252259072838218], [0.5666701477215218, 0.15149894232170236, 0.05538079163117952, 0.08028062496639937, 0.08627748680763767, 0.05989200655155288], [0.6204398406243927, 0.12394605678542861, 0.053576375738017386, 0.07009312540937443, 0.04920535117361796, 0.0827392502692179], [0.5647652561811284, 0.11324299696416411, 0.03574643756533273, 0.08601525144090799, 0.10820517664332185, 0.09202488120512935], [0.6493571140474691, 0.119563423668961, 0.031729119054399124, 0.04196760695657229, 0.10316297749795683, 0.054219758774593944], [0.6330635432970774, 0.12610681959479822, 0.051927581351231294, 0.057474182554703684, 0.08301284692098694, 0.048415026280983035], [0.6213878010165579, 0.1699632564046708, 0.02725336292868899, 0.010529069486779237, 0.09353499128192362, 0.07733151888124805], [0.7005908503410823, 0.041847351543728185, 0.03338137664866766, 0.08446217686346881, 0.0719970739351666, 0.06772117066775357], [0.6215663593732258, 0.1481967116658125, 0.032360339864632215, 0.05691573426633151, 0.08663510095535738, 0.054325753874557], [0.5843503240048095, 0.10149477272296288, 0.070436485705028, 0.10489198785431765, 0.0994781379383814, 0.03934829177453958], [0.6061234399325942, 0.12578271249476047, 0.037284636318067034, 0.08541510249595492, 0.07399303660495153, 0.07140107215374102], [0.5031598409851484, 0.16007405512211526, 0.06153278589716827, 0.07805233246833063, 0.10964703609115321, 0.08753394943608526]], [[0.6386080101532107, 0.13417546927670487, 0.04604872001740529, 0.07363036637712211, 0.07394994473511692, 0.033587489440462824], [0.6765504841875384, 0.10450335725960296, 0.03622560658248106, 0.060009223857873314, 0.05806987648718132, 0.06464145162492468], [0.6157604697755558, 0.15500828116444745, 0.05001517587067076, 0.026030837428524956, 0.09407268594162628, 0.05911254981915953], [0.6164065418285143, 0.12370979081024007, 0.04273716163056577, 0.07067860571056903, 0.06258212826216293, 0.08388577175790227], [0.5451630787393008, 0.20479320435535964, 0.031390462417419634, 0.059476341516714715, 0.07937781962524816, 0.07979909334594251], [0.6356113593380579, 0.13637706386948073, 0.05717796304609246, 0.049624483422412574, 0.050753447625582176, 0.07045568269829487], [0.6383995803207556, 0.15829071335307995, 0.03332642673922632, 0.05841554686279826, 0.05737866563382972, 0.05418906709029938], [0.6144656606378012, 0.11715962956415132, 0.032180272649376424, 0.07839893102477274, 0.10208332402127268, 0.055712182102796964], [0.6296799608725251, 0.09686897877079709, 0.04359349285713199, 0.0752286666153767, 0.06087135304946813, 0.09375754783460652], [0.5896908647240621, 0.17628873453776595, 0.036245436928450135, 0.05519118684916128, 0.0730300455690247, 0.06955373139150735], [0.5907175991573401, 0.15231066302223237, 0.05348587329958117, 0.04664446161714707, 0.10444461757041895, 0.05239678533331417], [0.6854085768612475, 0.10406999028063053, 0.015423795946149529, 0.020893213199095286, 0.09219082301058576, 0.08201360070226124], [0.6551577724934435, 0.13739158329557205, 0.0251265919357136, 0.06287367628106685, 0.06307061119348484, 0.05637976480062171], [0.6261530151261436, 0.14282405441001284, 0.037546811898972805, 0.08176042633148171, 0.05908237735538028, 0.05263331487808376], [0.6533991660264709, 0.10458405903266077, 0.0567150278369055, 0.06361751564607036, 0.06897386469623853, 0.052710366761430295], [0.7335773329454782, 0.07741110599544608, 0.0326309123470596, 0.07990236606855185, 0.06728497507538292, 0.009193307568020292], [0.5894168585892086, 0.1713050872793506, 0.051908906389393446, 0.07047862572990449, 0.07752806002493898, 0.03936246198741921], [0.6357560297317076, 0.13102238975726982, 0.03560111083731941, 0.048480190324379335, 0.07995932580499893, 0.0691809535442803], [0.5807156169633746, 0.14407410883790495, 0.0407317832602654, 0.09335655605124482, 0.05134814312840076, 0.08977379175880562], [0.6405185069984831, 0.13157727142876216, 0.052471450549940034, 0.06724752172089324, 0.043234673193913116, 0.06495057610799392], [0.5678816008391703, 0.19008820369692195, 0.011289659611140562, 0.07454311302698415, 0.06267451107889878, 0.09352291174687527], [0.7145001814683523, 0.08633909050999602, 0.054770399886385886, 0.05814697360264373, 0.060445679819881026, 0.025797674712591125], [0.6425233281067791, 0.1487209535969469, 0.03585738636712189, 0.0720128823327399, 0.061788175771622225, 0.03909727382485031], [0.5935038581842131, 0.14819759958920783, 0.051527513384307416, 0.04681124556919998, 0.09672886582335592, 0.06323091744972092], [0.6186963948874193, 0.1570386524711709, 0.04499291673641792, 0.054034943972594285, 0.0661136864141592, 0.05912340551824782], [0.6909271732463318, 0.06235561128934836, 0.020665547080225083, 0.05726916920056467, 0.09209725246391756, 0.07668524671959419], [0.634479596348715, 0.14102375739189368, 0.04037550014445057, 0.07026583453559768, 0.07921134456384768, 0.03464396701551144], [0.6481764204729302, 0.13148230034921923, 0.053454458204692024, 0.0406666667706466, 0.08029828854853334, 0.04592186565379779], [0.640272893826533, 0.1264315238633235, 0.03681899219753706, 0.0535830103388539, 0.0894917152731732, 0.05340186450060376], [0.6433684708902819, 0.11132231123737611, 0.06227245731711363, 0.07836551955220158, 0.061889694892728955, 0.04278154611030645]]], "bagging_alg3_list": [[[[[0.6069347841235664, 0.03293932997501243, 0.10060542695059498, 0.05217162149742384, 0.08288572477172157, 0.12446311268168678], [0.6450090046521059, 0.16308798896805576, 0.08187299892697318, 0.05313174169220207, 0.050487580859723685, 0.006410684900943714], [0.54079659017512, 0.187268073337711, 0.013678727893588252, 0.070156013150829, 0.18455661952568775, 0.0035439759170801757], [0.6047527664016626, 0.08791752878343927, 0.017576127006971497, 1.591427902936096e-09, 0.15606716563242418, 0.1336864105840698], [0.6139994620171177, 0.25524472867127135, 0.03435940444996247, 0.09639639983385732, 4.0405410421787605e-09, 9.87224945380657e-10], [0.6721140571040491, 0.10633639574772012, 0.0172605701212217, 0.09103289253093613, 0.11325600991352987, 7.458253537195454e-08], [0.5871891589867808, 0.13028303086972276, 0.01334263152467689, 0.06333881400938647, 0.10545675192494086, 0.10038961268448848], [0.6255001027416686, 0.10541797449568945, 0.015690290399184962, 0.09190423969769439, 0.10822975891974937, 0.05325763374601413], [0.6243352703044437, 0.21744728221815465, 2.3459125801523523e-09, 0.08475796058105203, 0.07345948196603308, 2.584416605980207e-09], [0.777267690545147, 0.15225024783665228, 0.008675627601498254, 0.027749300104294057, 6.9730896612636e-11, 0.034057133842695264], [0.6826096360362778, 0.074074272765959, 0.04745171015496554, 3.995052911099923e-08, 1.1109001695654635e-10, 0.1958643409811715], [0.5227225243259548, 0.07658025309373735, 0.11643403328870768, 0.15965554212404648, 0.1246076446953797, 2.4721738752469483e-09], [0.32507657503291054, 0.20629085988202572, 0.18826136161907203, 0.08632596848860807, 0.11221178862033701, 0.0818334463570485], [0.47402093596568895, 0.19436178330124507, 0.12299282044130204, 0.07102326414201417, 0.07202369508796827, 0.0655775010617821], [0.5809996356180058, 0.17564032347003994, 0.05229387847313339, 0.08573740350139783, 0.1053287470050954, 1.1932321742253781e-08], [0.6813356438772056, 0.14882689175362346, 0.03472419352650295, 0.06328097222646867, 4.5842149142497664e-12, 0.07183229861198728], [0.5055972728670792, 0.15749555709518614, 0.005187838471122777, 0.10083686269373071, 0.16353035267398278, 0.0673521161988963], [0.5504653479952842, 0.20179661555707826, 0.05795088207986788, 0.07518613502901143, 0.08175050380931086, 0.03285051552944576], [0.8158506109636909, 0.05127063316809415, 1.5278903487290304e-11, 0.0427460339262682, 0.006474036590935865, 0.08365868533674026], [0.6714032227108983, 0.2280018110843357, 2.3503327815913347e-09, 9.148302745696908e-11, 0.03970168922411159, 0.06089327453880839], [0.8121409321831007, 0.04353763163025983, 1.7425248873121472e-10, 0.10610067284875419, 0.038220763029775916, 1.4179728455623993e-10], [0.5662374667794534, 0.18664231538568313, 0.019771375679856967, 0.04782220800323708, 0.03517112081121514, 0.14435551334056396], [0.46991816208089565, 0.01601087512243169, 5.459784499457836e-10, 0.1644135522184383, 0.12268816787645256, 0.22696924215579903], [0.6016141216407457, 0.08679688728882771, 0.10045058113880422, 0.19578411644858695, 0.006405189098734907, 0.008949104384281458], [0.7100343184603833, 0.1384757324748805, 0.07364787969052108, 1.0265131356417403e-10, 4.951556587857556e-08, 0.07784201975594679], [0.34449346792638036, 0.22879554687465029, 0.053076720927918944, 0.04688165211673451, 0.2664841173877206, 0.06026849476659441], [0.7065844579175831, 0.0709349110093819, 0.009160449552410332, 0.10757579837045295, 0.07232980313119815, 0.033414580018904017], [0.5541268910913917, 0.10970477375170752, 0.16232862800703104, 0.08824958129066746, 0.014318446008830655, 0.07127167985036943], [0.5131907104656962, 0.27903427794267177, 1.599364908093026e-10, 0.06499508683007293, 0.009558389145384986, 0.13322153545625193], [0.6107463507206151, 0.15539332511851556, 0.03900585589875929, 0.04676653114333313, 2.543877664821235e-10, 0.1480879368643761]], [[0.8207600453513042, 0.02115601381692995, 1.3860896921017516e-10, 0.023847785508300544, 0.07454482431129038, 0.059691330870315], [0.7033410286329794, 0.1611736070651227, 0.08210754498740461, 0.047911834283531664, 0.005465980293392173, 4.737611266668072e-09], [0.5603981539983733, 0.2042483178001192, 0.05761809501834957, 2.925648811678736e-08, 0.04450740352890864, 0.13322800039775268], [0.7915359198366232, 0.0383613222265733, 0.09687391307905757, 0.03612421624480957, 2.0981349438707046e-09, 0.037104626514726326], [0.6123979329462217, 0.1870681978220598, 0.05615302155915303, 1.2629778919426487e-07, 0.07702758603966045, 0.06735313533512323], [0.7936457962388068, 0.12362765323543949, 0.04424800646583649, 0.011676156111485139, 0.026802387490184043, 4.5822862172662055e-10], [0.43494750023186285, 0.11198841691778336, 0.054293187406050825, 0.13812984596656092, 0.14379097370974203, 0.11685007576799944], [0.45227176587082984, 0.147476572397396, 0.06006958854398183, 0.08892158885666974, 0.1952503168894153, 0.056010167441707705], [0.6287241830850515, 0.18915458727155599, 0.07260046073259056, 6.028753317902658e-10, 0.0670565813464972, 0.042464186961418314], [0.6257723645447868, 0.07576492944439751, 0.05988423081959775, 0.11057565225030921, 0.07874757689950061, 0.049255246041420044], [0.7628984656402545, 0.15615485694319559, 0.00968116662848251, 2.7972326889449077e-12, 0.05094718953726416, 0.020318321254709684], [0.5613009251117171, 0.1949214754494166, 1.9105645371863687e-11, 0.18163923396030066, 0.06213834875324998, 1.6706238613792602e-08], [0.6644823712544802, 0.16468087423222277, 0.005781350885149308, 0.03405630048853729, 0.0959266623845481, 0.035072440755030944], [0.5939418139327792, 0.100569058442808, 0.03034118419494817, 0.17303591578087268, 0.08957992634993116, 0.012532101298613962], [0.6406601913741364, 0.1023036098352337, 0.015535555929645905, 0.05499686028843492, 0.016653646606040188, 0.16985013596649948], [0.7463597887835822, 0.05771048567138706, 0.023559016464885386, 0.07525546603061305, 0.04061141723020793, 0.056503825819378406], [0.7783734321219198, 0.15348412995601338, 0.015081783800030144, 1.190062641730759e-07, 1.2984227908777391e-08, 0.05306052213136356], [0.811202302206172, 0.05686362316628205, 0.03296820260523863, 0.005602028325408777, 0.09336384174106802, 1.955946507336014e-09], [0.7135985681239464, 0.086143499157443, 1.9507506968588697e-10, 0.1017750863769872, 0.08856845840814227, 0.009914387738368896], [0.5617852123729289, 7.973369430022144e-08, 0.04865460715133229, 0.12095360348991724, 0.12609858225163997, 0.14250791500049317], [0.8107705299124852, 0.041498719377730586, 6.259696142534759e-13, 0.023609461029021426, 0.08961344429614167, 0.034507845368984075], [0.649813806947291, 0.20569393386620702, 0.015223705307629213, 0.04548260870402857, 0.06022020237013537, 0.02356574280471024], [0.7299149582055144, 0.14627842507116529, 0.02519369836880341, 0.033203570500334754, 1.042340039228117e-12, 0.06540934785360202], [0.8266801053032794, 0.010849059047836427, 0.02503137423646806, 1.8834235197682602e-10, 0.1086948400722393, 0.028744621151842856], [0.7861465503143445, 0.09909734947267751, 4.02446865766904e-09, 9.115090255007983e-10, 0.10129493059053225, 0.013461164686456637], [0.7800344941267359, 0.08157902372180915, 0.005301681656679687, 8.745402611231477e-11, 0.13308480037286596, 3.4558576900277064e-11], [0.5588141546860708, 0.11830262292833377, 0.13420265292165598, 0.004208153698059308, 0.13511447197355883, 0.049357943792319774], [0.8079510047753797, 0.08106558693777678, 0.016743004205774015, 0.04031939651676973, 1.1505563317060508e-10, 0.05392100744939168], [0.636413564845912, 0.10899718845162455, 0.0490488508677761, 0.011781507545671784, 0.18316417861067272, 0.010594709678293289], [0.7920856083178676, 0.12969160775756874, 0.035476386021741906, 0.034513966485404994, 7.927372357858978e-11, 0.008232431336459881]], [[0.7112057118625159, 0.15465315885366676, 9.105991028577856e-10, 1.5151650787910888e-10, 0.05787363690245608, 0.07626749131918359], [0.8109877620021112, 0.07400904784360525, 0.0371125026873093, 0.03633448735530096, 0.037619637727909, 0.003936562383726273], [0.7644383318493123, 0.0832440359712316, 6.863278632020003e-10, 2.0463110260912076e-10, 0.1039515734263611, 0.048366057862818015], [0.7300302282742381, 0.15135697583932117, 0.018136510583958366, 0.05821075827968501, 0.010275054983225758, 0.031990472039354116], [0.7480625217967569, 0.1387691133976206, 0.034534346909647656, 0.03905943058115874, 2.0984125276908504e-12, 0.03957458731346049], [0.7221783761190356, 0.13301699750950693, 3.773073080842959e-10, 0.007831666353820115, 0.05690374970443762, 0.0800692099359581], [0.7510475669872637, 0.10782091930469619, 0.016387808365489913, 5.8124619227809204e-11, 0.04301576445037532, 0.08172794083409886], [0.7255737577889911, 0.060680053202882195, 1.5081196438752217e-10, 0.054856549287469816, 0.0731913712180916, 0.08569826835162563], [0.6109755258910574, 0.11590280091188417, 3.010094944049538e-09, 0.09886359342764722, 0.05842302104109018, 0.11583505571808406], [0.5208300235628848, 0.19492171666395483, 0.0969022134317827, 0.02619130471935406, 0.07113363689514539, 0.09002110472687862], [0.4511630173909917, 0.175812481347059, 0.06373065468523077, 0.11806647066448969, 0.1592655980606886, 0.03196177785153917], [0.6988261468343591, 0.050272087807994956, 0.04067602322587229, 0.07731686553181842, 0.07804654887858113, 0.054862327721365074], [0.48781758535469705, 0.16448008589000584, 0.03167708793757221, 0.12729761436740034, 0.08185686185