{"SAA_list": [[[0.0664483997369955, 0.08485318159050469, 0.16905646329427199, 0.17939880295922273, 0.24391652797634125, 0.25632662444282905], [0.06483569405156574, 0.08135080806243096, 0.16949801187052702, 0.1774206265464985, 0.24650072669690976, 0.26039413277221984], [0.044372566016239456, 0.07450930550142272, 0.17275977882215815, 0.14997770008056324, 0.290570412073304, 0.26781023750571104], [0.06558481563626367, 0.08258583167096974, 0.17113317301472583, 0.17422561686985266, 0.25282958487317025, 0.25364097793508333], [0.05724886784497153, 0.06947493196866614, 0.16845789328206867, 0.1430139064353027, 0.30428063539482664, 0.257523765073959], [0.05872151148537829, 0.08347511818542885, 0.17701827264221665, 0.16551174412965547, 0.2679134244071793, 0.24735992914976404], [0.07429821710401888, 0.08353090863233024, 0.17000148544637486, 0.17199484460174544, 0.25870836922129586, 0.24146617499426937], [0.011323098362126553, 0.03994372212491001, 0.17870589727180589, 0.11846125109495698, 0.334227175954176, 0.31733885519198046], [0.0648439972901398, 0.07988703176465108, 0.16779120735314743, 0.1650376174859581, 0.2682605434078084, 0.25417960269779677], [0.06771120962343498, 0.08936306393768276, 0.16615236204798503, 0.17321023004162792, 0.2558376799630354, 0.24772545438619706], [0.06038622491230747, 0.08277560662915275, 0.1754443374021034, 0.17017065212474755, 0.2595707744691359, 0.25165240446251746], [0.06746361798271755, 0.0798375456193373, 0.17679100146311022, 0.1762272061018763, 0.24975290118877363, 0.24992772764430773], [0.07009552992016173, 0.08266624623479422, 0.16503885006471292, 0.17726041897680095, 0.24762099664889453, 0.2573179581547018], [0.05935548975327685, 0.080436192910735, 0.16144294599563766, 0.155513311436038, 0.28358622731785194, 0.25966583258646975], [0.06856417166499044, 0.08083764447587015, 0.1765613542200214, 0.1930676059074187, 0.21989991787065316, 0.2610693058610042], [0.06957203485112771, 0.08639437742407984, 0.1723294744749147, 0.17616534017248417, 0.2510622176320614, 0.24447655544522132], [0.05943052484301481, 0.08727722250718399, 0.16676705161709457, 0.1740235996504998, 0.25231189683050936, 0.26018970455189355], [0.03643169100146169, 0.06473587385174363, 0.16878241501734212, 0.13493837935258438, 0.31355205433257444, 0.2815595864441178], [0.07043314592511646, 0.09479495448553009, 0.1622270769424978, 0.16164871263492067, 0.27777562491750196, 0.23312048509448605], [0.0558689660559859, 0.07747128327322673, 0.17413841660046941, 0.1662475352895417, 0.2644852219826245, 0.2617885767980598]], [[0.05118640677313074, 0.07412976724220344, 0.1798566915876952, 0.17259069396047183, 0.25213054376664484, 0.2701058966700045], [0.05363314798657284, 0.07677277036378405, 0.17514760196038437, 0.1701432466819379, 0.2570021251120297, 0.26730110789559564], [0.04865953300850623, 0.07432580185489315, 0.16970026964986065, 0.15516642959024968, 0.2817502185681427, 0.2703977473282581], [0.06628655998323353, 0.0817361484313133, 0.17320010880252013, 0.1763493420977616, 0.2492375483285606, 0.25319029235703777], [0.03573813309028785, 0.06002015659223015, 0.17748897609922137, 0.15132348547853877, 0.28407346149732843, 0.29135578724221173], [0.05708916788267353, 0.07871461470995447, 0.1741888356548156, 0.16303583922402395, 0.2707582079694895, 0.2562133345592536], [0.05580163517480523, 0.07210380898584821, 0.17041637544960397, 0.1625873908767095, 0.26956086459540335, 0.2695299249172274], [0.049036741638761726, 0.07355321659067018, 0.17090256376158197, 0.15128469036456155, 0.28879200267130345, 0.2664307849737436], [0.033650261901644614, 0.05751474203368523, 0.174961395093651, 0.13624903370943306, 0.30993054575081475, 0.2876940215115191], [0.04870848828339446, 0.07275252206580098, 0.17347410760964233, 0.1514138218212761, 0.2886366140501255, 0.26501444616965336], [0.05323508884088088, 0.0764447093021345, 0.16880169828539016, 0.16009524648135412, 0.2741604533014221, 0.2672628037887792], [0.0637166432465663, 0.08370731037521037, 0.16681959914733124, 0.17116182670225613, 0.25765636564032723, 0.2569382548882605], [0.054391543143284815, 0.07668224618984673, 0.1715656853835578, 0.17070534443464608, 0.25571303138184226, 0.2709421494666109], [0.03700335674116272, 0.06509041810044824, 0.1760733260869847, 0.14632645160523536, 0.29413873541620544, 0.28136771204972644], [0.06535169036245321, 0.08379975781308388, 0.17145895280723014, 0.17268230146516778, 0.2558286248881749, 0.25087867266404096], [0.05210489684549014, 0.07252336979240372, 0.17086816127352936, 0.1467479211662136, 0.29737710017343794, 0.26037855074881633], [0.056647411726449555, 0.0765137772146673, 0.1721666497423814, 0.1640847746095435, 0.2681145493281531, 0.26247283737934757], [0.05995829016584054, 0.07864627624424168, 0.16777028568216718, 0.16407652140591675, 0.26872186517281027, 0.2608267613289383], [0.05732939836119085, 0.07537959569683288, 0.17422802424687314, 0.16131253997011188, 0.27325701415445863, 0.2584934275703156], [0.054436743515733604, 0.07728171424309356, 0.17655013663251498, 0.1858298895441071, 0.229255126172525, 0.27664638989227586]]], "bagging_alg3_list": [[[[[0.12660047532578295, 0.150281133140576, 0.08932696686464384, 0.21818190375687846, 0.19024340630648945, 0.2253661146056268], [0.1420022665428854, 0.1485467474234964, 0.104506725529542, 0.218092327079572, 0.19506190462917877, 0.19179002879532608], [0.08054595489713104, 0.14489768236441916, 0.1472023718848637, 0.19535644044538275, 0.22736380413336593, 0.20463374627487407], [0.12910403644855936, 0.15626172546796316, 0.14897556064572712, 0.22146479473491254, 0.19303255332846755, 0.15116132937437002], [0.10834474676102418, 0.15845229801701732, 0.1499712913990979, 0.21348929489811896, 0.20356902366274718, 0.16617334526199334], [0.13679368156613927, 0.08308184158290571, 0.19349797207053562, 0.1966843356001474, 0.2300758251778869, 0.15986634400238667], [0.09812323040983918, 0.14480061732996585, 0.1655340934798704, 0.20916068750500016, 0.20836794770578482, 0.174013423569558], [0.0765645870131982, 0.09608075659025977, 0.16280272195216622, 0.19566762455307016, 0.21826483727127594, 0.2506194726200325], [0.1295694015263556, 0.15381816558226005, 0.10753197833459736, 0.20458703399749045, 0.21811056462783937, 0.18638285593145795], [0.11851414321929328, 0.08770170040173181, 0.18674683557167449, 0.20354278735079587, 0.21404930185508395, 0.18944523160141466], [0.15566661691767797, 0.12493734734031386, 0.14789368045399234, 0.2135995837298008, 0.20646108464042748, 0.15144168691779994], [0.12648815054469736, 0.17380540372136954, 0.13511141768574583, 0.23571908335102296, 0.16868245132909848, 0.16019349336806554], [0.08874738760708731, 0.11783121354944481, 0.19584180468823, 0.19464291217262275, 0.2307738876904526, 0.1721627942920951], [0.12433113730726243, 0.11590293798016006, 0.13983288067568345, 0.2029113500484824, 0.21640674071039478, 0.2006149532780174], [0.12808092497006307, 0.12007496494330365, 0.1399163091720524, 0.21255313136902718, 0.20069469635743792, 0.1986799731881167], [0.14260750591996138, 0.07814063136892524, 0.14620495738836495, 0.19164984921311481, 0.23382208700504592, 0.2075749691045865], [0.09911444047123626, 0.17654501274802983, 0.10637418319026187, 0.1896379301894828, 0.24290926580042116, 0.18541916760056884], [0.07710409600488066, 0.15117097070637472, 0.18269669234680122, 0.20372914820838944, 0.21699287463475128, 0.16830621809880464], [0.12160519267997398, 0.11867450804476068, 0.1697140726806098, 0.19333938679022156, 0.23707781869210637, 0.15958902111232776], [0.08704944954812956, 0.18435718913690743, 0.13348324769781558, 0.2097046454200273, 0.20904836893647627, 0.1763570992606815]], [[0.10308745182515985, 0.12525360775927954, 0.16563051412449492, 0.18943184611513977, 0.24103669395416036, 0.1755598862215878], [0.1498527943972678, 0.11976838874278278, 0.13521286712097474, 0.20319450451201754, 0.22144116093863214, 0.17053028428832506], [0.10736132133296254, 0.040135005693609116, 0.21594207959243927, 0.20541833232409698, 0.20248116152218154, 0.2286620995346946], [0.07306953177357563, 0.07666833287687362, 0.16484408871612108, 0.1779019326491656, 0.2458949322333538, 0.26162118175076343], [0.07609932764399636, 0.12980221225192215, 0.16902999186588233, 0.1779125032221857, 0.25738101485247195, 0.18977495016363535], [0.10261573187424396, 0.09558092012973234, 0.1738272133891121, 0.1941408026265146, 0.22764292563270513, 0.20619240634769745], [0.061404378851106306, 0.17051027531875892, 0.16273000937136206, 0.20243814464605234, 0.2174705118366574, 0.18544667997612188], [0.09889970353092085, 0.08311417534761908, 0.18446798012118407, 0.197632928557669, 0.21940590455523978, 0.21647930788736716], [0.1439759618459999, 0.10999200949637634, 0.16161165568663707, 0.2161208907123997, 0.19817925313081336, 0.17012022912779146], [0.13528867668159208, 0.12605938702941435, 0.13327300151451688, 0.20722681305572133, 0.21215800217435535, 0.18599411954439918], [0.15634976397079603, 0.06566092988176299, 0.1840288349061003, 0.21774646127927888, 0.1918104667257657, 0.18440354323631566], [0.07659387359638144, 0.17695070370633573, 0.1670406396828623, 0.2011524264054061, 0.22471595800257615, 0.15354639860644553], [0.11041732566490506, 0.15480013050770822, 0.14347600259986693, 0.21514044037547742, 0.19956051402764588, 0.176605586824365], [0.12414971038836471, 0.14286804033598252, 0.09222958805896757, 0.21936868143654256, 0.18649174739555927, 0.23489223238458376], [0.10230002887617674, 0.10139914718401444, 0.19258963971729284, 0.17990338333612108, 0.25648948510254277, 0.167318315783853], [0.09248271844078855, 0.11388063750178753, 0.14221456798007923, 0.19536242562089634, 0.22320062853394348, 0.23285902192250418], [0.12989359922904606, 0.12736298846235078, 0.15942288808245042, 0.1847625525788421, 0.2547064012004469, 0.14385157044686392], [0.12405638985000304, 0.10624542908329546, 0.15440017556149527, 0.2154037107942539, 0.19373009598132923, 0.20616419872962471], [0.1304938966551802, 0.16755420296469306, 0.1055775057237929, 0.21681106908794126, 0.19879954946424616, 0.1807637761041436], [0.18751161360369836, 0.06802813550784297, 0.1399425733774342, 0.18171562924992865, 0.2583344235398117, 0.16446762472128454]]]]], "bagging_alg4_list": [[[[[0.10528282893046823, 0.13506886622484107, 0.15546753570233118, 0.19373578702132077, 0.23448967302835755, 0.1759553090926787], [0.09447959992792246, 0.09542873195091339, 0.17711381798471024, 0.20775738768271257, 0.2018393936438674, 0.22338106880989061], [0.048515347398385665, 0.11437976159616933, 0.20930168111011593, 0.17273303651221206, 0.2626342856505044, 0.19243588773252948], [0.11022924658229723, 0.08351802691848054, 0.15955072848756804, 0.18283024958231037, 0.2455194574046304, 0.2183522910247186], [0.13607248860430254, 0.08162046328381231, 0.16513158545244344, 0.21632114566991137, 0.19103851914023634, 0.20981579784929597], [0.10996006136891388, 0.12483847065361409, 0.16032627458966126, 0.22201699448907272, 0.1832343502807595, 0.19962384861797738], [0.054129832633189566, 0.08737505039409144, 0.19882822743884973, 0.1755062779788773, 0.2523205181412957, 0.23184009341358536], [0.1512876071553379, 0.0876931633671762, 0.15486130946253604, 0.17758648641831415, 0.2637790200969463, 0.16479241349962645], [0.08137874373463873, 0.11161227283127889, 0.17785615468301863, 0.20723815351027206, 0.20328535823995894, 0.21862931700082722], [0.12706338025983666, 0.1433623265950359, 0.15790185063334086, 0.19968143773992036, 0.23026344314326638, 0.1417275616285985], [0.13447792237363157, 0.059683946385176476, 0.18719859541577707, 0.20659259230724433, 0.2064832216545449, 0.20556372186358207], [0.1424101217667756, 0.09795684401398648, 0.15864625361377874, 0.1959204212873095, 0.23144018337441494, 0.17362617594372476], [0.14183168793045803, 0.12514405288786792, 0.1480521081098139, 0.2092050438820688, 0.21152508082828286, 0.16424202636150825], [0.11622980890332386, 0.12943837440787684, 0.15058792295683646, 0.21002678836502112, 0.20583898917201152, 0.18787811619493214], [0.1425816706934968, 0.09317879221396975, 0.17987898954102627, 0.21766744090953358, 0.19396714458684772, 0.1727259620551449], [0.06689281943175515, 0.12179365065335515, 0.2284984875920778, 0.2156982066584875, 0.19299122499019553, 0.17412561067413232], [0.11584331085015082, 0.12341482136197669, 0.14631862860736441, 0.22857168962498392, 0.1707675462876103, 0.21508400326791396], [0.09389853775449215, 0.08692949078959639, 0.18367057316585075, 0.20162925109087793, 0.21183464702006127, 0.22203750017910232], [0.10132469224086542, 0.08333421458595038, 0.17739465193795462, 0.1972466328836979, 0.2198197111872911, 0.22088009716424206], [0.0943089274841778, 0.07797462446786935, 0.17495418429544798, 0.1905478986991249, 0.22905454008798454, 0.23315982496541626]], [[0.10003293145654289, 0.10057779249212737, 0.13310535033821416, 0.18796607769883272, 0.2343963561187791, 0.24392149189550444], [0.1386945361573646, 0.04991843202434945, 0.16044516314420598, 0.20855449141061594, 0.19879408150129854, 0.24359329576214928], [0.13041295654329127, 0.10897771507501085, 0.12136759150247912, 0.19535357764064343, 0.22773468876347272, 0.2161534704751033], [0.09417352409767435, 0.13092176398416958, 0.1434221119597736, 0.18963160504234977, 0.2373194492129622, 0.20453154570307105], [0.13228341781452863, 0.10338260509465454, 0.12400590132572933, 0.18311840571403828, 0.24932016864552617, 0.20788950140540666], [0.04823991341942649, 0.14017939532182747, 0.18781731794874543, 0.20135176683962203, 0.2136887925137347, 0.20872281395659806], [0.09174070892236037, 0.14833132818051928, 0.1855988873106426, 0.2189063654477854, 0.19257130107878806, 0.16285140905986922], [0.08773510574548346, 0.1297145153570374, 0.17737495219981783, 0.179615133084294, 0.25771384646457074, 0.16784644714880165], [0.10908353004366103, 0.14794599659565366, 0.20493743262230482, 0.21248093730555195, 0.20992784478400878, 0.11562425864881569], [0.1037102757012373, 0.1356290542524561, 0.17309578587207508, 0.20147896333298865, 0.22242854788330282, 0.1636573729579405], [0.12310707176751805, 0.11184965301523404, 0.15622865382218126, 0.18900124371949512, 0.2422693698208393, 0.17754400785473012], [0.08762988005150749, 0.14761667833494763, 0.16821105488864407, 0.22215353865873438, 0.18370106332652206, 0.19068778473965456], [0.1387419800003193, 0.11433121407891277, 0.12400743271857348, 0.18469446376919368, 0.24997709455505954, 0.18824781487794107], [0.1183494226301824, 0.10740763591867324, 0.13732706151422183, 0.20711412474772717, 0.20565423278160658, 0.22414752240757396], [0.07898213384182606, 0.09041033554439272, 0.17100504938369976, 0.1812535790546374, 0.2445163706234132, 0.23383253155196898], [0.10578964607191585, 0.10538237856627343, 0.17889444964368198, 0.21485121953590153, 0.19361181584905562, 0.20147049033316863], [0.1585150193767191, 0.1255689949327837, 0.10747402999327298, 0.22606368367887675, 0.18004936141057182, 0.20232891060778294], [0.07548215701569502, 0.08534206981105145, 0.18508010795843086, 0.20373346316084728, 0.20406405065690916, 0.24629815139708663], [0.12407857512526196, 0.11109454861113914, 0.13970933416838488, 0.1956291688636264, 0.22848138848626146, 0.20100698474533907], [0.14610849082473013, 0.13865659319000592, 0.1490318406934293, 0.20901124359042908, 0.21552134843931892, 0.14167048326208773]]]]]}