{"SAA_list": [[[0.09241553203935858, 0.0610319816617884, 0.024749301439145825, 0.09896251583359349, 0.6906297349754599, 0.03221093405057562], [0.12504167087174511, 0.06399269501936165, 0.021822481080133363, 0.09347234688944174, 0.6671152786132925, 0.02855552752602771], [0.11796024069470541, 0.06604329317933068, 0.028270105810154093, 0.07948527071779297, 0.6902179589501528, 0.01802313064787417], [0.12498932708890116, 0.05867053976712423, 0.02101020953431696, 0.09066117618487138, 0.685282635818947, 0.019386111605834016], [0.125464523977436, 0.03860390247994249, 0.025207947982597442, 0.07608138071739483, 0.7111407809833147, 0.02350146385934244], [0.13271900617114654, 0.008764290800861234, 0.029594381242463157, 0.09378590061112325, 0.7213431251013885, 0.013793296073033107], [0.12421728882718175, 0.06068629641397387, 0.02640758673806386, 0.09150797040277292, 0.6736166073588581, 0.023564250259130285], [0.1214291314504315, 0.06268097452745255, 0.026837225821223932, 0.061982324307381056, 0.7085057373561959, 0.01856460653732635], [0.1305169269661699, 0.05593667691885158, 0.019525664010046954, 0.08738458045032137, 0.6813622871659891, 0.025273864488509268], [0.12773532569728713, 0.054714781634168354, 0.02389035278154931, 0.09234871849990257, 0.6741314656404783, 0.027179355746555115], [0.11637720577309703, 0.06628310254903061, 0.030861511067484318, 0.09019547010689215, 0.6738405059644427, 0.022442204539053285], [0.1248963686792862, 0.05273086725095498, 0.028517585086032356, 0.09358646593476691, 0.6772619637147413, 0.023006749334199345], [0.12775716306876334, 0.06267561276552032, 0.02293903826875376, 0.09329154403536331, 0.6635016999190904, 0.02983494194251319], [0.11023102883151095, 0.049557713115490815, 0.026596107862523345, 0.08422269869469282, 0.7021629279156663, 0.027229523580084666], [0.12578246133814924, 0.06271780469815973, 0.027664059450507664, 0.09799790165637262, 0.6659889808911355, 0.01984879196567307], [0.10857089851666227, 0.04051628459415181, 0.021783878980317972, 0.09934679762647686, 0.7023859157313798, 0.027396224551001516], [0.1153246803012046, 0.06461207836684595, 0.025417730293514698, 0.09243562336968195, 0.6710520143290094, 0.031157873339755757], [0.13030790962251018, 0.06158048611302861, 0.011761779133977935, 0.07224387236049476, 0.6964978447631741, 0.027608108006809406], [0.12459400570621049, 0.056919205489239996, 0.021998731700120733, 0.08859380684177358, 0.6929971357318533, 0.014897114530801336], [0.10360020288981224, 0.06560796260729733, 0.028074946492932146, 0.08710626611726609, 0.6973290500622475, 0.018281571830467042]], [[0.11837843503074155, 0.06416980018305352, 0.02585330853793639, 0.08706006118948079, 0.682356351028766, 0.022182044030027586], [0.11214514019365006, 0.0668916421107459, 0.025594540024793427, 0.08800244389471991, 0.6857063517451779, 0.021659882030900735], [0.12048392299707557, 0.06766336935769413, 0.027221654743983026, 0.08244153314291043, 0.6872217145843205, 0.014967805174002714], [0.10711482033401741, 0.05659637459929012, 0.026892250133355017, 0.09752307154072205, 0.7035834744702957, 0.008290008922342008], [0.13437552309372536, 0.053408447265778335, 0.020829952204245297, 0.07861235251279443, 0.68854627245835, 0.02422745246506917], [0.12592983464812738, 0.058440736795848006, 0.024099138523692894, 0.08673690347131537, 0.6855917228587035, 0.019201663702301308], [0.1308976206884981, 0.056951310224281286, 0.019056184699140933, 0.08263955767451446, 0.6832422994837573, 0.027213027229747357], [0.12418361413906445, 0.06456780061608751, 0.022329302927075963, 0.08051260411795183, 0.685064094450554, 0.0233425837492491], [0.12317847686129342, 0.06550108485896627, 0.02312769559180333, 0.07251374284036291, 0.686590150004771, 0.02908884984279151], [0.11876288779635305, 0.058058039409244956, 0.024845003291950562, 0.08134246590797047, 0.694864706621417, 0.02212689697314206], [0.12709978703879926, 0.06489274616897243, 0.0221358273413661, 0.08246586271392294, 0.6775513196240894, 0.02585445711284247], [0.12908172001359408, 0.061545273620676445, 0.021980368148917975, 0.08925515583209111, 0.6739417022595673, 0.024195780125169125], [0.12664560770846067, 0.059600169441723826, 0.02277285491647587, 0.08848210791660031, 0.6768517047275531, 0.025647555289158738], [0.11840894664746321, 0.0627162649547824, 0.024610080818462235, 0.07596115422443678, 0.6923282206708735, 0.025975332683990302], [0.12565508018864904, 0.06419767234304882, 0.023563859110417824, 0.09020129951329273, 0.6728692867308351, 0.023512802113730583], [0.11722899365614539, 0.06064603318481187, 0.027665401595617048, 0.07937560254556895, 0.6941630244498908, 0.020920944567979067], [0.12545051152412356, 0.05454036865030277, 0.022398832197253353, 0.08562788381772823, 0.6894264088908247, 0.02255599491974349], [0.1224084313923197, 0.0625532557012666, 0.01913405643372937, 0.08622877075124324, 0.6833469861630938, 0.026328499558334967], [0.12055860345204948, 0.060618269545213106, 0.028546346035833756, 0.08577672929090885, 0.6811407169962307, 0.02335933467977193], [0.12466369240779432, 0.05342162507201756, 0.017393201169315142, 0.09195791765345328, 0.686999241176737, 0.02556432252066659]]], "bagging_alg3_list": [[[[[0.16876469586760984, 0.058350328724429586, 0.0291835745480957, 0.08919467896929206, 0.6488187899548465, 0.005687931935723341], [0.10893135837403922, 0.10893680348879928, 0.018320274247417334, 0.11560338657283334, 0.6124921339165246, 0.03571604340034893], [0.11825474032296407, 0.04985208552571997, 0.017557959567211793, 0.07016913482016279, 0.7117577271837042, 0.03240835258021349], [0.09519780029641974, 0.05970617366854002, 0.03323558723081943, 0.09387149079081039, 0.708563151789444, 0.009425796223932503], [0.09030842124559935, 0.0848990516293538, 0.04381194225467591, 0.07416739882033878, 0.6819716338609867, 0.02484155218906558], [0.15949370145042396, 0.07694552592024759, 0.01787395823139856, 0.0773458096983994, 0.6477636880940897, 0.020577316605381632], [0.09427777034918385, 0.027151876627161703, 0.06138481502419705, 0.07425484781917245, 0.7182427180422615, 0.024687972138016216], [0.12805954769032507, 0.05475309731460415, 0.026740987988841378, 0.0992938865636468, 0.636792614657183, 0.05435986578539335], [0.0981553055866229, 0.08471909598595481, 0.014571481903527498, 0.12279610980562519, 0.6552311964234504, 0.024526810294848916], [0.135507118431878, 0.08468926215033182, 0.012590195190689633, 0.0749909908912576, 0.6373451854639679, 0.05487724787188434], [0.11685716994989646, 0.042215968453821154, 0.041248070242176894, 0.10425182174113722, 0.6630931528646263, 0.03233381674827766], [0.12636860173735276, 0.05590028664101395, 0.04277180989718489, 0.08146855696415861, 0.6524741574766586, 0.041016587283618865], [0.09446479248565351, 0.06435274123425101, 0.058799809994959, 0.08546551437845196, 0.664601014954426, 0.03231612695221965], [0.16142041331533757, 0.05703590324602825, 0.022395616957637164, 0.12336558834556553, 0.5858488549066175, 0.04993362322888348], [0.12839631705458424, 0.08701346966203649, 0.038651099185175196, 0.08153027352808588, 0.648452777940289, 0.015956062629849884], [0.09066823219724564, 0.07239614840167033, 0.022873115218879168, 0.11706989420573868, 0.6613879872662555, 0.035604622710202066], [0.12233871688512034, 0.04354232202702516, 0.05559200025887998, 0.05772352321167953, 0.6806538459745887, 0.04014959164273334], [0.11964539385008248, 0.050992104475563266, 0.024522198670221765, 0.0906201018816925, 0.6693426523432856, 0.04487754877918552], [0.12919197071860736, 0.06754562168708639, 0.007067906305921106, 0.08061816703036165, 0.6903888497072397, 0.02518748455078043], [0.17715337165392728, 0.07024192161759359, 0.025849115710291574, 0.07805636347075996, 0.6286956452032915, 0.020003582344130428]], [[0.09225138059055234, 0.07105836657856296, 0.033454684670827815, 0.07422581724414197, 0.6979721928618585, 0.03103755805402742], [0.11829416664659959, 0.05958685946673707, 0.03595532488416533, 0.06661836873909645, 0.6971785938954894, 0.022366686367864548], [0.14659506047049095, 0.05020221372199612, 0.01680460261806508, 0.12369943001768911, 0.6350680031034223, 0.02763069006834096], [0.10411227985899782, 0.03536591912169021, 0.00865011105689823, 0.06123509939213307, 0.7606631692949, 0.02997342127537375], [0.1885885905231445, 0.08537288598923631, 0.03884571982038134, 0.09676776607295413, 0.5533794052954523, 0.037045632298817806], [0.12404793954385475, 0.07606993592756967, 0.03514446449822932, 0.10416636162918665, 0.6308258595653237, 0.029745438835842238], [0.11382819538089789, 0.07483399310021104, 0.0282120827952353, 0.10738678972639998, 0.6429782383550149, 0.03276070064225168], [0.14654345296929983, 0.05555406106500745, 0.030616529547876626, 0.07701669726072594, 0.6792405698732257, 0.011028689283877496], [0.14038752515441288, 0.04511570776459693, 0.041687253068178165, 0.12601018253398202, 0.6263371513274827, 0.020462180151374403], [0.0972870891948225, 0.0721431257208692, 0.023694433247180548, 0.07465118583268586, 0.7191738921103978, 0.013050273894074618], [0.15322460255379206, 0.05956660039720323, 0.021417210076970523, 0.09512392454849589, 0.6139485987470118, 0.0567190636765247], [0.12743290457483264, 0.030071937397804036, 0.031166294506561217, 0.05585911904918202, 0.7316325888990081, 0.023837155572570497], [0.08044555159265561, 0.08155605115612657, 0.0357988115320372, 0.06555270085746612, 0.7079525029970006, 0.028694381864719138], [0.1434563150435616, 0.06785697935271125, 0.008439500262346054, 0.09406252856033265, 0.6494809155712661, 0.03670376120977786], [0.15137150530039709, 0.07629300648871688, 0.028909613290128026, 0.11051483117983099, 0.6104598595822522, 0.022451184158657406], [0.10634679151872803, 0.07640915068531366, 0.022514590604672927, 0.12668004477473813, 0.6230746265170183, 0.044974795899529775], [0.08800657231973884, 0.06744016423799104, 0.029809669761834974, 0.092342697719325, 0.6773844065239113, 0.04501648943722178], [0.1398383754936997, 0.10716069487725279, 0.0221746589041314, 0.08847111056654033, 0.6190881503376043, 0.023267009820764604], [0.11281195293331325, 0.04767496162555146, 0.0390883406168337, 0.11827248288074926, 0.6669961619791561, 0.015156099964410433], [0.09370267464698076, 0.07861989143261434, 0.016699175252390678, 0.0909699907834084, 0.7124644393079846, 0.007543828576590401]]]]], "bagging_alg4_list": [[[[[0.15028304154030805, 0.048848864948327055, 0.04677435730916131, 0.06983895791243114, 0.658900316512382, 0.025354461777416227], [0.1266167816684557, 0.043711465293024755, 0.03397818911668789, 0.11199264535185469, 0.6545739321228868, 0.02912698644708402], [0.08048894909603171, 0.05914049463773228, 0.0127562303723728, 0.092075896899999, 0.7402661971008444, 0.015272231893025491], [0.09761057588278751, 0.057511389466769945, 0.04224308272145366, 0.10690853140597596, 0.6581696917428118, 0.03755672878022154], [0.14835715304854044, 0.08789592321216706, 0.025365756607686217, 0.062259130299863887, 0.6376790468079127, 0.03844299002382492], [0.08180688975158551, 0.06934247453156013, 0.040217205989574005, 0.07016713781320956, 0.7031927197002499, 0.03527357221381427], [0.07687167180624377, 0.05869924203805069, 0.04274189675965326, 0.07851287924319676, 0.7094914646399522, 0.033682845512896124], [0.09933583992326835, 0.06737782453378888, 0.03226703558116826, 0.11942067968687949, 0.6610088486886077, 0.020589771586309383], [0.12196774538980933, 0.0548618075635599, 0.019685227340926217, 0.07725706374485014, 0.6705544669052413, 0.05567368905559495], [0.11698877469716501, 0.08793252942231287, 0.044917725803433686, 0.06858064878419319, 0.6553402969889659, 0.02624002430394149], [0.1308285868281854, 0.04067194328349911, 0.02403082951033687, 0.12088841043066179, 0.6616844249938219, 0.021895804953496863], [0.13827127015755392, 0.03272708143661774, 0.055885958167676456, 0.06802218463837068, 0.6748122107856155, 0.0302812948141565], [0.09017547012559614, 0.07768163699647192, 0.020084346476846104, 0.10125553971250259, 0.6810306734418368, 0.02977233324669614], [0.11924946159704071, 0.0586051381261296, 0.016062370299034633, 0.0885738332692093, 0.6865338719073989, 0.030975324801197055], [0.09414070207318705, 0.06717418646136665, 0.03246343828304092, 0.0879685055456191, 0.6637480252380613, 0.05450514239878876], [0.1267767904367633, 0.022587582594738986, 0.034912173168282226, 0.09793174329315167, 0.6841412542200728, 0.03365045628701295], [0.13263462178503554, 0.06357145168142618, 0.012155193928408727, 0.06880746124441729, 0.6694886094858166, 0.05334266187494086], [0.13343499732376723, 0.03525874718923948, 0.03633007077582684, 0.0991851015302018, 0.6605094243374107, 0.03528165884354518], [0.1137494215366077, 0.04396508813878225, 0.03692342848238639, 0.09603303050382705, 0.6694753736122262, 0.03985365772619374], [0.1023636632643267, 0.06545874478651593, 0.04415225749698679, 0.09995162006731984, 0.6590160395484913, 0.029057674836373608]], [[0.1748370686324126, 0.0818551136962873, 0.016515900018368383, 0.0989500241985561, 0.5981483890687236, 0.02969350438564835], [0.10271068789336626, 0.06586736178361097, 0.04541031522584257, 0.10345301008789841, 0.6577106721303325, 0.024847952878954672], [0.11280116483333762, 0.06880958111352498, 0.031225103519587016, 0.09211796174049137, 0.6901766272260672, 0.004869561566978299], [0.12123975980263886, 0.05483338585610675, 0.02442344575304871, 0.09749928343054128, 0.6585289172928445, 0.043475207864732635], [0.15198699489301704, 0.0620700061152837, 0.042723081675907965, 0.07250105582928885, 0.6392456229880191, 0.03147323849850163], [0.10549370040851057, 0.05754235467780728, 0.03177648219610877, 0.06766852085396394, 0.7167061243483993, 0.020812817515222858], [0.1443693588259381, 0.06631762113383367, 0.030347129105323195, 0.0764550807528904, 0.6441439324174753, 0.038366877764588074], [0.0904920166904154, 0.060155394413654084, 0.04165891862494398, 0.11310010729400888, 0.664377025544994, 0.0302165374319921], [0.16263415119968558, 0.04425395196254808, 0.018454004408932145, 0.07999837048113773, 0.6632431881900679, 0.03141633375762971], [0.13329251764794517, 0.09748389112711188, 0.03197401610034219, 0.060915968421441764, 0.6538000888131572, 0.022533517890016376], [0.12612034328665012, 0.08953193069078688, 0.01905755805240418, 0.07910919104794067, 0.6661875337754224, 0.019993443146821985], [0.12254935852154075, 0.06685614268654573, 0.014931024926530432, 0.09572949324156602, 0.6655781041427803, 0.034355876481044066], [0.12534400304428395, 0.07182214223521839, 0.012106345234989066, 0.09315601818524637, 0.6505885073194442, 0.04698298398082322], [0.13626258764294347, 0.0440875387318461, 0.01943144812101725, 0.09256216474353388, 0.690540150203936, 0.01711611055668134], [0.10229571731805666, 0.07115556610136366, 0.027218639673764766, 0.09351279588937544, 0.6543009563717439, 0.051516324645725586], [0.16929326792585428, 0.08019656349922884, 0.01116558953205887, 0.08631541397745174, 0.6317159376041508, 0.021313227461239856], [0.1592892186621023, 0.06502803285074499, 0.017977347245679214, 0.05810608206016562, 0.6723499261419663, 0.02724939303932847], [0.11218493481047474, 0.0827978356833538, 0.04204545541014079, 0.06810914683085635, 0.6667342544279039, 0.028128372837230593], [0.13792703892554756, 0.048579623396852005, 0.021074768587328128, 0.12647520417959152, 0.646940717026726, 0.019002647883945605], [0.1294504438151051, 0.08671825582779842, 0.05494695892319048, 0.09539699607975498, 0.6018556890231193, 0.031631656331031655]]]]]}