{"SAA_list": [[[4.75081057739915e-10, 1.6152071377761416e-10, 0.5743626544448089, 0.0731564084113962, 8.268799304547041e-11, 0.3524809364244769], [4.4481485560502674e-10, 1.742717010353463e-10, 0.5736458954668581, 0.0719642884207358, 9.722592309303602e-11, 0.35438981539608744], [3.692424966200901e-09, 5.131198699179897e-10, 0.5996895928142378, 0.11528038712285797, 2.1051518509824723e-10, 0.2850300156469228], [1.0037563159194893e-09, 3.209167164612183e-10, 0.5899909851342179, 0.09914958395947827, 1.614070646473371e-10, 0.31085942942031386], [3.4738065928952785e-09, 7.196344635672499e-10, 0.5879358291558523, 0.09573142202639352, 3.4807179519891254e-10, 0.3163327442764059], [2.904536963967559e-10, 4.383034211732517e-11, 0.6143270066953297, 0.13962547420576585, 1.6095922715622398e-11, 0.24604751874915962], [1.2941946813869455e-09, 3.2052542824239463e-10, 0.5921241955685665, 0.10269755787502981, 1.5448952857725772e-10, 0.30517824478725725], [1.264846888848294e-08, 1.2795148362928215e-09, 0.5916190734601872, 0.10185740357117551, 4.2922540580872707e-10, 0.30652350860997424], [3.4413094841799766e-10, 1.0946422919782804e-10, 0.5746315243678234, 0.07360359585798189, 6.585553943006615e-11, 0.35176487925465744], [4.799180860064114e-10, 1.7778417203393323e-10, 0.5775429039820154, 0.07844582745038457, 9.083709397911001e-11, 0.344011267819179], [1.7659539216533926e-09, 3.516011081211833e-10, 0.5962267543470515, 0.10952096874838457, 1.617245751507213e-10, 0.29425227462534553], [1.0871867467311214e-09, 2.5881494683080755e-10, 0.5941879460604379, 0.1061300069154898, 1.2274065789635865e-10, 0.2996820455553741], [4.5076725380763053e-10, 1.6551918784972908e-10, 0.5745830442500097, 0.07352296265457017, 8.941708852156098e-11, 0.3518939923896511], [8.277231092812289e-10, 2.2064132728689777e-10, 0.5831933731011265, 0.08784373673835716, 1.0075069484912696e-10, 0.3289628890114482], [1.506017019668397e-09, 3.423443826157753e-10, 0.5984871142858186, 0.11328041991816531, 1.7121811971976455e-10, 0.28823246377645456], [1.004498761383946e-09, 3.7670694584328057e-10, 0.5784812630430014, 0.08000651166790104, 2.1090524338332521e-10, 0.3415122236970728], [5.160754234683525e-10, 1.7578713259565335e-10, 0.5745884903505843, 0.07353202048670035, 9.063602939750676e-11, 0.35187948838021765], [2.5690752519670606e-10, 6.780376481301665e-11, 0.5523538867277848, 0.03655123230834376, 4.032108208518869e-11, 0.41109488059857857], [1.11537770537923e-09, 2.9673411932583515e-10, 0.6004734087376209, 0.11658404366793586, 1.429787138365182e-10, 0.28294254603935176], [2.194108360552876e-09, 3.567853054277724e-10, 0.6020382113223315, 0.11918663446684116, 1.6123703860775747e-10, 0.2787751514986706]], [[1.539258615789295e-09, 3.6104060142435974e-10, 0.5918833918492838, 0.10229705018192695, 1.7244230974512216e-10, 0.3058195558961645], [1.320066598958156e-09, 3.3603317350058165e-10, 0.5895255496670643, 0.0983754668276529, 1.6344347148947606e-10, 0.3120989816858017], [2.995174383949135e-09, 4.6297434878038603e-10, 0.6006367841582329, 0.11685576595861892, 2.0057924635614867e-10, 0.2825074462243938], [2.7490214761311204e-09, 3.3430020519452905e-10, 0.6190700733696404, 0.1475141771902303, 1.4591892502238115e-10, 0.23341574621081576], [5.362715516263244e-10, 1.3803958863982394e-10, 0.5782624168219999, 0.07964252770787084, 8.226191466051696e-11, 0.3420950547138506], [1.2963808834669764e-09, 3.3192185922571975e-10, 0.5937051906206345, 0.10532708278474551, 1.556315475431221e-10, 0.30096772481076534], [2.808673189582431e-10, 9.172615003956823e-11, 0.5707331014839178, 0.06711970472453513, 5.429413444812586e-11, 0.3621471933647891], [1.060052207683172e-09, 3.187745100771448e-10, 0.5825589825157769, 0.08678861137443765, 1.55663431245564e-10, 0.3306524045754265], [6.949955088591206e-10, 2.169362149959255e-10, 0.5745386974968092, 0.0734492039654813, 1.018271115935407e-10, 0.3520120975241093], [1.3933326627929992e-09, 3.414535486510711e-10, 0.5873816873879161, 0.09480977605775996, 1.5205567769239034e-10, 0.3178085346677166], [6.985247537991942e-10, 2.402002032256128e-10, 0.5781631833835994, 0.07947748067215338, 1.237511743731722e-10, 0.3423593348817469], [6.873270842269406e-10, 2.383559361540977e-10, 0.5809509611751281, 0.08411413739219095, 1.2420815092101912e-10, 0.3349349003826646], [6.235719150882104e-10, 2.1917246440248931e-10, 0.5776979593796722, 0.07870371629117041, 1.1384313682162558e-10, 0.34359832337237545], [1.3410923705198338e-09, 3.357048223233515e-10, 0.582016262187351, 0.08588595353356801, 1.498490538024856e-10, 0.33209778245255894], [9.202167857727821e-10, 2.945558879066826e-10, 0.5850210529835881, 0.09088354916313944, 1.527101678977223e-10, 0.32409539648573826], [2.345305031353969e-09, 4.1091454992591117e-10, 0.5929731169821618, 0.10410948872222527, 1.7409888471065224e-10, 0.30291739136521184], [8.78534436247531e-10, 2.833826882114202e-10, 0.5838001517572964, 0.08885293570753641, 1.3809223751138847e-10, 0.32734691123528065], [3.494609203132614e-10, 1.1654968668447266e-10, 0.5725713652953323, 0.0701771210209197, 6.815083613990117e-11, 0.3572515131498129], [1.8079720140354754e-09, 3.638028816103806e-10, 0.5924418052179062, 0.10322580771149423, 1.639937531171206e-10, 0.30433238473456226], [2.0707390323402255e-10, 7.829379795711463e-11, 0.5701655739062452, 0.06617578809191023, 4.629585963685347e-11, 0.3636586376700486]]], "bagging_alg3_list": [[[[[2.0841234331383064e-10, 1.0987853411711032e-10, 0.5303775564364235, 5.056324972009641e-09, 4.6231630627520405e-11, 0.4696224381446494], [2.5742210727049436e-11, 4.324994370176898e-12, 0.5303775558629744, 5.3522545686483375e-09, 4.243542652094191e-12, 0.4696224387781478], [2.23607742897283e-12, 9.205604305938692e-13, 0.5311361484501415, 0.0012616835522537445, 6.728325424744497e-13, 0.46760216784701947], [5.923034946436861e-13, 1.8545429382640812e-13, 0.530377552635854, 4.6091485254346903e-10, 1.07337077888083e-13, 0.46962244690738275], [5.141518104371338e-10, 3.069425284167103e-10, 0.5303775558324269, 1.6409201018506398e-09, 1.8008026739364757e-10, 0.4696224415247722], [8.858885327125379e-13, 4.306023834871511e-13, 0.5306175350223736, 0.0003991619833521738, 2.7535926235383145e-13, 0.46898330331680915], [3.2081815722439276e-11, 2.61777770535794e-11, 0.5303775532042336, 6.365061081953459e-10, 1.7616161570381975e-11, 0.46962244608280357], [2.9605686417026206e-10, 2.1498758406585653e-10, 0.5307159108865077, 0.0005627570222702833, 9.025815997565676e-11, 0.4687213316786414], [2.5417516586084366e-12, 1.146585854759879e-12, 0.5303775525130964, 1.5840775763469374e-10, 8.971766915305474e-13, 0.4696224473246897], [6.204247887351302e-12, 1.971943545356604e-12, 0.5303775525789383, 6.463359312096733e-11, 2.1829170224586136e-12, 0.4696224473490222], [1.197919147155722e-10, 7.788198971019967e-11, 0.5309141495910534, 0.0008924860604380911, 4.3069341424194226e-11, 0.46819336402444556], [5.552327489936009e-13, 2.52418684444434e-13, 0.5321356326525537, 0.0029240526317769362, 2.0430543770528327e-13, 0.4649403147290181], [8.446919393100104e-10, 5.413268518124923e-11, 0.530377554291882, 3.9312354509086194e-11, 5.3158662688870434e-11, 0.46962244471466996], [3.3097858345103195e-11, 1.634597521086796e-11, 0.5305183982313032, 0.00023417360056751015, 1.0015474314522444e-11, 0.46924742719143114], [1.703493596756968e-10, 5.762555136566198e-11, 0.5303775550087807, 1.449712681649484e-09, 1.1535157824267976e-11, 0.46962244330198927], [1.1387041507801545e-08, 6.35204512025642e-10, 0.5910080642677221, 0.10084117189355135, 4.4112746104561716e-10, 0.3081507513751039], [4.2859137145168943e-10, 1.0838785252477552e-10, 0.5303775542056122, 8.426770967638668e-10, 7.20402679762902e-11, 0.46962244434248424], [1.4115250697613746e-11, 9.761382253026767e-12, 0.5303775527352155, 6.046204595707135e-11, 4.859206564244152e-12, 0.4696224471748087], [7.090883230318791e-12, 1.7422014396897488e-12, 0.5303775527364024, 1.0690632341718705e-10, 1.3751523216741679e-12, 0.46962244714407164], [2.689451367671341e-12, 1.4264894705362735e-12, 0.5310002873734864, 0.001035723185941138, 8.704995342065176e-13, 0.4679639895885482]], [[9.840752007826054e-13, 6.212029672198614e-13, 0.5307460549061345, 0.0006129277594475968, 4.1483586853961553e-13, 0.4686410176335512], [4.962826923293339e-10, 1.3746129557967268e-10, 0.5303775576395804, 6.8136795380676924e-09, 4.310659149939933e-11, 0.46962243487049476], [1.070054319756049e-11, 1.9864239742116793e-12, 0.5303775575100342, 1.967518423986667e-09, 5.078350092297744e-13, 0.46962244048879886], [7.740162506614055e-13, 4.1389239305754697e-13, 0.530377552611359, 9.534990746729401e-12, 1.4662160810441055e-13, 0.46962244737761055], [1.8428758435661231e-10, 4.298411162194815e-11, 0.5303776163831697, 1.0493454360301099e-07, 3.267859237546827e-11, 0.4696222784666922], [3.007860659059957e-11, 4.588625046338622e-11, 0.5314711622122003, 0.0018188770205937066, 1.1123397576814568e-11, 0.4667099603376913], [1.6972754659455334e-12, 5.069379556104763e-13, 0.530377552993973, 5.394011787447863e-10, 2.846907507331929e-13, 0.4696224464601609], [7.340956344000087e-14, 4.4572502970925424e-14, 0.5320110627036383, 0.002716877108189006, 2.535230174297423e-14, 0.465272060194563], [2.1312609581359644e-12, 1.0553551771000984e-12, 0.5303775526008417, 2.0846116143075228e-11, 9.159217730705144e-13, 0.46962244737421815], [2.7061265060455698e-12, 2.0372375252329153e-12, 0.5303775526026363, 1.3109118212858996e-11, 1.2057570501232818e-12, 0.46962244737807557], [5.673395875904692e-13, 1.8892333204188103e-12, 0.5303775525758452, 5.6066407913789985e-12, 1.8030639625805214e-13, 0.46962244741604703], [1.7833432699397763e-12, 5.226473157391962e-13, 0.5303775526270382, 3.9505090432178273e-11, 2.772613957518029e-13, 0.4696224473318697], [3.2918429794565323e-10, 1.4599835591170736e-10, 0.5306355915667296, 0.0004291346557435007, 7.469747499404206e-11, 0.4689352728280173], [1.000200936720851e-12, 3.965628917904609e-13, 0.5303775529241184, 3.480861786168142e-11, 1.8342705670483402e-13, 0.4696224470338386], [1.1704771894124477e-10, 6.934179064290856e-11, 0.5303775536284878, 8.912020627656413e-10, 4.639897221775765e-11, 0.4696224452475812], [3.4462656570834476e-11, 9.036969377684845e-12, 0.5303775529290493, 4.1237079603293943e-10, 6.399608863231533e-12, 0.46962244660485025], [2.6956314336132818e-12, 1.1761774317775303e-12, 0.5303775525947021, 6.646948744934512e-11, 7.709111699914548e-13, 0.46962244733241887], [1.918214506420256e-13, 9.328316546036985e-14, 0.5313552016620405, 0.0016260073845188276, 7.034247603713386e-14, 0.46701879038327304], [8.661756947734929e-13, 4.394793510675202e-13, 0.5303775526237083, 5.83301462096393e-11, 1.7298835211099182e-13, 0.4696224473225186], [3.3068398913022313e-13, 1.8977258410535148e-13, 0.5306819374630087, 0.0005062086917943601, 1.2355755948001916e-13, 0.4688118535861619]]]]], "bagging_alg4_list": [[[[[1.259307398962931e-11, 3.731505067108297e-12, 0.5303775524438712, 4.0959270818854224e-10, 2.179183730950157e-12, 0.46962244714001944], [5.537721686139095e-12, 2.055348286956488e-12, 0.5303775524813502, 4.2901523352557796e-10, 1.4216944848224866e-12, 0.4696224470878865], [6.523713721926967e-10, 5.297005462184644e-10, 0.5303775705059156, 2.339496829932669e-08, 3.9977184757056245e-10, 0.4696224045191311], [7.829103166076847e-13, 2.579625237306871e-13, 0.5311779683018819, 0.0013312779753703265, 1.7370618384091534e-13, 0.46749075382161426], [6.261929231426893e-13, 2.3624783790340215e-13, 0.5303775528173225, 6.900881298177635e-11, 1.8989461581823058e-13, 0.46962244711172035], [4.1288614319225043e-10, 1.8847646162373187e-10, 0.5303775550008103, 1.3764473543811687e-09, 1.239978699213147e-10, 0.46962244289858396], [4.944549623604852e-09, 6.659885838654776e-10, 0.5325471977674614, 0.003608550181351623, 7.252093954698713e-11, 0.4638442463255539], [7.234728870367042e-13, 5.781110160169096e-13, 0.5313279951293429, 0.001580787001408114, 3.182905170775837e-13, 0.46709121801627856], [9.442606272621468e-12, 2.1391498048708717e-12, 0.5303775528253624, 2.8636238797288553e-10, 1.1834095536104635e-12, 0.4696224468765078], [2.380528223305071e-09, 1.2136637964537227e-12, 0.5303775456677137, 2.1861012862030134e-13, 1.9750837606783686e-13, 0.46962245231843347], [3.891156016380953e-12, 3.037543434648801e-12, 0.5311388116864213, 0.001266122639244328, 1.9969240831820428e-12, 0.4675950655857623], [1.5778195053815644e-13, 8.760138332632661e-14, 0.5318880143057848, 0.0025122412112242513, 5.315074895901609e-14, 0.46559974436430296], [2.584398726145348e-10, 1.8268618594601897e-10, 0.5305286512697138, 0.00025130661520288643, 1.0611908785563189e-10, 0.46922004157019154], [2.105398251603148e-10, 1.2930047487099886e-10, 0.5303775540365948, 6.918660726314318e-10, 7.76712695411041e-11, 0.46962244485380633], [1.363940210982486e-10, 5.138325489956563e-11, 0.5308340363133245, 0.0007592151262207503, 3.968593906953493e-11, 0.46840674827336143], [1.5288822971166658e-10, 7.361239027562541e-11, 0.5303775539283323, 1.2463787092481688e-09, 4.639286147657797e-11, 0.46962244455223556], [2.1546146273643626e-11, 6.180952818566174e-12, 0.5308634094785312, 0.0008081239469203355, 4.678561294566018e-12, 0.4683284671284395], [4.144168206093474e-12, 1.8579498605428104e-12, 0.5312090513877791, 0.0013829345218661804, 1.3903709266356135e-12, 0.4674080140918658], [5.17959766946749e-10, 2.6300049370159264e-10, 0.5303775587989407, 6.739778221298847e-09, 1.6793482958205817e-10, 0.46962243351369093], [1.2023930689131224e-09, 9.42615885114163e-11, 0.5303776024861245, 8.175142549627408e-08, 4.8463366972803896e-11, 0.4696223144428814]], [[2.9200316931591333e-12, 8.172323510575289e-13, 0.5330437097911356, 0.004434373469565858, 5.39015876222466e-13, 0.46252191683949484], [4.678124868703836e-10, 1.923128517539869e-10, 0.5303775555975256, 1.4803649292921692e-09, 2.077129319769396e-10, 0.46962244205442744], [1.597098292375075e-12, 6.281048290632116e-13, 0.5303775530101947, 5.759144219551247e-10, 4.694739956682112e-13, 0.46962244640957024], [1.9204179084406464e-10, 9.061143398562045e-11, 0.5304560064179649, 0.0001303556022305053, 5.964266692446799e-11, 0.4694136376909702], [5.630256847619698e-11, 1.8519033977474327e-11, 0.5323726815636083, 0.0033183104838475147, 1.3387053331610404e-11, 0.4643090078249196], [3.2842395014996916e-12, 4.183286819584485e-13, 0.5303775526276423, 4.743611042899974e-12, 2.6929668612592285e-12, 0.46962244736206654], [5.590913209811115e-11, 1.900507568354191e-11, 0.5303775539383749, 2.027603979666179e-09, 1.0426784870371022e-11, 0.46962244394881436], [2.3691266854288854e-11, 5.485387850895502e-12, 0.5303775531701758, 3.126929089304329e-10, 2.626592588349485e-12, 0.46962244648265905], [1.7111801495993132e-10, 2.6583896449201314e-11, 0.5373085500747308, 0.011527693887101913, 3.501590798929866e-11, 0.45116375577296985], [7.125611222168386e-11, 8.963791410939956e-12, 0.5303775527487875, 8.502669751479463e-11, 5.15467365581057e-12, 0.46962244708037604], [4.6534364617301095e-11, 2.607046055957568e-11, 0.5303775528495536, 1.1601976984002627e-10, 1.785153587220364e-11, 0.46962244694386257], [1.5310445092954568e-10, 8.915693707305224e-11, 0.5303775536300264, 6.180588874304252e-10, 5.861210163736799e-11, 0.4696224454508832], [7.415815887367297e-11, 4.641339789293296e-11, 0.5303775532305013, 4.4949032005318905e-10, 2.958546860284322e-11, 0.4696224461698927], [1.328802373642383e-10, 5.360524473882129e-11, 0.5303775535283096, 7.771743063801867e-10, 4.243280138628744e-11, 0.46962244546539716], [1.2594769146039845e-09, 2.752033613499466e-10, 0.536512069612286, 0.01020298269134544, 6.42795283199411e-11, 0.45328494610608866], [2.829153100118132e-12, 1.0889551948346504e-12, 0.5303775525389771, 2.0460332662406306e-11, 8.511112753401668e-13, 0.469622447437098], [1.7007806323017204e-11, 6.92275355176665e-12, 0.530377564731144, 2.2067879852876102e-08, 4.560124147934911e-12, 0.46962241316802744], [3.08728468247939e-10, 1.2007786330075584e-10, 0.5303775546581839, 1.6061903382567351e-09, 8.654096459791353e-11, 0.4696224432206832], [1.23410230184483e-10, 4.424956097604872e-11, 0.5303775717523405, 3.251480298354458e-08, 2.1148829074911023e-11, 0.46962239555733465], [1.3484701839421791e-11, 8.108306729470631e-12, 0.5303775527339564, 7.927277058339305e-11, 5.004505440864682e-12, 0.46962244715965534]]]]]}