{"SAA_list": [[[0.06099609018310078, 0.06103671547904351, 0.26572001247021343, 0.28822523352733265, 0.03915540224052731, 0.28486654609977785], [0.09749314037222695, 0.06616713202754242, 0.25160357130622923, 0.28081253469218703, 0.03345083647301471, 0.2704727851287997], [0.09146684514542223, 0.07034769383598732, 0.2754392886923861, 0.2597162746191015, 0.04212050227879336, 0.2609093954283178], [0.09932836647144286, 0.0642621804436572, 0.2606510908211129, 0.2812154138140743, 0.03453951801211998, 0.2600034304376031], [0.105157821418236, 0.040681316373875086, 0.2733313090769286, 0.2640573432357704, 0.049540770807966254, 0.2672314390872364], [0.10786723302833809, 0.008466147711933648, 0.2878898020372848, 0.29746721364928774, 0.046111414269575365, 0.2521981893035747], [0.09949325364566398, 0.06507399573953047, 0.2631640770120336, 0.27624400566534535, 0.0433103809972829, 0.2527142869401436], [0.09248440916422734, 0.06599221719274892, 0.2835471479402858, 0.2523500665388367, 0.032580178895595995, 0.2730459802683019], [0.10624198617272272, 0.058428273458140945, 0.25121999552663893, 0.2725783810118827, 0.04436305477344288, 0.26716830905717476], [0.10203701690272948, 0.05731223029688325, 0.24995822824108657, 0.2761365512327203, 0.04339320026945673, 0.27116277305713044], [0.08833480882182528, 0.06895526317397696, 0.26890311031045433, 0.27158485788383163, 0.04269719648028284, 0.2595247633296255], [0.09593752800235573, 0.055174323369251925, 0.26838451431275695, 0.2805970791311158, 0.03881233534836221, 0.26109421983616493], [0.10018811194246267, 0.06435443292420648, 0.2500780425756118, 0.27521925149232296, 0.03818643610323355, 0.271973724962161], [0.0854586234047902, 0.05179804189296612, 0.26135184187763627, 0.2723768630367331, 0.05095833324765098, 0.27805629654022757], [0.09717516280045123, 0.0645254839602376, 0.2683340301960353, 0.2908609590174186, 0.0224824984999418, 0.2566218655259212], [0.08161858704254916, 0.04054684137412907, 0.26521510187946723, 0.2951130795065743, 0.045040030780362623, 0.2724663594169204], [0.08728613778048606, 0.06560802466786632, 0.2543024739715919, 0.27748885145999463, 0.036591430944613035, 0.2787230811754479], [0.10572213863421501, 0.0651708954606206, 0.24589637284540466, 0.26451468261202415, 0.04176199456499402, 0.27693391588276567], [0.10306793170806906, 0.062272848854371975, 0.2556581187765556, 0.2803459771213795, 0.053859580077014184, 0.2447955434626104], [0.07575294471569677, 0.06762955370171092, 0.2772663990261205, 0.27977500296785973, 0.038672054157647476, 0.26090404543095863]], [[0.09113658285072196, 0.06722275732098279, 0.27507789448374587, 0.2786962888515758, 0.024230467369885232, 0.2636360091230785], [0.08377990221705961, 0.06958101106515258, 0.26923681227107676, 0.2751513741790193, 0.03204917559785921, 0.2702017246698304], [0.0917924253562896, 0.06910125087456793, 0.2686773543839516, 0.26833545021105004, 0.04033201211023567, 0.26176150706391954], [0.07494845942921831, 0.0579810674229149, 0.27740178327321235, 0.2954184746477522, 0.038436166401029453, 0.25581404882584763], [0.10644453074381988, 0.05540600124045684, 0.26394779196197643, 0.27461740300471843, 0.027255457228732027, 0.27232881582030216], [0.09953474344737052, 0.060468102720033036, 0.26718464783772816, 0.27526068470133097, 0.04050774460027788, 0.2570440766932527], [0.10498685694500261, 0.05984276198403859, 0.25636512130071415, 0.2702939016244397, 0.033850564516218616, 0.2746607936295883], [0.0970849951716497, 0.06720080929425341, 0.26167041859067075, 0.2664639349521072, 0.043269005517956566, 0.26431083647335396], [0.09488056366231018, 0.06735924503256774, 0.2640031481194788, 0.2564874048584993, 0.04160680608879655, 0.2756628322383522], [0.09177514758686707, 0.060271674169502375, 0.26831818668714585, 0.2699115919709742, 0.04314774429371498, 0.26657565529181143], [0.10124543570593508, 0.06811323304480027, 0.25562831946076425, 0.26660657949734834, 0.039040272105760485, 0.2693661601853976], [0.10253003805661798, 0.06397888624142034, 0.2545702654508776, 0.27456492735560334, 0.038252088401048885, 0.26610379449443233], [0.0983941194398911, 0.06107855861144905, 0.25832148023642565, 0.2732985930296601, 0.03365574972633498, 0.2752514989562384], [0.09009323918926884, 0.06478365060945017, 0.27262461141708544, 0.2598031899731245, 0.038154719352036674, 0.2745405894590395], [0.10003132196707754, 0.06741893933046353, 0.25885295221778964, 0.27388458192039344, 0.039699022525136705, 0.2601131820391406], [0.09144237376647023, 0.06411220599265251, 0.27048424252633857, 0.26408501602661505, 0.0474745974199549, 0.2624015642679591], [0.0984866469264104, 0.056440548879513, 0.26431652254216814, 0.2741681303843857, 0.038458395743377206, 0.26812975552413043], [0.09614567747239668, 0.06549692734438943, 0.2544390843484622, 0.27093746588231454, 0.04076334253678429, 0.27221750241566445], [0.09212384533775667, 0.06275474693661717, 0.2716707000442782, 0.26844118731568484, 0.04220784993819034, 0.26280167042747704], [0.09871750871821719, 0.05596989658605137, 0.2602109853922817, 0.28942120189874476, 0.017467667420385812, 0.2782127399843402]]], "bagging_alg3_list": [[[[[0.093073459315656, 0.06708083329082434, 0.2765654231579664, 0.25073314397157476, 0.07804146674388172, 0.23450567352010165], [0.09410913766364744, 0.06303807141197074, 0.25031492111273823, 0.2906581039422326, 0.055463727987287666, 0.24641603788212774], [0.11213999504451715, 0.08345241892424375, 0.247739246711118, 0.2415208349911377, 0.01944721824242241, 0.2957002860865672], [0.08719972880608737, 0.08832965052275311, 0.3042833161844541, 0.210795842054445, 0.04970976843878117, 0.2596816939934773], [0.13977685719728555, 0.05765367709875497, 0.19333987165418437, 0.2843508203339475, 0.03664804715184834, 0.2882307265639777], [0.11515892320148466, 0.07002532282478413, 0.23484317164124263, 0.21958228701842306, 0.026001404112459874, 0.3343888912016002], [0.12138249546204895, 0.08588747480984182, 0.31173798454745394, 0.21803293033558221, 0.03257363987377573, 0.23038547497128675], [0.08858727046256044, 0.05393865015247324, 0.21380682002091267, 0.2949777381321243, 0.06874740525169826, 0.27994211598023366], [0.11699377015014989, 0.04982613690026551, 0.1912283060245237, 0.3063672540210253, 0.041745051993956304, 0.29383948091007167], [0.08436237203758337, 0.07942392132535414, 0.2513318885274695, 0.2668441058981529, 0.032714691929264, 0.2853230202821789], [0.09224178678296398, 0.0711622857791791, 0.17511721693007343, 0.24524396125691028, 0.05790112375176094, 0.35833362549910813], [0.10634189000404162, 0.05157544972377591, 0.260429464164288, 0.2687625251816828, 0.030055065912902808, 0.2828356050133072], [0.09024479527483674, 0.08475921574872733, 0.23104251601317505, 0.22807124131100445, 0.04502724585718402, 0.3208549857950621], [0.062352776904161446, 0.08879738442705805, 0.28964257745500643, 0.24432536514627606, 0.042158899233986975, 0.2727229968335086], [0.1316943228217732, 0.09758581524397492, 0.2705277878655029, 0.2499168604992549, 0.055036180699897984, 0.19523903286959512], [0.10407875514267034, 0.09282319231451758, 0.22699510556032818, 0.24597952041783003, 0.0352786033847901, 0.29484482317986843], [0.134575068078361, 0.08302382520162487, 0.29722524523064114, 0.22419221018207622, 0.023705161316434405, 0.23727848999085793], [0.05309228820339619, 0.05890943527097606, 0.2367601518105786, 0.24617406509102863, 0.07173439504596084, 0.33332966457805724], [0.11648729192487885, 0.06904806168160363, 0.19966184801141332, 0.3414251118724152, 0.050566590384251424, 0.222811096125438], [0.1269453732803865, 0.07824802595329222, 0.22498126333564022, 0.25430680703998504, 0.030464799493096755, 0.28505373089759967]], [[0.08900126669536156, 0.1103481231141496, 0.26220129058155667, 0.26835235405633356, 0.01719884653717799, 0.2528981190154158], [0.06986060296638197, 0.06335225547560483, 0.2740273151150235, 0.29805787429080577, 0.06340466725974331, 0.23129728489243298], [0.11423059817050824, 0.043995598440460304, 0.2448465612520988, 0.3205720224856223, 0.03359583308445542, 0.24275938656686016], [0.1036805823860827, 0.03535555821371063, 0.2628842980840224, 0.286004684371768, 0.031084249865509516, 0.2809906270789062], [0.08791648466116068, 0.08714369918686517, 0.3001628213507714, 0.2824316403263471, 0.022773980198876484, 0.21957137427597825], [0.11227071556447457, 0.05913789606689723, 0.2295424846388802, 0.22257194131969074, 0.052336563119458536, 0.3241403992906068], [0.11327271621056478, 0.06167026513264042, 0.23330367985993117, 0.23526838986547186, 0.04720196032123444, 0.30928298861015796], [0.1357260096248731, 0.07071528643585764, 0.2259326639863695, 0.31117750035359515, 0.03041154327660469, 0.22603699632269394], [0.09011183026028842, 0.06241942543256201, 0.27909558519262406, 0.34655656952875424, 0.04146974901270602, 0.18034684057305272], [0.11015648883589826, 0.05508390955470235, 0.2716036218590883, 0.1982029178341524, 0.0281167445075183, 0.3368363174086409], [0.13425100449691313, 0.06588554598550571, 0.20379532770946138, 0.23661288295890023, 0.038698225122241726, 0.32075701372697707], [0.13919853598779222, 0.07649660423071407, 0.22847235397482904, 0.25693750108808294, 0.027739185620616877, 0.2711558190979628], [0.06959548521493983, 0.048014445872313564, 0.29972774600197233, 0.2556009824902376, 0.0669364326466371, 0.2601249077738992], [0.11310690443847043, 0.07147112662199313, 0.1993151033021528, 0.3562981866870541, 0.03744519547140235, 0.2223634834789258], [0.10589891579751035, 0.08323197207790826, 0.19988506024181463, 0.32138542582824375, 0.0670706452960559, 0.222527980758463], [0.08533774802525072, 0.04179177099027188, 0.2811372825598351, 0.3323697444088172, 0.037612771663101376, 0.22175068235272408], [0.10321592254870025, 0.10646661134268985, 0.211357023358671, 0.24278660281369333, 0.03930294330358068, 0.2968708966326621], [0.1172546661869145, 0.05887689023856883, 0.2672076028669639, 0.2178784013703368, 0.02932144447241636, 0.309460994864795], [0.08199710679077189, 0.08130669206330578, 0.2054265217280282, 0.26938752546816125, 0.033733808926693296, 0.3281483450230254], [0.0942744778736312, 0.05063943708735979, 0.24669779358402516, 0.33663984459597623, 0.06226957108462558, 0.20947887577437807]]]]], "bagging_alg4_list": [[[[[0.13600024478621237, 0.08375128050110901, 0.26068127480158326, 0.21901169878058008, 0.02558925654559144, 0.2749662445849394], [0.10790546713914802, 0.08233020766002122, 0.32014647115009476, 0.27339232846529854, 0.025171278522961506, 0.19105424706247665], [0.09341662215703239, 0.07470918514018975, 0.2690953978514098, 0.28586002814495304, 0.042488327912552276, 0.23443043879385903], [0.07387836218763724, 0.1044122360801082, 0.24517175088652174, 0.2864751713516845, 0.034571573872778656, 0.2554909056212687], [0.09102193067127357, 0.08692148074088894, 0.3120239227495262, 0.19982713817936096, 0.04999007032137787, 0.26021545733757256], [0.0842316271383514, 0.059860236438564626, 0.24378232409802514, 0.2377445678202868, 0.04596333180596662, 0.32841791269879966], [0.08094073774281794, 0.08810549074037945, 0.2181633459592762, 0.3056568487744492, 0.04419613170416902, 0.2629374450789101], [0.1185067979412455, 0.07142939105670826, 0.23285313867687474, 0.25877509958782197, 0.029706037783588265, 0.2887295349537668], [0.06654085245057867, 0.1020150739167114, 0.27508993662479453, 0.2790641498219879, 0.02725700102439508, 0.2500329861615318], [0.12124914226154132, 0.06158927683455463, 0.24859548279244087, 0.2849835906328832, 0.06315711797874447, 0.22042538949983892], [0.08544182842456759, 0.050748602119966534, 0.2481146030933119, 0.28180033133809773, 0.07176410265466085, 0.26213053236938116], [0.0933995470398422, 0.10403372612663943, 0.2488681904516218, 0.2500763514066566, 0.07023636463034554, 0.23338582034489438], [0.06629618964944606, 0.06636821253333709, 0.2810291562147913, 0.2888720700262052, 0.0353135268195666, 0.26212084475665043], [0.1252717629542704, 0.10105700591932508, 0.2613458899595827, 0.23584113777942797, 0.043095574755448215, 0.23338862863193813], [0.09050616836583045, 0.06189703245318572, 0.33806893085017686, 0.2734521119636085, 0.03750394081549764, 0.1985718155517067], [0.07784551483186776, 0.05881114944314272, 0.2733937582044261, 0.28901039073438717, 0.028086144176369978, 0.27285304260980325], [0.1227283830804964, 0.06880772285936412, 0.3258539756391527, 0.2178196887419252, 0.06709577974462358, 0.19769444993442764], [0.08414470108397333, 0.05205754300076057, 0.2187383556480924, 0.2795917811467079, 0.06137769529745354, 0.30408992382301003], [0.10152544944654267, 0.052806721863153036, 0.2539782035210261, 0.25448393363674676, 0.07626243173996132, 0.2609432597925617], [0.10690436873410551, 0.05533896044085932, 0.22306092405159744, 0.30391930734968714, 0.02576482245692058, 0.28501161696682537]], [[0.11438635085616915, 0.03744562584616543, 0.3253336488568692, 0.247280426564761, 0.05305151192929068, 0.2225024359467427], [0.12299336955940185, 0.09901376204534156, 0.22685929859460272, 0.2759227627884349, 0.03831856097767817, 0.23689224603454215], [0.07777653846942933, 0.11480388913581217, 0.22389120983802008, 0.2483945424079335, 0.054788837213003275, 0.28034498293580357], [0.10220729287633652, 0.02521699369861041, 0.28175585389405344, 0.28414688889658946, 0.03574454689046105, 0.27092842374394455], [0.08050160205038903, 0.0786378340736165, 0.2627100291845636, 0.2971808078036753, 0.021855054586794372, 0.25911467230096735], [0.11937347470953179, 0.0932280119826109, 0.19839520956238865, 0.2985043730305625, 0.04343414617348159, 0.2470647845414218], [0.0474117925639558, 0.07920013365765458, 0.2823509547349895, 0.2730130231936066, 0.04286424861169146, 0.2751598472381192], [0.10801710561518493, 0.06582970585190738, 0.28080990954806584, 0.25375568701569545, 0.03847392833091641, 0.253113663638233], [0.13137114600931188, 0.06023403929080042, 0.24538521928630644, 0.2964666189800702, 0.026316445485493046, 0.24022653094801946], [0.09457168003831769, 0.08473097852434579, 0.22566264352460563, 0.2852291074859966, 0.04929303050475214, 0.2605125599219962], [0.087972284530959, 0.07393029620256208, 0.29434045851360163, 0.2648007278251126, 0.04925403290010909, 0.22970220002765537], [0.10656171626854666, 0.045837926133062715, 0.26833687444707116, 0.2576193594763488, 0.0630160607643321, 0.2586280629106372], [0.0988960547590586, 0.08957733756664238, 0.31187001265743675, 0.24224872373941903, 0.06146995201675391, 0.1959379192606863], [0.06558199299815712, 0.0640398439143092, 0.3199308557771348, 0.24766836685678886, 0.059378118491374275, 0.24340082196223956], [0.12413252121193503, 0.06965084667111421, 0.2916309588229298, 0.24667669596440975, 0.05453040879877797, 0.21337856853082607], [0.10718196681384075, 0.03536652767237708, 0.2931900933394828, 0.21374656181020626, 0.052049341238565854, 0.2984655091255386], [0.07178009008944951, 0.052550408786172134, 0.2914569188367197, 0.3106325719317786, 0.05907667156798599, 0.21450333878789413], [0.15528094471435233, 0.04500870406070453, 0.27853040799068335, 0.2152827131942871, 0.0529776942289819, 0.25291953581100923], [0.11498019801952682, 0.04107111341729876, 0.3384758307270714, 0.2532106127328112, 0.03761039531371132, 0.21465184978958232], [0.10104837271079654, 0.038632211046461785, 0.28205877468427576, 0.29911861402808176, 0.014581990094697135, 0.2645600374356962]]]]]}