{"SAA_list": [[[0.06396769537034849, 0.30625709169356286, 0.20558403130800765, 0.1599065816643351, 0.09178145080055017, 0.17250314916318676], [0.11519023586582393, 0.3169292845618075, 0.18758451150548594, 0.14672127712488206, 0.07756644043061789, 0.1560082505113754], [0.10749808130517444, 0.3158358115954963, 0.21152347827903134, 0.12865041543095085, 0.09665590467539303, 0.1398363087139533], [0.11719928024967627, 0.3172088805132407, 0.19582420956144703, 0.14799648897114162, 0.08171025367107078, 0.14006088703342368], [0.11642713001342414, 0.32529413174388616, 0.19534499161625482, 0.12029805899493624, 0.10317872569483642, 0.13945696193666252], [0.11982204534008511, 0.32180406496499586, 0.20479167794957936, 0.14145512241727082, 0.0961731073104151, 0.115953982017652], [0.11343692073302822, 0.3217766616693196, 0.19358329641086486, 0.14206793517955812, 0.09285747224165856, 0.13627771376556136], [0.11454030167279673, 0.305759237723031, 0.2289763577243346, 0.10978163945582088, 0.0854800087807471, 0.1554624546432694], [0.120266734072795, 0.3270330710060717, 0.1806830232449798, 0.13466695951900912, 0.09361809634764409, 0.14373211580950296], [0.11376891663706144, 0.3248935646506694, 0.18052765937071466, 0.14110261888905, 0.09156074643981091, 0.14814649401270188], [0.10068935535516982, 0.3160703441987563, 0.20438044266188415, 0.14200969221169144, 0.09438520445907925, 0.14246496111342016], [0.11009823162949607, 0.31603283058935017, 0.20025094252076522, 0.1462181119221269, 0.0860520414365718, 0.14134784190169744], [0.11419331903222661, 0.32046668302177905, 0.18397477411701468, 0.14326025924085847, 0.08386104220633751, 0.15424392238178347], [0.09334671574477345, 0.32342877886253835, 0.1908947571227962, 0.13257480563768265, 0.10718200637326405, 0.1525729362589451], [0.11880331359536077, 0.30323730578964186, 0.21197296093869888, 0.16327664570635958, 0.058965382083947575, 0.14374439188603555], [0.08852509595635913, 0.3184509685388603, 0.1927408840470967, 0.15319734335617705, 0.09716284052408088, 0.14992286757742618], [0.10013743199757737, 0.31492211032752876, 0.19167718483117263, 0.14552361280061105, 0.08421651348191275, 0.16352314656119776], [0.12466788486902931, 0.32837477002294047, 0.17736303076373394, 0.1176851134931788, 0.09487370460988134, 0.15703549624124177], [0.11552495630280266, 0.333892747016929, 0.18229285921980617, 0.13903433598247872, 0.11058882723554554, 0.11866627424243631], [0.08670558322000707, 0.30851742475321237, 0.21852246762773617, 0.14952166781149964, 0.09348179447201788, 0.1432510621155262]], [[0.11134978463159315, 0.30127401403914444, 0.21879190747100494, 0.14971078847463248, 0.06525549902692236, 0.1536180063567235], [0.09783463731884247, 0.3067700882734768, 0.21185720709907585, 0.1484612362691735, 0.08006276751185197, 0.1550140635275856], [0.1090015989643437, 0.31632093516452675, 0.2077926760070974, 0.13397186641685246, 0.09374702667743945, 0.13916589676973823], [0.08304201614441524, 0.3087283464166286, 0.22163895282126236, 0.16644208240195707, 0.09492329686934907, 0.12522530534638673], [0.1298503708067617, 0.3113420634584508, 0.20237970763587848, 0.13110453835282354, 0.06941305706501971, 0.1559102626810971], [0.116450915286243, 0.3196569693083661, 0.19917336540848932, 0.13806002051514638, 0.09081456208525888, 0.13584416739649965], [0.12347054092409829, 0.31825121040708804, 0.1896705311511158, 0.13387394074984363, 0.07917863396061271, 0.15555514280722926], [0.11209182652630827, 0.32139038837063727, 0.19553686711396295, 0.12857300647168998, 0.09619945870429078, 0.1462084528131051], [0.11177216917936712, 0.3181952870888395, 0.19921486182479006, 0.11690407472709143, 0.09389535011752008, 0.1600182570623949], [0.10506266999661572, 0.3181628353576716, 0.2024480847086117, 0.13084665965272518, 0.09705527861996407, 0.14642447166440853], [0.11867758684053548, 0.32086490504824594, 0.19006711696912523, 0.132130687134951, 0.08770828877966405, 0.15055141522747464], [0.1192769801979091, 0.3214686822118855, 0.18744035751630903, 0.14024688009357694, 0.08572146136113071, 0.14584563861919977], [0.11690130568603235, 0.3152689307867437, 0.19406601956272415, 0.1398981870210913, 0.07817766476518087, 0.15568789217824988], [0.1051924266449195, 0.3122525066953111, 0.20959438144108117, 0.12458429483831444, 0.09004405119793957, 0.15833233918243725], [0.1160361867187513, 0.3206752497377155, 0.1913825143906699, 0.14187658338230077, 0.08790080097346518, 0.1421286647970884], [0.10382207651784751, 0.3207098311423678, 0.20321306088279625, 0.12641921649853588, 0.10418343256105528, 0.14165238239739736], [0.11396679917383055, 0.31816846511859076, 0.19647634633349614, 0.13728568497183455, 0.08762383162530488, 0.1464788727769384], [0.11061546206347997, 0.32151316729871215, 0.18736100218309432, 0.13681088992952511, 0.09104603326183922, 0.1526534452633497], [0.10568813914846038, 0.3163701604680709, 0.2047982243173996, 0.1348539845477989, 0.09373138597846185, 0.14455810553980716], [0.12274012733925238, 0.3022993720701742, 0.20167832768190055, 0.15848306331395673, 0.04960426471382636, 0.16519484488086963]]], "bagging_alg3_list": [[[[[0.08820688851836508, 0.32618042733068414, 0.20264868200712127, 0.12189173743947787, 0.1243921885827815, 0.13668007612157088], [0.1511946262945557, 0.3482134176683747, 0.14717550796358533, 0.14277141440639673, 0.09941550168764322, 0.11122953197944581], [0.10201494212102462, 0.3264763029622923, 0.18304468371392588, 0.11282768491908654, 0.10742800220454553, 0.16820838407912503], [0.08759560912386037, 0.32593368319276544, 0.1946868607972549, 0.15401763405118554, 0.11414103771320148, 0.12362517512173195], [0.12250675780079723, 0.33490925767367435, 0.17946412677013743, 0.09934554824090433, 0.11385449062638821, 0.14991981888809616], [0.11356317537212213, 0.3452340597120404, 0.15262728611095486, 0.15174221099605403, 0.11542785400239185, 0.12140541380643675], [0.11751026803217683, 0.33301936736269677, 0.16444916670963586, 0.12208576128373491, 0.09998956403441579, 0.16294587257733953], [0.15222858898414535, 0.33588455947391616, 0.18212174225123245, 0.10336944077055663, 0.10062130789414807, 0.12577436062600206], [0.11267672326970177, 0.3322629952869794, 0.20193782900292637, 0.1096225506378589, 0.12529513945867002, 0.11820476234386189], [0.1468082369677657, 0.3324895607158106, 0.14876945942320519, 0.11839048374296508, 0.07432701407939976, 0.1792152450708057], [0.12187987531074476, 0.32421617362143823, 0.21612865866906014, 0.11921892381730823, 0.11045515453130451, 0.10810121405014343], [0.11090830197640544, 0.31832966857870176, 0.1827535228070674, 0.1244923600563766, 0.08364397254080501, 0.17987217404064432], [0.11942170336143493, 0.35143648217048445, 0.13492213295180852, 0.12689423224876267, 0.11874521708114187, 0.1485802321863675], [0.12919661397769377, 0.3295856827861854, 0.14782080610668552, 0.1295016058297352, 0.07547816592453252, 0.18841712537518168], [0.12556476189268215, 0.3389855008366893, 0.17248561407276825, 0.15831881384083452, 0.10663759355972457, 0.09800771579729843], [0.11316678006188782, 0.33792262973987275, 0.16741933203883066, 0.11045159494423319, 0.11617918773683363, 0.15486047547834156], [0.15413161791028632, 0.3210552416369594, 0.18657301195700707, 0.10773786666120341, 0.07085018388021858, 0.1596520779543174], [0.12294071219359405, 0.3279430316481741, 0.19801526539517933, 0.08751035367932394, 0.11216905869815927, 0.15142157838556397], [0.124667988406894, 0.34700456966964427, 0.14706401206888223, 0.1446213172757161, 0.11095406965542431, 0.12568804292343333], [0.10533135728072049, 0.34402235668726566, 0.1686760947637943, 0.13627451719233738, 0.12946731446938672, 0.11622835960650024]], [[0.11392762594158633, 0.32413024885471015, 0.19142588887723577, 0.14391912872273163, 0.09586905568278666, 0.13072805192095252], [0.1252799403989763, 0.34113722915964007, 0.17854231499330864, 0.1101472920822429, 0.12286596083731643, 0.12202726252851577], [0.12902909908757623, 0.33365869928400604, 0.1464290962340442, 0.16183707033117242, 0.07775961657496117, 0.15128641848824448], [0.1186733679764104, 0.32774368115604485, 0.14418295952278024, 0.1340437059347675, 0.07448016770163082, 0.20087611770838273], [0.1180710570737469, 0.34191399382998977, 0.14907148000017412, 0.09942903735514973, 0.11275707056480498, 0.17875736117613664], [0.14120936578687976, 0.34702914769366505, 0.1373758264058391, 0.15677994697734732, 0.09426028458940466, 0.12334542854688206], [0.1086491960291678, 0.31984837123784343, 0.21233234164633016, 0.10361552256461368, 0.10898141235858155, 0.1465731561634633], [0.1168365377627237, 0.3517183052659947, 0.1325688010090488, 0.1388073777153989, 0.11735056607223456, 0.1427184121746021], [0.14440940558153137, 0.32318403852619604, 0.20431950519826741, 0.11776878230546949, 0.08934472190086658, 0.12097354648766932], [0.09642378331058118, 0.32343606195233204, 0.17552938374476448, 0.1294333299788779, 0.09696744832826026, 0.17820999268518836], [0.10414464627306687, 0.33468151218166986, 0.1501557481435019, 0.1873357292906959, 0.09133478166455423, 0.1323475824465105], [0.13807147209564188, 0.3176421430716114, 0.23698545580743727, 0.10286234951542556, 0.10313766418872874, 0.10130091532115681], [0.11874604142658346, 0.34938726633920325, 0.14892895979341603, 0.14815165262287733, 0.11960675709467017, 0.11517932272324331], [0.1032855563922848, 0.3479882291824624, 0.1413861943457043, 0.13754900946163703, 0.12242808813606676, 0.1473629224818431], [0.1159161770585176, 0.33871319536253924, 0.1868411303959601, 0.11940105497235624, 0.12630434823276782, 0.11282409397785026], [0.10244143593667587, 0.3168231895672539, 0.20855163868327026, 0.14158920468203007, 0.09752471882873374, 0.13306981230203582], [0.13874901199648948, 0.352118930095946, 0.13284299197785082, 0.13022223099243285, 0.10787026316308915, 0.13819657177419448], [0.12342362575098603, 0.32068567578152946, 0.18869535093380715, 0.1270831122857934, 0.08479212470972616, 0.1553201105379204], [0.13190810020361837, 0.31500542987930025, 0.21904383874896657, 0.1360407563440185, 0.08488982993236185, 0.11311204489173583], [0.10549261341899098, 0.35360021790839674, 0.14219627506374163, 0.11099356276410734, 0.1377392458341301, 0.14997808501063267]]]]], "bagging_alg4_list": [[[[[0.14856513936543372, 0.3463773829911661, 0.14977748148027709, 0.1161796691354926, 0.10303121790218085, 0.13606910912544834], [0.1463119728769901, 0.32836792319089997, 0.1921725586223422, 0.12530533191284488, 0.0905821045350908, 0.11726010886183058], [0.10573969882126676, 0.3530903804078204, 0.15460875842287727, 0.12840684912626438, 0.140979762175798, 0.11717455104597345], [0.08621672522822263, 0.3281740598577567, 0.18360246899381177, 0.16366863037728377, 0.11135440905902338, 0.12698370648389104], [0.14297829831545367, 0.33395157170805956, 0.14789176096036596, 0.1453417438291494, 0.07440692988774833, 0.15542969529922457], [0.10912738157688112, 0.3250874144624939, 0.18868772247222368, 0.12210364245942897, 0.10248047686100217, 0.15251336216796962], [0.11902049867755844, 0.3547755892140082, 0.1246483489387372, 0.1496683341538593, 0.11598431984417537, 0.135902909171618], [0.09709002210433662, 0.32128971231095854, 0.16358721292738376, 0.1508565201751358, 0.08153266882401423, 0.18564386365817145], [0.13380665318746848, 0.3391027127334171, 0.1471477108758583, 0.1362172128785522, 0.09111687890431035, 0.15260883142039966], [0.15302142163194013, 0.345740712784167, 0.1646989001323778, 0.09100039389425177, 0.11232172338351254, 0.13321684817376894], [0.11868359456479367, 0.326781948511599, 0.17174674914103277, 0.1383473922591836, 0.08806206028319025, 0.15637825524020238], [0.08674140537940206, 0.31740264867887324, 0.19379737564857966, 0.15599651036994608, 0.09612281457944992, 0.14993924534376604], [0.14497241758076332, 0.32235391278304804, 0.20658172121736385, 0.10493979511829561, 0.09080424570648038, 0.13034790759404893], [0.13865970478050227, 0.3498728579164601, 0.1405954979789217, 0.14186086006520307, 0.10591644810375289, 0.12309463115514964], [0.11431563892389573, 0.3204211802468006, 0.19465991918910205, 0.16285678741839735, 0.08674288385323489, 0.12100359036856155], [0.10889031883544593, 0.318898758043591, 0.19547077414458544, 0.1308679830938442, 0.09236833553699424, 0.15350383034553336], [0.10030597566880134, 0.33134758854611956, 0.1986996811790787, 0.10940424145381022, 0.12824682115650596, 0.13199569199568473], [0.10005982569553218, 0.33679863442185126, 0.16975187556921018, 0.14303636804885023, 0.11691258206647955, 0.1334407141980759], [0.14623256776124094, 0.3359802096544541, 0.17595536838936762, 0.1051803176594135, 0.10012894514164948, 0.13652259139387607], [0.1512946709474937, 0.34899178167991507, 0.16323509771599592, 0.11569271440279728, 0.11498636994182276, 0.10579936531302385]], [[0.13192763497758186, 0.32747563372190697, 0.17409215123313196, 0.1318618355099724, 0.08477010683336568, 0.14987263772404089], [0.12330502307872852, 0.33332362156638007, 0.17438865684069937, 0.0981412624019898, 0.10734574202740416, 0.16349569408479656], [0.15820766326645813, 0.3409906632672381, 0.1602575119007636, 0.11476503020131887, 0.09309456555970932, 0.13268456580450644], [0.12510867789113342, 0.32106782523308053, 0.1960494730406007, 0.12387945216627239, 0.08954849274964402, 0.14434607891927045], [0.14191428397184705, 0.3446511410456653, 0.14874014709280256, 0.10906766356607744, 0.10365283134315774, 0.15197393298046208], [0.10752472369005475, 0.33638722049742226, 0.17312462353109465, 0.15749269102418018, 0.1115856664382645, 0.11388507481897717], [0.13599597508861347, 0.33538559240129195, 0.1881643957245532, 0.1169451313308344, 0.10971298780269112, 0.11379591765201438], [0.11712791476058641, 0.3157816706317683, 0.1973816632688554, 0.10883227400684259, 0.08626386392091344, 0.1746126134110329], [0.11875335239612324, 0.31766646249633385, 0.2020214049265236, 0.13823300565002583, 0.08710578460845171, 0.1362199899225443], [0.10984806005119273, 0.3383149692021794, 0.14641672599955094, 0.13690024083621893, 0.10195909716175887, 0.1665609067490984], [0.1109189778544981, 0.32498777109248256, 0.19280837039376547, 0.1332119110930595, 0.101881281805638, 0.13619168776055854], [0.12537451651476825, 0.3448597784365332, 0.15864007788021894, 0.11565241870429366, 0.11782140693125182, 0.1376518015329332], [0.13617292819459337, 0.33696145356443485, 0.15125080297802557, 0.1507584788195518, 0.08540341097886356, 0.13945292546456498], [0.14967697415210474, 0.34228048103536796, 0.14370501621377094, 0.13120751179818457, 0.08786246908853744, 0.14526754771204659], [0.13124362193713604, 0.34033365919689773, 0.18456153710337905, 0.11097710858904845, 0.12138526615338364, 0.11149880702014658], [0.1261721023353335, 0.32451716848491957, 0.20139594389028578, 0.11314761810797866, 0.10105071931862052, 0.13371644786286221], [0.10650381523916125, 0.33537012701600566, 0.16744552947164776, 0.13345692680661156, 0.11069739005456954, 0.1465262114120082], [0.11925268213349821, 0.3516647760587624, 0.14081627116874293, 0.14211051717366152, 0.12025074803828957, 0.12590500542704625], [0.10455147457026165, 0.33489908745178715, 0.17169482365142963, 0.15687804331794192, 0.10938383381828377, 0.12259273719031814], [0.12121892030386554, 0.35480053340345136, 0.15788383490487998, 0.12757403367127804, 0.13817883060817937, 0.10034384710711694]]]]]}