{"SAA_list": [[[0.3639103343556947, 0.2152271750969364, 0.08565706588623083, 0.09171680985114553, 0.08804652979561192, 0.15544208501438195], [0.5304133243240091, 0.1444234886957188, 0.10048696433444368, 0.1090354983872603, 0.09277051963321598, 0.02287020462535506], [0.607029943929556, 0.26060468441938817, 0.007143866229346747, 0.10959501113234953, 2.775428739093971e-12, 0.015626494286581416], [0.4700099804071602, 0.09240442956238853, 0.04162777356710125, 0.061628932505500035, 0.1251601898223242, 0.20916869413552092], [0.5514167130595584, 0.27580487818277316, 0.03328988903870363, 0.12646102015887445, 0.013027477967103254, 2.1592983679538745e-08], [0.6098958114530584, 0.16033325983104527, 0.05049220820989803, 0.03552619053870307, 0.13525439171119705, 0.008498138256086432], [0.5130803899755868, 0.18680213507746504, 0.018028936095695728, 0.07190541308616828, 0.130224409019274, 0.07995871674580458], [0.4456104726738115, 0.18009476408492744, 0.04991790329567639, 0.13549968491898368, 0.11376203009468147, 0.07511514493192196], [0.48029840856311407, 0.2281021072508108, 1.2524096155944883e-10, 0.1317992435879166, 0.15980020817201596, 3.23008946846233e-08], [0.5613237354279762, 0.245226153722072, 0.029446691354101166, 0.03331335202642886, 0.01165625939983557, 0.11903380806953484], [0.7702133042982562, 0.06144888666696865, 0.045627703647570184, 0.023841233535452235, 0.0036319868115920495, 0.09523688504015984], [0.24745930213126352, 0.04209832188234966, 0.11062367388801995, 0.23630441604742938, 0.2925022269328195, 0.07101205911811932], [0.293750636179296, 0.2797770662755835, 0.11750632643548778, 0.06446083729830605, 0.17131639294671316, 0.07318874086461423], [0.422118815401059, 0.20841552309305778, 0.040196697383201266, 0.08721838245852766, 0.06646818849113419, 0.17558239317302368], [0.5712287920322642, 0.07027178365185117, 0.06982926043654264, 0.14240763978199203, 0.06651722308508515, 0.07974530101226851], [0.4798553973999108, 0.22938948853807392, 0.051968502068803754, 0.12533322428725355, 0.030625151443171014, 0.0828282362627948], [0.5862416618526934, 0.14682052614793747, 0.02589156539096693, 0.0822721849541831, 3.0398172735652147e-12, 0.15877406165116748], [0.4975074959532693, 0.2092132927364288, 0.07613920220988891, 0.07672634400150359, 0.08337793378973052, 0.057035731309178855], [0.7590124715467977, 0.09546900067762087, 0.005834465303831157, 0.05071890525990518, 1.1037220148675086e-10, 0.08896515710154453], [0.34473880548439545, 0.29470824152519004, 0.10241894632418266, 0.034691700038802405, 0.09551594012266784, 0.12792636650476244], [0.6440003249142446, 0.060183269056228186, 0.027931020336269347, 0.17000558650511385, 0.09787974587540117, 5.33125047004231e-08], [0.6185961444007311, 0.14061881218654468, 0.0267448359419483, 0.04206059327165134, 0.07299418581192145, 0.09898542838721577], [0.2916282979703421, 0.14955876095585716, 0.10315471504287682, 0.15058511447835338, 0.2004522420168174, 0.10462086953575175], [0.16677727159942018, 0.2430556014186934, 0.1595774175714614, 0.28920146899840254, 0.012230732198278494, 0.12915750821374178], [0.8103819739844875, 0.048551043621052635, 3.0188876050597454e-11, 0.05815406002209782, 0.06432383913344186, 0.018589083179043626], [0.3610841664048423, 0.33027983695673174, 0.04593088444680459, 0.06568748371370808, 0.17602914333864408, 0.020988485139270992], [0.7761492671620476, 0.07647373766370484, 0.01729402890809096, 0.07573866457636569, 0.00380289970070223, 0.05054140198910989], [0.5556782924578584, 0.12763434701790963, 0.1517033069146441, 0.09092138575506788, 0.02158552215299553, 0.05247714570152552], [0.6082424648564817, 0.16934836775673487, 0.007531181074905583, 0.11947872161690194, 0.05136387937506073, 0.044035385319924514], [0.141829092646827, 0.26111674401421847, 0.15138837522581483, 0.13013296166300983, 0.1186377721357305, 0.19689505431439958]], [[0.7774142576790237, 0.022299362429812574, 0.03235943832514794, 0.0333792007082707, 0.05456097598635889, 0.07998676487236299], [0.6629980945293935, 0.05515118941616571, 0.15046087552495072, 0.05557107627674557, 9.300099328531662e-08, 0.07581867125174255], [0.6723398314679783, 0.043096780483460495, 0.1338216980346617, 0.037121166676972336, 0.06666861430825288, 0.046951909028667], [0.6349292300714813, 0.14640085125308186, 4.6365944475862794e-06, 0.04202901650579437, 0.06571555184504639, 0.1109207137301515], [0.374534733049974, 0.12662579050286202, 0.03238004642457563, 0.05957182361610711, 0.19506723543625115, 0.21182037097023085], [0.607383419492196, 0.19809300909538208, 0.034026196553471964, 0.038557738554763465, 0.03721944416931683, 0.08472019213488909], [0.5521534672483794, 0.04594424739645836, 0.03610071099375816, 0.07933815593172977, 0.22251848324181592, 0.06394493518792228], [0.4076956321679784, 0.19805640888452178, 0.07792292165217177, 0.11276979254170241, 0.16553371086535051, 0.038021533888275616], [0.5326420200949588, 0.11489289394111882, 0.07109999422385345, 0.04403952707145611, 0.19401085598811124, 0.04331470868050009], [0.618378757502779, 0.11528296222600215, 0.08217027376424238, 0.10807163841523407, 0.042733305491531245, 0.03336306260021289], [0.7627523510410148, 0.02979780086258377, 0.009580561455634849, 0.06485277646617069, 0.07713213131773611, 0.05588437885686509], [0.5169144221817665, 0.20747919753770086, 0.0874385962936709, 0.05042865290123598, 0.11063300196554711, 0.02710612912007553], [0.5170082698525402, 0.17319188836534985, 0.005079752538619467, 0.015355053674871272, 0.1924860025651713, 0.09687903300345856], [0.558731292526301, 0.20210317733443436, 0.023795116620140007, 0.060515959085216446, 0.12978503079217102, 0.025069423641735845], [0.5393676336152937, 0.07768002845369229, 0.08055222171654593, 0.1041972805165816, 0.03409383949733255, 0.16410899620063873], [0.5515439728030249, 0.21800469290399943, 0.04424740236757868, 0.03498515664477177, 0.06114851157689555, 0.09007026370377089], [0.45069356607208555, 0.2906786447954063, 3.461167543077925e-08, 0.11453582371933997, 0.005341307593484114, 0.1387506232080135], [0.5774348757120599, 0.1239823044502672, 0.03368783249593099, 0.038360102600965715, 0.18268146957839806, 0.04385341516240611], [0.5326923364116765, 0.09105368124365608, 0.054760999709281596, 0.13385192105026467, 0.12288373961324198, 0.0647573219718891], [0.4861551294319079, 0.07182410747461636, 0.06422703004835245, 0.03872800406707648, 0.3041086440826235, 0.03495708489536689], [0.7165977422076119, 0.0843298262671101, 0.0006542916634904812, 0.04998333025253601, 0.12045359112083177, 0.027981218488414034], [0.5664860765841623, 0.2126224652487507, 0.05297208929526162, 0.05386402369955564, 0.07558863535810312, 0.038466709814130626], [0.6183044025262883, 0.16387491426198797, 0.046657935390562476, 0.06271105457956934, 0.061512593295064144, 0.04693909994654612], [0.7285260270820979, 0.00941123391793834, 0.023611653700460526, 0.06401583513984063, 0.12729482367971673, 0.047140426479977064], [0.46060764388403785, 0.16715608703454027, 0.09282305058087421, 0.02380312602229909, 0.24230274997683637, 0.013307342501416233], [0.494911324446627, 0.19125004248109959, 0.00835514619232519, 0.06956861857343763, 0.21332026775580654, 0.022594600550719417], [0.13639344697102038, 0.34756020328569776, 0.035970836498068766, 4.449326495176885e-09, 0.22324974554972213, 0.25682576324616724], [0.6230354295211668, 0.1401255162945774, 0.06657574605293912, 0.05354427252624622, 0.04701213618981925, 0.06970689941524498], [0.5372453147626037, 0.12689038015723644, 0.08579184363233346, 0.018741101771340155, 0.20259786554977371, 0.028733494126715626], [0.663985078600625, 0.08339225055498684, 0.12109433191380875, 0.05443560170593554, 0.020333287870247147, 0.05675944935440372]], [[0.4605089735416328, 0.11819113157830995, 0.030646237495951446, 0.13226335140678502, 0.08983049055349657, 0.16855981542382978], [0.729036912706703, 0.0010544816631895325, 0.04067785997550643, 0.04047904934608849, 0.10747139147563738, 0.08128030483289463], [0.4394019050236798, 0.2196309494125246, 0.02543638354045597, 0.037161486010866183, 0.1483137826208016, 0.1300554933916621], [0.6092678389698695, 0.060110709451563514, 0.061141587647363715, 0.1889505865952392, 0.036789294924490394, 0.04373998241147824], [0.5417492600213005, 0.27577998126113135, 0.045022629484751484, 0.04130453064458355, 0.05284275208326969, 0.04330084650497788], [0.331319891075795, 0.2448057630632178, 0.05946645934408651, 0.0804903090275217, 0.13393438167878505, 0.14998319581059366], [0.2755334791514135, 0.282452615110163, 0.029266406126239253, 0.17501379917606527, 0.092383158850773, 0.14535054158534935], [0.5101215094714163, 0.15329351297936522, 0.02229285810107248, 0.1305243561922602, 0.11525624612378631, 0.0685115171320823], [0.6487426439526116, 0.1818847189140978, 0.020645060612751086, 0.08927935227983361, 0.023111890469306607, 0.036336333771444816], [0.5226799059661126, 0.09190456505986969, 0.12599149360064257, 0.07939281560089603, 0.08393936992491058, 0.09609184984757521], [0.25071267122347185, 0.1302145542967492, 0.1454543890493284, 0.0895135750861194, 0.2678739462080399, 0.11623086413628882], [0.4235552452341932, 0.1328822676114988, 0.12249170270707418, 0.10478743904682358, 0.15359413096454172, 0.06268921443586391], [0.3167913122029193, 0.2134484764588105, 0.09514423493087805, 0.16910079362334995, 0.1567326596708011, 0.048782523113240946], [0.5678038666234412, 0.13894966907648598, 0.0735268706698888, 0.09047613254889021, 0.010296401360117252, 0.11894705972116647], [0.6071982510967701, 0.05513558178712059, 0.07999652572002412, 0.03095745482743894, 0.13942087302012962, 0.08729131354856377], [0.48737940556390696, 0.11750384873620791, 0.0005136662382286755, 0.10666962213396868, 0.2195894435776932, 0.06834401374999773], [0.44609133495326053, 0.15963157818710302, 0.04980851421532416, 0.07743999984353137, 0.09340771003104231, 0.17362086276974723], [0.22416677666702473, 0.25801968457648494, 0.026276164164229874, 0.17457908483842594, 0.2768962405666637, 0.04006204918717148], [0.48834965913514455, 0.23435028912846975, 0.019523807832607973, 0.05132009922751461, 0.07801672002437826, 0.1284394246518834], [0.6162865826744955, 0.023413659671328198, 0.09468924704805659, 0.07511029668466476, 0.07701971270557255, 0.11348050121589304], [0.6899333038171274, 0.08232393226057733, 0.05575679390002514, 0.08848617688898151, 0.036683957633062605, 0.04681583550025172], [0.5472998034731202, 0.08651931498147584, 0.05257400489336477, 0.11665498938896646, 0.119783455144746, 0.07716843211830796], [0.2901469117011147, 0.31874622672978786, 0.05165058457560882, 0.18010004428965207, 0.09123793191762701, 0.06811830078620965], [0.6110212306172866, 0.07556329338622365, 0.08387894141596851, 2.8674667211988325e-08, 0.13141414069531765, 0.09812236521052543], [0.5603473552008468, 0.29445155620129154, 0.009868364940616834, 0.06508511664251154, 0.029815650029106938, 0.04043195698561984], [0.20239843350439177, 0.31961321161628886, 0.08873630687315932, 0.1605853694465646, 0.13416047590808738, 0.09450620265150755], [0.35882979154876166, 0.2413984457935393, 0.10840045747572423, 0.11288895083333039, 0.10929549935679768, 0.06918685499184506], [0.4891056549031624, 0.15014329270494212, 0.05432304003662083, 0.15035181443659146, 0.09046091358510423, 0.0656152843335787], [0.5792379067560358, 0.15776955722894848, 0.04068628573605938, 0.10909730571087561, 0.03451133009298572, 0.07869761447509298], [0.7193996123534792, 0.15084477957215284, 0.028001074674388195, 0.0269859842377232, 0.0510419072415416, 0.023726641920359948]], [[0.5927523646911997, 0.12444777909767274, 0.06962836561924825, 0.01507900665911864, 0.12715193048348866, 0.07094055344923715], [0.50345812807554, 0.14592335005615004, 0.10124953778214016, 0.08050611656472995, 0.11818355878128231, 0.050679308740148886], [0.5063960280389768, 0.14999260937641765, 0.04272642775485195, 0.013811984514780317, 0.16744430602215243, 0.11962864429284487], [0.567672637857793, 0.13310447494568392, 0.03985382283834046, 0.09223881853011352, 0.09640393208770348, 0.07072631374038255], [0.5218284263390488, 0.18671549947049834, 0.053566560358950806, 0.07490847374172449, 0.06471231388679426, 0.0982687262029967], [0.6152523061417952, 0.17449839646217916, 0.0287450290056124, 0.05699578132960017, 0.10709192167587202, 0.017416565384966647], [0.6678612200605015, 0.11208025217694408, 0.01669871021142921, 0.13737870039906705, 0.010042358768532553, 0.05593875838359074], [0.6783385764217857, 0.05933847738584369, 0.005771205688215111, 0.1135453648141343, 0.070478612346864, 0.07252776334308612], [0.619729930621772, 0.09618851712250395, 0.033401865157823396, 0.04692738955526521, 0.11534939979744609, 0.08840289774514944], [0.5652191202290373, 0.15582562581305262, 0.06416432528665465, 0.04971170938883507, 0.06504416990566385, 0.10003504937679288], [0.530599750984424, 0.1519253689619116, 0.08039673297038634, 0.06951741917557502, 0.10622499318504147, 0.06133573472265303], [0.5953679199064376, 0.10620775680052459, 0.030252974338989484, 0.027810399858607508, 0.09555114235451972, 0.1448098067408961], [0.551022137971757, 0.15661606781262735, 0.044099888511078406, 0.04527992150387265, 0.08871577233521877, 0.11426621186546035], [0.508886432913818, 0.2521514837746545, 0.006604505858946101, 0.08879875488951318, 0.08093334921611188, 0.06262547334693552], [0.6053430522651162, 0.13681146325283805, 0.024191244609697, 0.03292048109336678, 0.10806009297794214, 0.09267366580097038], [0.5996215587224308, 0.13812406987331646, 0.04486765360209273, 0.06961982304853365, 0.10692667766089908, 0.0408402170927368], [0.7743039443382994, 0.06286854634129767, 0.011961168246286371, 0.012424641627376073, 0.06584855366191815, 0.07259314578516617], [0.6638974350406515, 0.1373049544141897, 0.027126699220439775, 0.06932722122386366, 0.03411899890968713, 0.06822469119101474], [0.6258645240645426, 0.08604629839622027, 4.622983196082882e-09, 0.08134102447320393, 0.13298125294333996, 0.07376689549972917], [0.6164649905590631, 0.09706033591170293, 0.053161630484963245, 0.06424101449099816, 0.16080618762616786, 0.00826584092711057], [0.6880988631340609, 0.025401491152448195, 0.09420404248383782, 0.009369542120234158, 0.10125053428829012, 0.08167552682112827], [0.595629280153061, 0.11939368728985897, 0.012901725172891733, 0.07917928143450241, 0.020197776861680124, 0.17269824908799486], [0.5756189614985763, 0.14029380397395427, 0.052101386209417344, 0.10288301163810115, 0.06661320980511237, 0.06248962687485281], [0.5405756126320301, 0.11161591980464962, 0.056457916008997966, 0.04140491384472214, 0.12091015360632593, 0.12903548410328292], [0.48702257069702504, 0.15256459452715698, 0.013796909909561039, 0.13405973736720178, 0.11709719100762318, 0.09545899649143144], [0.6630368375887553, 0.17079741352749128, 0.035678104332314726, 0.053314829045830354, 0.07055480897457335, 0.006618006531035195], [0.46130254009970423, 0.14992521045309395, 0.07818132577093427, 0.0742645388414968, 0.1647072573190246, 0.07161912751574298], [0.48159851793282393, 0.18795341476111033, 0.07360431999330964, 0.0836767405976081, 0.0907162307765796, 0.08245077593856852], [0.6128185568555501, 0.1232455441122166, 0.04397383429288132, 0.04174128481001753, 0.08811704803477549, 0.09010373189456002], [0.6241566298532033, 0.24933798451085595, 0.03463735345894118, 0.018146291320450106, 0.04930520786193317, 0.024416532994637793]], [[0.602802977841552, 0.09285272660398104, 0.08726531083977003, 0.08960211173581735, 0.06982013257814651, 0.057656740400729226], [0.6114685584596629, 0.17776462734229664, 0.03113705877370551, 0.05431605536487015, 0.04675580509168407, 0.07855789496774375], [0.5025153053537028, 0.14459842093465808, 0.07674131424971692, 0.05066757304215662, 0.07856324167001383, 0.14691414474975842], [0.6116669903287598, 0.1104918483088379, 0.061491970634808185, 0.07602776687845121, 0.0778565360622048, 0.062464887786918964], [0.631990787794874, 0.12164720902600541, 0.021951256485451855, 0.07239886860127523, 0.09201152539131258, 0.060000352701069695], [0.630632804943874, 0.14191547479261737, 0.038924561377235475, 0.061240966081654705, 0.06821129584787056, 0.05907489695666092], [0.5677390489152693, 0.16192225235488747, 0.05865592385304608, 0.07137937370669023, 0.020267298877404406, 0.12003610229274604], [0.6383455311477183, 0.13366485235961675, 0.038890035235019174, 0.07978716795759337, 0.08167955308540117, 0.027632860214742896], [0.5382181935583271, 0.15385860084373093, 0.058187785004601957, 0.11318367420825771, 0.09622314321921804, 0.040328603165880696], [0.5723608864866452, 0.06981199198093155, 0.06549518145639552, 0.1088192899004785, 0.13940722062375127, 0.044105429551798594], [0.6870647212225696, 0.14728639212865943, 0.07698655842201046, 0.03324189338092104, 0.04073875946313653, 0.014681675383080836], [0.7107889072331999, 0.020011281429104306, 0.07248893229030232, 0.03774051025504459, 0.08823798144178602, 0.0707323873505564], [0.7172782085722682, 0.09635518001431015, 0.054686789491254315, 0.07631243979053826, 0.027082794165821246, 0.028284587965850816], [0.5673385279653514, 0.22128004414792754, 0.05511314421360948, 0.06435735070374557, 0.04708987123014613, 0.04482106173921528], [0.6021380917394371, 0.1269568606649225, 0.04038891533229805, 0.08384387996904576, 0.08340982049044979, 0.06326243180384555], [0.6638744022491971, 0.1571250797913171, 0.030291866345911144, 0.06468509741649098, 0.05451713926471272, 0.029506414932230114], [0.6564684442327573, 0.11069896511005298, 0.03287188376239662, 0.023773532133477878, 0.10698982200484274, 0.06919735275645317], [0.6374864255223732, 0.11055665136491273, 0.052187639980107337, 0.01850077786058591, 0.07195165879828963, 0.10931684647374483], [0.5831572290464453, 0.14187714348019478, 0.03856185277266037, 0.0868713801053531, 0.10023957082917354, 0.049292823766015494], [0.6412834603642017, 0.13581330063162644, 0.019560290647681073, 0.06863889138679308, 0.09522596580792565, 0.0394780911618664], [0.33178081539423765, 0.1897369172230849, 0.09499529746014707, 0.1832110738115028, 0.06841507540549757, 0.1318608207055295], [0.6464468857215637, 0.13111336769156026, 0.047111314846212705, 0.06082175488007712, 0.048948624737596536, 0.06555805212282421], [0.6836311348666367, 0.10564944019487917, 0.014226032339752786, 0.042595481217000714, 0.09011192364800902, 0.06378598773369169], [0.5475820602662231, 0.20953218012429542, 0.0467270007598026, 0.071905223391889, 0.07498430185831595, 0.04926923359947978], [0.42921299243988176, 0.2971042416457484, 0.055827838797858305, 0.1173637732100525, 0.047974377938240775, 0.05251677596821094], [0.5374584359824485, 0.19231390740895865, 0.04573140407052057, 0.10800289436324524, 0.05327914654558711, 0.06321421162923536], [0.5789042122903906, 0.1274912136598243, 0.05156628507019473, 0.04134436378401324, 0.12458724809648399, 0.07610667709908021], [0.5056833995822877, 0.18621217594118022, 0.027739359640873026, 0.0758774927389306, 0.1230236957589711, 0.08146387633774407], [0.4942170854788277, 0.19462353738194352, 0.07321497547034002, 0.11603676954306699, 0.06069844684863381, 0.06120918527718459], [0.646237766619122, 0.1352526685814827, 0.0612010799093477, 0.04230072186528913, 0.06006690478292834, 0.0549408582417802]], [[0.5845697316299396, 0.1145041427542008, 0.056766108530339504, 0.10172512553290239, 0.09067002901317651, 0.051764862539502285], [0.6216061245955572, 0.16514164805247766, 0.042507230594586505, 0.029107229405844762, 0.0786739214745933, 0.06296384587679049], [0.6488681434731683, 0.07997683300837333, 0.032345078280177776, 0.09818658610840411, 0.08069182384107294, 0.05993153528881908], [0.5865651379477033, 0.15558124158839473, 0.04140030441849455, 0.054330718357481274, 0.0680632711290632, 0.09405932655882546], [0.6376712980415108, 0.13344213660415571, 0.05975928393263938, 0.05987454855228367, 0.028377533570715416, 0.08087519929867014], [0.6785275018608538, 0.1153222801621139, 0.03001655067805041, 0.06476896807821138, 0.035914412123348165, 0.07545028709723009], [0.5524519694460915, 0.12114026180124496, 0.08211066711277346, 0.07811470244026571, 0.10381302135349932, 0.0623693778461136], [0.6195488901753211, 0.16584046858888102, 0.06475025807843386, 0.04745026210138094, 0.042429310293596464, 0.05998081076237057], [0.5279981134594061, 0.15125021807282638, 0.05167184352528737, 0.08764350191874717, 0.1141218103271486, 0.06731451269657221], [0.5660748704949183, 0.15422686380925704, 0.05273864325212647, 0.06813953701920669, 0.09456630618906535, 0.06425377923543026], [0.6808087467237065, 0.08258712602608237, 0.012036781585394313, 0.10993275369655751, 0.06134262405977469, 0.05329196790845739], [0.5815410346632105, 0.16073496301266987, 0.03107537495222596, 0.09902880770979391, 0.08170605526420321, 0.04591376439790821], [0.5612641310305374, 0.13262312915481272, 0.04979951214562946, 0.08542739373399763, 0.05467196568350168, 0.11621386825152136], [0.6801299461499565, 0.12218882039414586, 0.03579021667113064, 0.060035362267433695, 0.03699955868917021, 0.06485609582820083], [0.7079951276120964, 0.06374232602704141, 0.04038900257633385, 0.06111398678378652, 0.08951977385910001, 0.03723978314158704], [0.6518417400407082, 0.14183402878790694, 0.035540993364488765, 0.056470574026836584, 0.048704327292782824, 0.0656083364872948], [0.5780792923784653, 0.14804738978602255, 0.04906420570314432, 0.07789993259633314, 0.0961455251857927, 0.050763654350242104], [0.6364621004787593, 0.10803001664782644, 0.007865492511148736, 0.09828079695877506, 0.08990116560831958, 0.05946042779517004], [0.7202826617784643, 0.057646536722866105, 0.05073555689684331, 0.1027279301381315, 0.053923454546310964, 0.014683859917361737], [0.6358717478508382, 0.16353638222715627, 0.03268737475125774, 0.0706901660333126, 0.07868027015374919, 0.01853405898366075], [0.5985919640971127, 0.11713590689363208, 0.07675266827690459, 0.03158488007711068, 0.093346931323191, 0.08258764933202929], [0.6367997473052027, 0.14199233803920824, 0.06713085661178012, 0.020393462867516504, 0.047767658846177355, 0.08591593633005934], [0.6947075268013558, 0.1107161058094868, 0.03351145580554866, 0.08802981890116503, 0.030329319971811475, 0.042705772710599214], [0.6457408689446856, 0.11907203295357714, 0.035722386601619076, 0.06914164613190318, 0.0641999197907292, 0.06612314557743679], [0.6290571728523724, 0.12566199353831187, 0.04552813623742367, 0.06354572883426604, 0.08633171647916589, 0.04987525205843232], [0.49934866830065894, 0.1722688661412952, 0.06371257169076663, 0.07025663976178374, 0.09911148720699715, 0.09530176689849715], [0.5906815574128088, 0.19551634662425613, 0.0161638567883657, 0.04331354771334877, 0.08332489765488588, 0.07099979380635818], [0.6195930097236944, 0.15778330771255406, 0.030901126493637198, 0.05041522888264377, 0.07377080679330549, 0.06753652039412701], [0.6265778877383887, 0.11690623456716845, 0.046836045891061044, 0.06004577476133841, 0.08926222062467623, 0.06037183641740384], [0.5805493002946195, 0.17807984669759055, 0.022298931591377046, 0.07818768925934806, 0.05419965414831663, 0.08668457800877157]], [[0.6004838912689155, 0.13499770519016757, 0.043500525419693195, 0.0815847507409258, 0.07135032284712114, 0.06808280453322597], [0.6432083062765176, 0.1619671167259466, 0.0281851766481404, 0.04277361482247539, 0.052102579812123864, 0.07176320571495745], [0.5489587098559388, 0.20790277974484375, 0.060040946947201426, 0.04838219486920857, 0.08577792049873437, 0.04893744808409877], [0.6819120616819502, 0.0905972877043287, 0.05362253878029214, 0.06078259054659567, 0.05048139786467067, 0.06260412342261253], [0.6274923296926237, 0.07036289397320215, 0.038416952061178324, 0.05696860648759581, 0.11104661986885607, 0.09571259791649415], [0.5265177796375217, 0.15203837910712575, 0.0733547593747429, 0.07513425360989547, 0.10516402540455108, 0.06779080286616138], [0.6327190794844303, 0.06224375708227421, 0.043236470936126786, 0.08155845255691449, 0.12751356983494314, 0.05272867010527107], [0.5768212105891274, 0.1535560760104119, 0.04685987322775889, 0.06112028455690056, 0.06789810131876033, 0.09374445429704749], [0.6161477961339534, 0.14490792464142493, 0.058825400796800875, 0.04632484751677875, 0.0710423106286706, 0.06275172028227191], [0.6922798387992883, 0.0845699086286961, 0.034810856716642094, 0.07206403368797208, 0.06147341012222762, 0.05480195204593528], [0.6041082101281832, 0.07556816845215278, 0.03783044627669222, 0.0977219501844182, 0.10539139439481596, 0.07937983056374324], [0.6162984432118142, 0.12945603502888708, 0.04495469236483792, 0.09018990615453355, 0.07503314675544907, 0.04406777648454859], [0.586223714012563, 0.11981298688755686, 0.024118191041988927, 0.06266052876180048, 0.10121001655127271, 0.10597456274479843], [0.6666954784459298, 0.1207570031495249, 0.025744729792743712, 0.04903411969504798, 0.06867303553474867, 0.06909563338196367], [0.6776622118186816, 0.16885678502675294, 0.04799681096286037, 0.04847393488681341, 0.027779038923202114, 0.02923121838177173], [0.5991989389498418, 0.10713181278046936, 0.03365556622089752, 0.0911640753741236, 0.07124595143014374, 0.09760365524455009], [0.6109438273654524, 0.12124361338852183, 0.04076636983029472, 0.05495670381872772, 0.11337915357558956, 0.0587103320214624], [0.65950720016883, 0.15935503049445318, 0.030670455591929116, 0.038756625721544966, 0.05397899072902041, 0.057731697294271724], [0.5976693033057167, 0.15902805357765062, 0.06255985197936834, 0.02192743707046467, 0.0662927633385399, 0.09252259072839168], [0.5666701477215195, 0.15149894232170372, 0.05538079163118038, 0.08028062496640068, 0.08627748680763858, 0.05989200655155345], [0.620439840624395, 0.12394605678542223, 0.0535763757380149, 0.07009312540937108, 0.04920535117361552, 0.08273925026921358], [0.5647652561811518, 0.113242996964168, 0.035746437565333786, 0.08601525144091077, 0.10820517664332505, 0.09202488120513257], [0.6493571140474619, 0.1195634236689504, 0.03172911905439633, 0.041967606956568586, 0.10316297749794785, 0.054219758774589163], [0.6330635432971838, 0.12610681959480327, 0.051927581351233376, 0.05747418255470611, 0.08301284692099004, 0.048415026280984874], [0.6213878010166302, 0.1699632564047015, 0.027253362928693806, 0.010529069486781065, 0.09353499128193912, 0.07733151888126107], [0.7005908503413216, 0.04184735154373235, 0.03338137664867107, 0.08446217686347787, 0.0719970739351742, 0.06772117066776052], [0.6215663593733015, 0.1481967116657925, 0.03236033986462789, 0.056915734266323764, 0.08663510095534607, 0.05432575387454976], [0.5843503240047819, 0.10149477272296265, 0.07043648570502775, 0.10489198785431762, 0.09947813793838144, 0.03934829177453934], [0.6061234399325472, 0.12578271249474807, 0.037284636318063204, 0.08541510249594592, 0.07399303660494402, 0.07140107215373395], [0.5031598409851424, 0.16007405512211514, 0.06153278589716848, 0.07805233246833054, 0.10964703609115344, 0.08753394943608536]], [[0.63860801015315, 0.13417546927671323, 0.04604872001740831, 0.07363036637712658, 0.07394994473512131, 0.03358748944046496], [0.6765504841881667, 0.10450335725962832, 0.03622560658248988, 0.06000922385788834, 0.05806987648719588, 0.06464145162494087], [0.6157604697755583, 0.15500828116444618, 0.05001517587067033, 0.026030837428524724, 0.09407268594162574, 0.05911254981915938], [0.6164065418285745, 0.12370979081024946, 0.042737161630569294, 0.07067860571057492, 0.06258212826216798, 0.08388577175790939], [0.5451630787393302, 0.20479320435535964, 0.031390462417419454, 0.059476341516714416, 0.07937781962524779, 0.07979909334594235], [0.6356113593380646, 0.13637706386949727, 0.057177963046099185, 0.04962448342241877, 0.05075344762558815, 0.07045568269830375], [0.6383995803207545, 0.15829071335311273, 0.03332642673923322, 0.058415546862810544, 0.057378665633841704, 0.054189067090310614], [0.6144656606376767, 0.11715962956414977, 0.03218027264937579, 0.07839893102477163, 0.10208332402127114, 0.05571218210279592], [0.6296799608724565, 0.096868978770805, 0.04359349285713548, 0.07522866661538331, 0.06087135304947307, 0.09375754783461451], [0.5896908647240621, 0.17628873453777397, 0.03624543692845165, 0.05519118684916354, 0.07303004556902808, 0.06955373139151026], [0.590717599157308, 0.15231066302222923, 0.05348587329958031, 0.04664446161714601, 0.1044446175704172, 0.05239678533331307], [0.6854085768613262, 0.1040699902806253, 0.015423795946148648, 0.020893213199094107, 0.09219082301058407, 0.0820136007022581], [0.6551577724934415, 0.13739158329558082, 0.025126591935715353, 0.06287367628107084, 0.0630706111934889, 0.05637976480062548], [0.6261530151260433, 0.1428240544100124, 0.037546811898972576, 0.08176042633148121, 0.05908237735538005, 0.052633314878083426], [0.6533991660267027, 0.10458405903265874, 0.056715027836904276, 0.06361751564606888, 0.06897386469623745, 0.052710366761429026], [0.7335773329457387, 0.07741110599545352, 0.032630912347062856, 0.07990236606856232, 0.06728497507539034, 0.009193307568021161], [0.5894168585890421, 0.17130508727931523, 0.05190890638938276, 0.07047862572988998, 0.07752806002492298, 0.03936246198741119], [0.6357560297318002, 0.13102238975726607, 0.035601110837318484, 0.04848019032437795, 0.07995932580499701, 0.06918095354427826], [0.5807156169634187, 0.1440741088379078, 0.04073178326026639, 0.09335655605124593, 0.05134814312840145, 0.0897737917588067], [0.6405185069983407, 0.1315772714287535, 0.05247145054993639, 0.06724752172088864, 0.04323467319391025, 0.06495057610798974], [0.5678816008391698, 0.19008820369692367, 0.01128965961114068, 0.07454311302698523, 0.06267451107889908, 0.0935229117468765], [0.7145001814690104, 0.08633909050999895, 0.05477039988638792, 0.05814697360264522, 0.06044567981988261, 0.025797674712591916], [0.6425233281067834, 0.14872095359698181, 0.035857386367130005, 0.0720128823327561, 0.06178817577163608, 0.03909727382485905], [0.5935038581841843, 0.14819759958920156, 0.05152751338430498, 0.046811245569197725, 0.09672886582335175, 0.06323091744971802], [0.6186963948874126, 0.1570386524711696, 0.04499291673641742, 0.054034943972593806, 0.06611368641415899, 0.059123405518247345], [0.6909271732463541, 0.06235561128934926, 0.020665547080225187, 0.057269169200565434, 0.09209725246391916, 0.07668524671959483], [0.6344795963487674, 0.1410237573918927, 0.040375500144450654, 0.07026583453559707, 0.07921134456384794, 0.03464396701551144], [0.6481764204732405, 0.13148230034925662, 0.053454458204707116, 0.040666666770658035, 0.08029828854855556, 0.04592186565381047], [0.6402728938266098, 0.12643152386332523, 0.0368189921975377, 0.05358301033885492, 0.0894917152731746, 0.053401864500604315], [0.6433684708902884, 0.11132231123738737, 0.062272457317120215, 0.07836551955220963, 0.061889694892735284, 0.042781546110310736]]], "bagging_alg3_list": [[[[[0.5047580882877254, 0.11946717381115787, 0.06856365173079032, 0.08202570012628288, 0.05611588269024422, 0.16906950335377915], [0.5564480485646303, 0.10239897632054434, 0.09354750747704056, 0.10586432073662583, 0.11841558550377969, 0.023325561397371616], [0.6118666584095055, 0.26408883995651705, 0.004820296918180094, 0.09601274841868286, 3.1677918686276843e-13, 0.02321145629680082], [0.6122234923462709, 0.09220895632633364, 0.01817950116892497, 0.03238794984980539, 0.11129970385077201, 0.13370039645788862], [0.5767271680543514, 0.307912806052958, 0.010389818839446365, 0.10028663776271027, 0.004683569283048643, 7.48382402619506e-12], [0.6932014571106945, 0.12304207665548735, 0.03432807002295277, 0.028045271469273554, 0.12138312474116701, 2.9818302868846497e-13], [0.506532856858537, 0.16554464594207882, 0.023316400569685574, 0.07402357432406684, 0.13209175802275597, 0.09849076428287953], [0.609670187088564, 0.11822302022008702, 0.04612479224579326, 0.09290034227893988, 0.07485948099169973, 0.05822217717493266], [0.43953234080413167, 0.19812915856429617, 6.679929948637346e-11, 0.11408204479960134, 0.08297163632186876, 0.165284819443304], [0.6942533845321462, 0.2060576934147217, 0.002369892978364851, 0.029154617576498676, 1.9861763043558105e-12, 0.06816441149627392], [0.6457371158193534, 0.056659700632008266, 0.02682284691460788, 0.037305672526039654, 0.01620855289714334, 0.21726611121078895], [0.43316747472845335, 0.02585134771113249, 0.07196709977032194, 0.2369018204487525, 0.20907591001552359, 0.023036347325813947], [0.33223784361271075, 0.23234159648729966, 0.09554479542489423, 0.08088782910129885, 0.18670582262428226, 0.0722821127495146], [0.48462547402703937, 0.14904869902591333, 0.031607931974210565, 0.11895933135498007, 0.043143444148879995, 0.17261511946896246], [0.5040006973623833, 0.21329739627250938, 0.0922213867739978, 0.09714940103099406, 0.04770932401161498, 0.04562179454850244], [0.6617403093213761, 0.16512779314997844, 0.03594149695560223, 0.03615677142696812, 0.023247027131703846, 0.07778660201452901], [0.5584913814497982, 0.0912507226647565, 0.00913016076876941, 0.06961561772957336, 0.1894974551991009, 0.08201466218800443], [0.6109576031334103, 0.1754061928934377, 0.057566823245681624, 0.04610676255604196, 0.07759789917054344, 0.03236471900090323], [0.7904077102347866, 0.08582185773196489, 0.004287022369583518, 0.048645059642808144, 1.779089520689905e-12, 0.07083835003225637], [0.705724567501649, 0.16536765946734494, 0.025688341197101245, 0.018044137818428854, 0.040852913265303235, 0.04432238075150122], [0.5727305779501451, 0.03880365746192892, 0.027706927106132203, 0.2770134084676767, 0.08374542881875659, 1.953458917552206e-10], [0.6940908486852235, 0.09015839934107657, 0.02747062288884416, 0.05207675094062877, 0.037287573668795926, 0.09891580447561583], [0.5708924143320003, 0.08485760687045174, 0.019078596927992676, 0.11863615717281517, 0.187567099661694, 0.018968125035026297], [0.35405231680608346, 0.10912533055449193, 0.1427830918433558, 0.29584515780737525, 0.008783989248752858, 0.08941011373994623], [0.8070768653043945, 0.05642122190585588, 0.06965237113894297, 0.00846610434251484, 0.04887569588880403, 0.009507741419784601], [0.3281325926511857, 0.36643097893243065, 0.03153896002220033, 0.07310223228710565, 0.20079523447299713, 1.6340822900081875e-09], [0.7770849186695762, 0.06437503952408452, 0.01981923305106761, 0.07652498479348312, 2.6660163942751907e-12, 0.0621958239614576], [0.6714454468093624, 0.05069459298432771, 0.09195160675471258, 0.08585781009322899, 0.016822030163303546, 0.08322851319510825], [0.495209125377361, 0.37031774644354043, 8.64667110649991e-11, 0.09605823264563561, 0.012639654788577915, 0.025775240658417818], [0.6033847189163754, 0.09699261016602757, 0.07540703046014115, 0.08363648892094647, 0.023270237418022758, 0.11730891411848351]], [[0.82120567273254, 0.0248863400340459, 0.029037473449945624, 0.026762796344411074, 0.05027894426167005, 0.04782877317778899], [0.6494079742516417, 0.15887198436382505, 0.12195234346432186, 0.03365505831770673, 0.013088451264071996, 0.023024188338407345], [0.6291745344407599, 0.19291854099514322, 0.07393431575207468, 0.012268932058138948, 0.035463954781011185, 0.05623972197287008], [0.6269497215453084, 0.1541061696525184, 0.11051861741968129, 0.02315652727061073, 0.04290188108782046, 0.042367083024065985], [0.5658796216282974, 0.07474266130451028, 0.037623434065302164, 0.03337112046373797, 0.19248526376377048, 0.0958978987743913], [0.7271326660330049, 0.0976957498303402, 0.05948323707927627, 0.034402338366617095, 0.051651018505436366, 0.029634990185197194], [0.6005151026428609, 0.05766716892231484, 0.028564810176433073, 0.09930266271875653, 0.15502257556044338, 0.05892767997918221], [0.5987233705080042, 0.12222296098337068, 0.085610127185854, 0.06724353647356589, 0.09391941851944649, 0.032280586329770614], [0.662631174694733, 0.11013907488295323, 0.029953475062441174, 0.011973506384452564, 0.09928488718633004, 0.08601788178905996], [0.710188062045637, 0.08748113273688074, 0.08560039344310666, 0.10110357712432912, 0.01562665299461566, 1.8165551171653823e-07], [0.7445134154414857, 0.13392232759928102, 3.0652855044232194e-10, 0.04848836907203264, 0.040847395742873674, 0.03222849183830745], [0.6132756931114532, 0.15978740146364862, 0.06341382093187897, 0.016837082330633617, 0.08192403087488666, 0.0647619712874554], [0.8129732150354021, 0.0407368446714651, 0.0021315027037871826, 0.012432090371175182, 0.07759390450864774, 0.054132442709230746], [0.6408119910468563, 0.1338657114920915, 0.0264696636706576, 0.02930560699703912, 0.1194558260019507, 0.0500912007914026], [0.687613986631497, 0.08807644153687232, 0.023175475495492256, 0.05783486410678231, 0.027671709914815636, 0.11562752231450331], [0.5737930418444595, 0.1644710560397732, 0.009533253411706265, 0.09589634115912837, 0.06113004021018765, 0.09517626733474648], [0.4331200864275645, 0.2307117277363558, 0.056431969393905185, 0.09056993374492156, 0.002218072884387144, 0.18694820981285312], [0.7269620160233627, 0.08246019075173294, 0.020423575282580837, 0.01887208258369602, 0.08762373338193495, 0.06365840197679964], [0.6386389583836489, 0.1130101618451227, 9.26978039165588e-11, 0.09601988728623666, 0.09717393531418496, 0.055157057078097364], [0.3489864866636712, 1.7334596235303462e-09, 0.053879401850173474, 0.2581892665642723, 0.18421448313090683, 0.15473036005751606], [0.8029530201814525, 0.06400768932245776, 3.143134387401269e-10, 0.031668320920238656, 0.07651560688017929, 0.02485536238133983], [0.6277112811820076, 0.2483305218408874, 0.032495832954295596, 0.039736577394945904, 0.03642706015829277, 0.015298726469655265], [0.7302424886737815, 0.10812696386614218, 0.041124348519728064, 0.03847243801514037, 0.04858492532516041, 0.03344883559996401], [0.8288471732916879, 0.012235165795993687, 0.016924190863196086, 0.05218767115141655, 0.0643963546381218, 0.025409444259720006], [0.6001422250527327, 0.14708317299288726, 0.05001325400536634, 0.018957309254980594, 0.1761595485787282, 0.0076444901152950984], [0.4030196476543553, 0.16709982021065062, 7.070422205875878e-10, 0.08983764944736836, 0.20892058510565298, 0.13112229687493068], [0.21703039988497844, 0.23282828338219397, 0.1080738897987685, 2.363655649278474e-09, 0.16268890648835108, 0.2793785180820535], [0.7721076877508328, 0.07438361126687634, 0.05031070557796736, 0.031421243522254866, 0.0146073609960791, 0.057169390884064177], [0.6651012646702474, 0.06922872151735782, 0.030220988517732073, 0.038271419068634016, 0.1659961218096329, 0.031181484416369542], [0.6861000765415556, 0.1524338436196422, 0.07266351665031241, 0.02625069416355902, 0.006508270940445679, 0.056043598084418146]], [[0.6115616480790147, 0.10570426922299607, 1.0983449980024872e-07, 0.11612268678955817, 0.11095290707827374, 0.055658378995663], [0.8520518730621554, 0.000434550882861398, 0.07752112555301205, 0.007675456630981464, 0.017923174014991595, 0.044393819855908914], [0.48220040982812007, 0.3325270645535912, 0.030497281123999572, 4.96645986514309e-07, 0.08559392519623552, 0.06918082265206521], [0.6935519152749965, 0.1228377830027448, 0.024273553971759874, 0.10242460247372666, 0.011831224551779436, 0.04508092072475645], [0.6451506401735241, 0.17688012127404756, 0.06338517017740998, 0.014586412491180941, 0.04296441570798559, 0.05703324017586478], [0.7564833312076937, 0.12040733262582895, 5.069394699089078e-13, 0.03410825999283843, 0.030596288833251318, 0.058404787339857295], [0.5356124661281473, 0.24829469567018092, 0.0044041163801383796, 0.03366397354810894, 0.0689487925758646, 0.1090759556975595], [0.7222996009841476, 0.1641354653476554, 0.0026343354332849854, 0.04185986016736647, 0.04567862996962979, 0.023392108097910782], [0.6015461059356021, 0.18444375345421993, 0.016055309771856326, 0.0903388962194465, 0.05294172714833154, 0.05467420747053212], [0.6207825626998559, 0.19579781498448456, 0.04534696516886713, 0.06237422724567535, 0.04159293745820455, 0.03410549244292413], [0.3378674381997598, 0.23997698014417895, 0.08790595608765388, 0.11246252500448317, 0.15737539993132793, 0.06441170063259796], [0.5813775127758847, 0.04846077690664623, 0.08510157462044891, 0.06403899972651393, 0.16767035279744563, 0.05335078317306088], [0.5264350338151609, 0.2124985722129232, 0.0374912326652464, 0.09120868462801403, 0.11489808647185495, 0.017468390206817456], [0.49357962266859806,