{"SAA_list": [[[0.016471483016351773, 0.14147352093914153, 0.2358958570933779, 0.2618372856199376, 0.17392165020059164, 0.17040020313059845], [0.05408680165509626, 0.12341864864492091, 0.26797361273153714, 0.24412369180880283, 0.1638372188079375, 0.1465600263517044], [0.035745817348021645, 0.14602480601181606, 0.2898841279842096, 0.14041238366013956, 0.21742416355488092, 0.17050870144093067], [0.06642568360049882, 0.14569800228011423, 0.28496372553759175, 0.23655659605847504, 0.12557649736615525, 0.1407794951571567], [0.05116221084037316, 0.10933744487651112, 0.2649165629550617, 0.23663405612671368, 0.1658706387067681, 0.172079086494567], [0.04850643003241061, 0.1354336479330489, 0.27336985593674995, 0.22020101942896272, 0.17145118739673418, 0.15103785927207686], [0.05443513963875321, 0.12224495010594628, 0.28010257347051765, 0.2047492424397358, 0.1611135398901652, 0.17735455445486695], [0.050750177988060315, 0.13589193474335973, 0.28351378795204957, 0.19339784214963918, 0.1662650732544059, 0.17018118391249903], [0.04940232762016098, 0.13672068245639776, 0.2637066519657953, 0.2545926356361876, 0.12114547147802927, 0.1744322308434308], [0.05243217260366621, 0.13072292098819324, 0.2743318662462986, 0.2241689092143379, 0.17169961806552306, 0.14664451288198183], [0.05982013460446152, 0.08850377577279762, 0.2646992546659248, 0.24579400210465238, 0.16972627173967633, 0.17145656111250684], [0.07161603180312191, 0.11477637784654479, 0.29452612260921585, 0.19800397332532982, 0.16737679776326517, 0.1537006966525311], [0.048664391792690435, 0.0731487825527795, 0.24266542299943628, 0.2775585839254565, 0.1878054865696796, 0.17015733215993545], [0.055286768111783645, 0.13293908465660223, 0.2790786126133756, 0.2177799704524308, 0.1709022580945859, 0.14401330607122215], [0.03984341174624559, 0.11983739657409768, 0.2569846939045094, 0.23988718323217925, 0.17191589971384097, 0.17153141482912776], [0.0728076119494205, 0.09421935309209159, 0.27169871914667687, 0.26133405788994296, 0.18807474141116712, 0.11186551651065958], [0.07420229202943936, 0.03914293874341126, 0.2611896889797882, 0.2611429162573782, 0.19074688797261302, 0.1735752760173479], [0.0680623789105902, 0.16023226404479252, 0.2833835079240887, 0.25573388060603347, 0.07082843602992217, 0.16175953248460379], [0.0752596115541281, 0.12136521829263079, 0.2952380836123687, 0.209836259079139, 0.16471034686221533, 0.13359048059952655], [0.07196044298274443, 0.06957594842882278, 0.26921903852526846, 0.24995542581919866, 0.15915517439961507, 0.18013396984439073]], [[0.05053841290280279, 0.12358259578184186, 0.26429717660179064, 0.24677037243094824, 0.15210621453009338, 0.16270522775252333], [0.051907842190262336, 0.11234732809636218, 0.2611953616228331, 0.2526541339819086, 0.14338808980985798, 0.17850724429877654], [0.04382320328952068, 0.11650112023135258, 0.25441157559527977, 0.2563741679233044, 0.15949520715634347, 0.1693947258041995], [0.060674940312232396, 0.12029600536079174, 0.27558556699535675, 0.23452944608460286, 0.15674805770129346, 0.15216598354570926], [0.044820021425981765, 0.10867325711290272, 0.2541336300439995, 0.2545703545553389, 0.17194358587464265, 0.1658591509871299], [0.05089602615796349, 0.12198319770789404, 0.266471089328987, 0.23958554327795548, 0.1606211882486384, 0.16044295527855854], [0.053578464064463906, 0.1108238576214756, 0.26744327803547435, 0.2358296117142763, 0.1686517217466207, 0.16367306681769478], [0.043861350233541235, 0.11526812428803061, 0.2579702643490318, 0.24415089034396842, 0.17739418853866687, 0.16135518224676137], [0.06276407567486146, 0.12773184960403544, 0.2733480450478331, 0.25234924791501695, 0.13823395347702755, 0.14557282828122342], [0.029413406210072955, 0.14426200868761488, 0.2393319632781067, 0.2867473691891841, 0.1789127508128473, 0.1213325018221749], [0.058712721136292036, 0.11603918860780536, 0.2697182449378797, 0.24549444086871136, 0.15544125991853097, 0.15459414453078013], [0.047539797668780706, 0.11472933052142872, 0.2606112466177693, 0.2447614405832708, 0.15664237992960767, 0.1757158046791438], [0.06293769410608262, 0.10805699410312232, 0.275574710135474, 0.23208970054983735, 0.1599487687157408, 0.16139213238973069], [0.05843992402960941, 0.12520856122094082, 0.26915503010600106, 0.25295756741803693, 0.15715020208836247, 0.13708871513704934], [0.05838618291258613, 0.11230981759645, 0.26946258810604, 0.24293466910165462, 0.16341463891465124, 0.1534921033686151], [0.03562328504545193, 0.09086926446723399, 0.24248969106679524, 0.2559926036667033, 0.18852230256808578, 0.18650285318572932], [0.06192887856625965, 0.116664586520843, 0.27839271623791895, 0.22619086279813724, 0.15658279178411932, 0.16024016409270142], [0.05665845967788381, 0.1266424745976055, 0.27171288815613637, 0.24099747366683402, 0.16870108736829517, 0.13528761653323884], [0.06063879936940117, 0.12228117903318507, 0.27706614548174724, 0.23101024233403564, 0.16024460704333615, 0.1487590267382547], [0.05005121426008059, 0.1280810244105046, 0.26927897848106214, 0.23249589328075027, 0.1703608829035245, 0.14973200666407735]]], "bagging_alg3_list": [[[[[0.0716805715409173, 0.12134299241843471, 0.2912494960618292, 0.21336649560787008, 0.16582724938762677, 0.13653319498331426], [0.07358351326957643, 0.14145990782348344, 0.30352075931962313, 0.19230039517038677, 0.1549774230142346, 0.1341580014026956], [0.08059718099895036, 0.10817882904283754, 0.3056878945936397, 0.18068696030998838, 0.14684191264294755, 0.17800722241163913], [0.08090205530718156, 0.1300975401459895, 0.31021187271792994, 0.18204456721160991, 0.16660143495278779, 0.13014252966450185], [0.07339595630352161, 0.11218177583270608, 0.2929922973776789, 0.2058318403186093, 0.15687679459561488, 0.15872133557187634], [0.0759418721718669, 0.12721782471291382, 0.3055028926211543, 0.18224154217499472, 0.1579240190998301, 0.1511718492192361], [0.08526774377450932, 0.11500905119782268, 0.30588067448329403, 0.1970503703095694, 0.1386007099408892, 0.15819145029391837], [0.0869213101851901, 0.10720944804218478, 0.31408086466427154, 0.16945672916220805, 0.15847007625472317, 0.16386157169142562], [0.0731803432352413, 0.1269762271946504, 0.2982454824798858, 0.19837199624987006, 0.1523550252190019, 0.15087092562133655], [0.0768175227325813, 0.12992392189247376, 0.2965566416527776, 0.21540106649963084, 0.136318208639307, 0.14498263858323585], [0.08680468697747043, 0.12094999248822663, 0.312080245134707, 0.18521813407984133, 0.16828542496432605, 0.12666151635542897], [0.07954421534141988, 0.13465303712148374, 0.30257660420645643, 0.206205092292983, 0.12484039815172443, 0.15218065288593474], [0.07935793829930467, 0.10777187153611259, 0.29366990898769446, 0.2162487009500048, 0.14805229082242502, 0.15489928940446765], [0.06567807248449252, 0.1240509429430027, 0.28519720071528004, 0.21909523818178417, 0.16486913337120124, 0.1411094123042231], [0.08453900215645622, 0.11978375916604282, 0.3081466083089573, 0.19110280481436823, 0.14624192460943983, 0.15018590094472853], [0.07898681132048456, 0.12839499129805496, 0.30855476483865824, 0.18108496692020576, 0.1461622266771527, 0.1568162389454467], [0.0725575273663549, 0.12909498774397224, 0.29616659839124404, 0.2049881694213128, 0.15726278029627813, 0.13992993678083873], [0.08118769940013693, 0.13443966866999765, 0.3029458116633695, 0.20933077975753148, 0.14808453622048778, 0.12401150428846519], [0.07906428117776206, 0.135440259750727, 0.3032494397139475, 0.20343060292657109, 0.14744811806892605, 0.1313672983620622], [0.08314895822196246, 0.12402640234049817, 0.3121774500865048, 0.17729077256699424, 0.1522491058831868, 0.15110731090085333]], [[0.06965181506442829, 0.13349222710786485, 0.29363008897730275, 0.20860503325833338, 0.15505719099454743, 0.13956364459752366], [0.08432967110522326, 0.122429483127656, 0.30565876101875916, 0.20051630150715838, 0.15310506827968653, 0.13396071496152012], [0.08287247642139715, 0.12918235432839822, 0.3089856585506105, 0.19044343707779265, 0.14089569832232088, 0.14762037529948588], [0.08094218740576897, 0.13665692759271003, 0.3099757869353903, 0.18725932204416088, 0.1343424522374431, 0.15082332378452604], [0.08030318426945071, 0.12824908092892728, 0.30709812342689297, 0.18930499234213766, 0.16433812319759727, 0.13070649583499566], [0.08125309146560518, 0.11625268860314926, 0.3051998815920858, 0.18960000622557113, 0.14900161702635434, 0.15869271508724214], [0.08199397212182774, 0.1267045727997048, 0.3052041579643844, 0.1987274884157533, 0.14253102826901684, 0.14483878042929696], [0.0848764579178367, 0.12770873184376433, 0.313772346126179, 0.17913087170513126, 0.140234901440258, 0.15427669096683], [0.08665294976216557, 0.12176106988118106, 0.3068102006682859, 0.20233168339942603, 0.13597637034557197, 0.14646772594335908], [0.0795531025034654, 0.1309350209676709, 0.3119592359250428, 0.17327150491727172, 0.14853899822356575, 0.155742137462983], [0.07669272733722587, 0.12434822268175633, 0.3005497964262918, 0.19831043504122156, 0.15066517803998486, 0.149433640473531], [0.07529602755702654, 0.12232846998073234, 0.30096820265521457, 0.19192705879435973, 0.16030271707810004, 0.14917752393456707], [0.08043272934271131, 0.12864568705713536, 0.3001439500943727, 0.2123496719690661, 0.13137159554631853, 0.1470563659903906], [0.07840086548567207, 0.1270418246384228, 0.3057478129978629, 0.18766935027095674, 0.13488778025478684, 0.16625236635228788], [0.08626402587995476, 0.1255813132967469, 0.3102918837865027, 0.19265794089108543, 0.14251120190135322, 0.14269363424435577], [0.07908979015444531, 0.12396537806705987, 0.3041958780205883, 0.19242480889939304, 0.1375227095500985, 0.16280143530841176], [0.08077791949816233, 0.11963835879662606, 0.29944460962467134, 0.20941424116871377, 0.14901315748292476, 0.14171171342890154], [0.0803800514769723, 0.11492882662435291, 0.30201602793945376, 0.1968048135914312, 0.15945708969468256, 0.1464131906731124], [0.08181371544558566, 0.1251702448711884, 0.3065757494444319, 0.1927245305758244, 0.14189451637987727, 0.15182124328309232], [0.06731326469013414, 0.12785618676254504, 0.29384303232026804, 0.19789292782566123, 0.16254264127840118, 0.15055194712299066]]], [[[0.07082698220744159, 0.12111784489561928, 0.28503501618375054, 0.23107983939486484, 0.14915945334959366, 0.14278086396873105], [0.07501221475372422, 0.11867056410732581, 0.2996076648437528, 0.1930830540187439, 0.1614086209495852, 0.1522178813268803], [0.08145622081623526, 0.12468900069121717, 0.30496162062996435, 0.19664795620246256, 0.13309107011297822, 0.15915413154714175], [0.07809399220936802, 0.11788631237143198, 0.30208815014568946, 0.1924575064500027, 0.13817081338200476, 0.17130322544150375], [0.07635887241078836, 0.10878680635715628, 0.29490466003782745, 0.20502538588543043, 0.148416725892223, 0.1665075494165743], [0.08390267731786098, 0.12228402496570852, 0.3052610398250669, 0.20048863645280143, 0.13733126350704927, 0.15073235793151774], [0.07206940019255109, 0.1267202301541873, 0.2984431943179714, 0.19461970695883077, 0.1520189195359632, 0.156128548840496], [0.06750669533362817, 0.12964956406748662, 0.29138271701856217, 0.20759064847825648, 0.15296214939537792, 0.1509082257066858], [0.07813701094183402, 0.12482093674184633, 0.30331587214143757, 0.19340708331407963, 0.14419188649482337, 0.15612721036597513], [0.09065581070320808, 0.11188599480212806, 0.31207002007281476, 0.18902246140174186, 0.14856045616371216, 0.14780525685640175], [0.08044716052483138, 0.11936002187664731, 0.30504096166074074, 0.19023773769470162, 0.16522142443801943, 0.13969269380506286], [0.08103191197755547, 0.11983813228491992, 0.30677070299832865, 0.18633527134929947, 0.14083166086809173, 0.16519232052180519], [0.07751847895079046, 0.1352261077165485, 0.30780230487934174, 0.18435628749059388, 0.14159073403542913, 0.15350608692728893], [0.06464824355721616, 0.14163168835215706, 0.29827165844321535, 0.18601796132144136, 0.16903616213514297, 0.14039428619082725], [0.08831013763245762, 0.1169586542158652, 0.30340276329458593, 0.21458158033740043, 0.15465392400122727, 0.12209294051846348], [0.08394589573302483, 0.12449361049464924, 0.31268789577166467, 0.17805821043966577, 0.15282849940820586, 0.1479858881527861], [0.07313845431970854, 0.11878219659800746, 0.2952689125374825, 0.2023227540708277, 0.15922683925738243, 0.1512608432165937], [0.09086542304533315, 0.1249951728659858, 0.3181747267326003, 0.17868500349432723, 0.13355151524108733, 0.1537281586206665], [0.07793280792164912, 0.11917415465686577, 0.30069800062979574, 0.19748601093719773, 0.144794759609442, 0.1599142662450475], [0.0783063246213821, 0.13240118511643847, 0.3029601857690621, 0.20031286433605944, 0.1543013036070813, 0.13171813654997466]], [[0.08223115982603856, 0.12000944823155599, 0.2977727947793377, 0.21893904223149252, 0.14831038988814205, 0.13273716504342803], [0.0854412686559565, 0.13469506328722874, 0.3107575966361439, 0.19523691097304816, 0.13636563965659668, 0.13750352079102326], [0.0893209309855129, 0.10758940042173472, 0.31584098023017515, 0.1703460997066836, 0.16263240747133845, 0.1542701811845604], [0.0827667365052152, 0.1236054919734567, 0.30645008066635343, 0.19455750021935223, 0.14064713215527413, 0.1519730584803524], [0.07993504968301893, 0.12983020500673495, 0.30998838305947635, 0.1799284693675493, 0.14866182040512657, 0.15165607247809432], [0.08470271662753745, 0.11302624526003223, 0.2991891204406295, 0.2160509524739961, 0.15331517146196355, 0.13371579373584017], [0.08516391024880836, 0.12221384942266553, 0.30588321305040994, 0.20177155080702353, 0.14223354519635506, 0.14273393127473688], [0.07828904535644851, 0.11974541181960281, 0.30615415892353637, 0.18110222775032958, 0.15059873857706996, 0.16411041757300013], [0.08670410538478568, 0.11135468918029885, 0.3145889717282721, 0.17010511802134196, 0.15987984289378152, 0.157367272791514], [0.07641770948905917, 0.12314618116584221, 0.3025096829260864, 0.19044386461567758, 0.16176962219611093, 0.14571293960722398], [0.07709110923038384, 0.12298628855036522, 0.2996261193606259, 0.20145530027109115, 0.15570450733513216, 0.14313667525240129], [0.07648909820476082, 0.1169229787973729, 0.2965192004945817, 0.2058081786801285, 0.15959814698129263, 0.1446623968418422], [0.08617164595898273, 0.1254599560556025, 0.3137806914109632, 0.18094431688102508, 0.13683748267837392, 0.15680590701505237], [0.08090329717199984, 0.1382305718587369, 0.3028903574954761, 0.21127031072843316, 0.12952297259742662, 0.13718249014792727], [0.07420669632376577, 0.12241032313671873, 0.29985107120302523, 0.19272690971506976, 0.15719815271744808, 0.15360684690397258], [0.0881269459019569, 0.12283738449374318, 0.31144388889233227, 0.19183397431757396, 0.12731144472157788, 0.15844636167281465], [0.07255166456566316, 0.12561483561449224, 0.2919982402942454, 0.21602642339829387, 0.14015235617678207, 0.15365647995052192], [0.07678017657435006, 0.11649035192560928, 0.3015840367235493, 0.1897754961455836, 0.15606892659189434, 0.15930101203901653], [0.07516024838045027, 0.1374809943324815, 0.30011869557968074, 0.2046849270143324, 0.13962720820806626, 0.14292792648498873], [0.08616254328272484, 0.11324216726004024, 0.30729335844815936, 0.19365443718683528, 0.14895079584485696, 0.1506966979773865]]]]], "bagging_alg4_list": [[[[[0.07383998422157001, 0.116787767548011, 0.294462981502859, 0.20548680935407357, 0.17092196893970482, 0.1385004884337786], [0.08129516582666985, 0.13325468686617192, 0.3178105136614333, 0.16046897829062826, 0.15486321855904314, 0.15230743679605352], [0.08320348620071631, 0.10936246913448888, 0.3049761380623823, 0.1908519204315303, 0.1728794066021465, 0.1387265795687427], [0.06298843652179491, 0.1356792147561664, 0.30084107628034906, 0.16908114027858817, 0.15519690772348793, 0.17621322443961246], [0.071008592897088, 0.1190718395970675, 0.28670000995377387, 0.22477444136579802, 0.15709000837884152, 0.14135510780743127], [0.06675152374178639, 0.12510848452942472, 0.2909512315912416, 0.20396805306236843, 0.1703498264035041, 0.14287088067167447], [0.07707411559830832, 0.14363080683694357, 0.3047661498598738, 0.19884203136098239, 0.1362217611617334, 0.13946513518215872], [0.08337983136375213, 0.09867437074723938, 0.29694149190412295, 0.2100096323300393, 0.1627962901906505, 0.14819838346419728], [0.07453128494525899, 0.13230338188596044, 0.30587279087062547, 0.1808400337906847, 0.15894243904226674, 0.147510069465203], [0.09852129139607635, 0.11460963373254891, 0.31595599035839605, 0.19887434537835622, 0.12680293800793135, 0.14523580112669954], [0.08479705632076108, 0.10841134639219062, 0.2991653954089052, 0.21321354517929322, 0.1578495466898322, 0.1365631100090129], [0.07497616657212984, 0.11696075660365171, 0.29463269664969577, 0.20792326479242676, 0.1497747438578282, 0.15573237152429473], [0.07839209365658512, 0.1295873294300286, 0.30142476400459794, 0.20355034805587902, 0.1478004824630394, 0.1392449823898696], [0.07819721169929959, 0.10781153584194712, 0.3047978854622597, 0.17709914233326376, 0.1633989069645481, 0.16869531769867496], [0.07726778903709859, 0.11982885468562873, 0.29628646892043414, 0.21053411985205206, 0.14398080954474052, 0.1521019579600509], [0.08611251582413834, 0.12113662011374779, 0.3133825456733819, 0.1791817290275923, 0.15127651488169977, 0.14891007447944027], [0.07190264884014291, 0.12607310014456213, 0.2910302793093134, 0.21777015305914504, 0.13833015504554888, 0.15489366360127516], [0.08030563919182433, 0.12210339012431208, 0.3047879541696292, 0.19258301810367706, 0.1649764155696888, 0.13524358284086765], [0.08339929225707275, 0.11499562948943029, 0.3102375766121391, 0.1780577162832436, 0.15865930855780624, 0.1546504768003], [0.06979483513825996, 0.1328406041016003, 0.2948662303962703, 0.20450101238603868, 0.15364298024848735, 0.14435433772933978]], [[0.07407179337799455, 0.1389721584733196, 0.3088382965834484, 0.17451136619987703, 0.1459232068240672, 0.15768317854129216], [0.08032580539054023, 0.12368621961440812, 0.3001724616514194, 0.20855689092571, 0.1331892369079095, 0.15406938551001], [0.0814536044678758, 0.12350170427819193, 0.3097545597201276, 0.18032028664058664, 0.14892059718636655, 0.15604924770685158], [0.07537434175101886, 0.12362524213979882, 0.30841188702683664, 0.16882400363318215, 0.16264097414929093, 0.16112355129987618], [0.07546914758365701, 0.14156980427045612, 0.3138559875940503, 0.1637158251368817, 0.15416855779898989, 0.15122067761596428], [0.0752029293546981, 0.1216035391324831, 0.29821369806163744, 0.2001285633053572, 0.15792081813141776, 0.14693045201441057], [0.08466721892631841, 0.10526398154115571, 0.3030871854785906, 0.19791439217765552, 0.15454559114748678, 0.15452163072879305], [0.07874985830800031, 0.12224243454205344, 0.2990176731114123, 0.20735265517991822, 0.1651928035008397, 0.12744457535777595], [0.0853747313257002, 0.11770150673740681, 0.30474855980150506, 0.2029092800454685, 0.1438286450125316, 0.14543727707739415], [0.07733832862101303, 0.12043834324035582, 0.3013492928304783, 0.19470523239292908, 0.1501357338638773, 0.15603306905134434], [0.06675095486652849, 0.14121790578820326, 0.29596560598039046, 0.19869328332356176, 0.1544974067726007, 0.14287484326871536], [0.08420582600289131, 0.1309070243005531, 0.30921677839194384, 0.19438416636750375, 0.13820548378837927, 0.14308072114872486], [0.08001037540870762, 0.11934439850460096, 0.30399681985380966, 0.1923632997907706, 0.14711776516620784, 0.15716734127589818], [0.07639447222701994, 0.12936222917359655, 0.3010430299958098, 0.19929082250907887, 0.134934682810238, 0.1589747632842579], [0.08237703463617756, 0.12613095667928403, 0.30171822045751046, 0.21069630449052196, 0.1446205794709827, 0.13445690426552168], [0.08197055657881587, 0.11454762169140874, 0.29447164708057627, 0.22510695163517952, 0.13009834595443923, 0.15380487705958662], [0.08638568685228389, 0.10755010128074101, 0.3036900784594018, 0.20202913392956343, 0.14850649854818135, 0.15183850092982845], [0.07709870645880322, 0.12219311441954996, 0.3009863480177501, 0.19642943891687273, 0.14382680024140548, 0.15946559194562873], [0.07909207756405888, 0.13761801060489642, 0.3094448308015463, 0.1848958138913008, 0.15488371865505862, 0.1340655484831386], [0.09094923234950451, 0.1323480355009713, 0.3200254370337212, 0.17796795421838416, 0.13355093616049038, 0.145158404736928]]], [[[0.07501853830014377, 0.13871954136826606, 0.3046653116769055, 0.19037856410468934, 0.14042868678219617, 0.15078935776779734], [0.07282829803991893, 0.10878542166985802, 0.2915772631091112, 0.2065031043143899, 0.14233823344283775, 0.17796767942388406], [0.0800394771758931, 0.09885054077056711, 0.29963632580811717, 0.19254878384699436, 0.16205010971220643, 0.16687476268622758], [0.07705542571939142, 0.11871664354140125, 0.303132205478076, 0.18704163897406376, 0.16243866933805873, 0.15161541694903813], [0.06665036735299293, 0.14016924234755898, 0.29655565641699466, 0.1957501386637299, 0.14903760202385935, 0.15183699319486402], [0.08652688925563566, 0.1322215359742995, 0.318150592156793, 0.17239229745610443, 0.14594850797632616, 0.1447601771808419], [0.06979466779342743, 0.12229004362130953, 0.296475602562997, 0.19199147999226573, 0.15731617731614367, 0.1621320287138503], [0.07981470112432676, 0.11204136612672282, 0.2995043222201803, 0.20149914887658024, 0.16097732307658924, 0.1461631385755954], [0.08486318804629256, 0.10649454109795269, 0.2951441170100997, 0.22502030576494936, 0.13680792217189694, 0.1516699259088059], [0.08184614917108285, 0.13007559897550044, 0.3034899648320061, 0.20623493711820348, 0.1406962897105623, 0.13765706019262375], [0.08479005862040952, 0.10587155229479545, 0.29762327519796944, 0.21644396858939866, 0.15571552530219993, 0.13955561999522778], [0.07023309839714538, 0.12395201353981893, 0.2965710312225024, 0.1940660369862396, 0.17053699993559646, 0.1446408199186975], [0.07643936320877576, 0.1348359856030862, 0.3002950905868107, 0.20566883959717427, 0.14181379536714375, 0.14094692563700914], [0.07443439690014954, 0.11027038392261403, 0.29386757181294776, 0.204427710515598, 0.16129671510752142, 0.1557032217411676], [0.0839356029477423, 0.12266274848172999, 0.3072415130087022, 0.19440400235937894, 0.13911437872189422, 0.15264175448054465], [0.08687730050197974, 0.12205221135375585, 0.31627122038304883, 0.17253099102080904, 0.16760308078035166, 0.13466519596005636], [0.07035122461811141, 0.12482217391428209, 0.2938728836060838, 0.20364664327320162, 0.15198681157061233, 0.15532026301771046], [0.08518485264275805, 0.13753536976011374, 0.30773088238704155, 0.20636638188675802, 0.13530675944334314, 0.1278757538799858], [0.07152342140101421, 0.13006310772433127, 0.2991470367834817, 0.19325890730518747, 0.16164925751123235, 0.14435826927475384], [0.06936588532637332, 0.13060288645818455, 0.29036783284048107, 0.2164731072017237, 0.1559094805451361, 0.13728080762810063]], [[0.08174898435719806, 0.12825676971890193, 0.31058770597647833, 0.1817094245680835, 0.15445528926096977, 0.1432418261183681], [0.07580090569816689, 0.11900414308127756, 0.29843242077000176, 0.1990901891173038, 0.14024183616843164, 0.16743050516481967], [0.07514293697552593, 0.13142174213823715, 0.3054484300935887, 0.18314274002651756, 0.14538976284401967, 0.15945438792211591], [0.07539563017196743, 0.1301318587800436, 0.30492473701357065, 0.1846308410623112, 0.14696450921250676, 0.15795242375960028], [0.08371786303006201, 0.12393778011159873, 0.30546954080943733, 0.20048074680813385, 0.13974485943710235, 0.14664920980366838], [0.08527485027747092, 0.1106439155154882, 0.29930041293707244, 0.21547463545019668, 0.14070978797827052, 0.14859639784150208], [0.07648487194320966, 0.12858899289919684, 0.3060101788475028, 0.18284456786210318, 0.13693616358269764, 0.16913522486528884], [0.08123606487738877, 0.1160322251615792, 0.29725261779724876, 0.21522275889356562, 0.14257499771991394, 0.14768133555031265], [0.07643936637726906, 0.12875507515706097, 0.3026019431769804, 0.193881911874899, 0.12910540025888098, 0.16921630315491043], [0.0767517883373669, 0.12979912591317735, 0.3116004055562897, 0.16635188402307582, 0.162847512273425, 0.1526492838966645], [0.08369802635378197, 0.11819799515649161, 0.3035269380458326, 0.20279510968496442, 0.14212120619570537, 0.14966072456322643], [0.08059362641824563, 0.12241714320433568, 0.30863729943444324, 0.1809337793538173, 0.1482699785913096, 0.1591481729978612], [0.08150674873412377, 0.11906477171380121, 0.30468607261025205, 0.1938466559927317, 0.14262360910379207, 0.15827214184530003], [0.08380249315668388, 0.12055428732336897, 0.3024082915855411, 0.20836228391640907, 0.14588165215747118, 0.13899099186053854], [0.07636004507004315, 0.1255466963006177, 0.2980392184016228, 0.2063755270739065, 0.14153159367328785, 0.15214691948051712], [0.08088049062430956, 0.1305655828219197, 0.30884542899264017, 0.1866367189100287, 0.14657170014337292, 0.14650007850772956], [0.07965736747224965, 0.11029909800321086, 0.3024832667244593, 0.19017419874799504, 0.15890197567251507, 0.1584840933795687], [0.07630144500274705, 0.120300694747802, 0.3009717494716811, 0.19308119523049314, 0.14637131569062686, 0.1629735998566524], [0.07731827526721499, 0.120400334926208, 0.3064666743446408, 0.17805457675460656, 0.1633191111444865, 0.15444102756283554], [0.07378504099345369, 0.1310633537309738, 0.30213398819776893, 0.19017834768923642, 0.15868277809121406, 0.14415649129735283]]]]]}