{"SAA_list": [[[0.0148089961283714, 0.0924361547779417, 0.09469562572115565, 0.1415417414315227, 0.0928918864951802, 0.15060183205251215, 0.10595091404730649, 0.11619023486465885, 0.07973582555965925, 0.11114678892169057], [0.07612317780598124, 0.1405314006871761, 0.08224063364992593, 0.12883074743880482, 0.13034229184031457, 0.0825759266208413, 0.10696820239024439, 0.06196728390215946, 0.09642484907511573, 0.09399548658944482], [0.08822158487891993, 0.1414810453893958, 0.0819696583764613, 0.07168195913776595, 0.13828765357726458, 0.035796690269174196, 0.11358838147125595, 0.08797404834375085, 0.1395486655806179, 0.10145031297539565], [0.12534389990616274, 0.0014367431636462809, 0.12657229942439285, 0.10700994971199622, 0.11580963047361603, 0.04152247649171579, 0.11600160095120482, 0.11741473761214807, 0.114733335354407, 0.13415532691070792], [0.14730207243045162, 0.1279228825441142, 0.08261398438797257, 0.11727456472921963, 0.1260279030557228, 0.029087047004453734, 0.06562789775830054, 0.0724000999949413, 0.1454060368214989, 0.08633751127332485], [0.0636333432031018, 0.10907950761051025, 0.11291294987390518, 0.0992555382440846, 0.10252383550741434, 0.06872726489812049, 0.08954477105825169, 0.1440621286750184, 0.10623282818960643, 0.10402783273998241], [0.06140588396097922, 0.12335584640730443, 0.13285368995710914, 0.1197688271372851, 0.10749178051501047, 0.07861559593037937, 0.08196270581971682, 0.06785159669285218, 0.10562527680071968, 0.1210687967786412], [0.09754364381311911, 0.08981060233059686, 0.11374520265045564, 0.10095856999252885, 0.09177878105896597, 0.14737080990685805, 0.09232526283604685, 0.1440868084389758, 0.0629023282069515, 0.05947799076550107], [0.12000033897751752, 0.10506031855082876, 0.15757782595342845, 0.10581861074883664, 0.08285761308552463, 0.09878639808722732, 0.10139961872304218, 0.14065655083615253, 0.02620382065871141, 0.06163890437875459], [0.05947356509325596, 0.029080939569827918, 0.08072673177276134, 0.1604114743677138, 0.12934232838268753, 0.12883862175044938, 0.07079874818404193, 0.10998751716525172, 0.10811384836508213, 0.12322622534891825], [0.09462991057456571, 0.1615404743370181, 0.12868848599068666, 0.09183020955777384, 0.03613623710306332, 0.047965705983582935, 0.1075001116880502, 0.13609715494583263, 0.12520162570857976, 0.07041008411084122], [0.09605723576202328, 0.13813512065022987, 0.17960130104994013, 0.049720086138932355, 0.036199172043855456, 0.11579589368327958, 0.12280753325490146, 0.11385344140163056, 0.08897034749460428, 0.058859868520599434], [0.08387593852382963, 0.13814534415944402, 0.13843457626560948, 0.025890384485159887, 0.10136761912093704, 0.14292667127777445, 0.10352979743616889, 0.0832176750182727, 0.10627675029166136, 0.0763352434211424], [0.11960287337898133, 0.1083859097729046, 0.1404471604307016, 0.12326208450138049, 0.07138442318782592, 0.09461602946369148, 0.11876836838733136, 0.06835884833695477, 0.14691494792957158, 0.008259354610662049], [0.10977384312976433, 0.13021831703653733, 0.07877911987008918, 0.10326879710480426, 0.12393833360080721, 0.08139560363348931, 0.01844555945856302, 0.09793613482153221, 0.12709033043353907, 0.12915396091087872], [0.10690708712144642, 0.1323150652931632, 0.11360373540711063, 0.10896840105077134, 0.07392522894152477, 0.0819709615473622, 0.06538155138132454, 0.12370811177178762, 0.09844167140203988, 0.09477818608347355], [0.11556145544542998, 0.1022271980555688, 0.028632952150203915, 0.16026581753621136, 0.09589879414916613, 0.18668998553276586, 0.08288737893051748, 0.06539789069163819, 0.08359800670514195, 0.0788405208033635], [0.07607372074395825, 0.09100334092001834, 0.10735249629379807, 0.13285837765928904, 0.06456710684207147, 0.11175972749715525, 0.13678120300281496, 0.08652560296267041, 0.12023546041651831, 0.07284296366170646], [0.10021608478465907, 0.14501332626969754, 0.03201374121388879, 0.08157533603247208, 0.0885707088968189, 0.120022970652584, 0.11365111851642541, 0.09757913035346048, 0.11932337888445343, 0.10203420439554087], [0.1914166562691767, 0.013552087589437862, 0.18080778807708245, 0.11777166538983413, 0.0054371329302515155, 0.12641568005971085, 0.03229596850453182, 0.13209170087589062, 0.07636000221596687, 0.12385131808809009], [0.08459091343309957, 0.13955311452655936, 0.07529595254563838, 0.10291367665823892, 0.12030581698718318, 0.09402476934693933, 0.12226111194846023, 0.1306960526197527, 0.054469794622199225, 0.07588879731192763], [0.09687857248732352, 0.10716238435133114, 0.004580472351210325, 0.12579689650980636, 0.04962839004120314, 0.14724385774665197, 0.15145145831116597, 0.12858275357252258, 0.05897807362490245, 0.1296971410038822], [0.12051190907985965, 0.09419537504200362, 0.02946666116759305, 0.06959383429797202, 0.1323715699643311, 0.11336941580223306, 0.036933591400018895, 0.13139055362292307, 0.1477263451140793, 0.12444074450898371], [0.1461629514310335, 0.018140348104942656, 0.07837158720837926, 0.020431279079064585, 0.09075381792957721, 0.16085430308705778, 0.10167584819843632, 0.0973053488159529, 0.16732909373707106, 0.11897542240849189], [0.08975045433023998, 0.1530170504647249, 0.10281882076612843, 0.12521675104051425, 0.0964273619857473, 0.09087841668724267, 0.03762921559225612, 0.13986723276549037, 0.05865926131968809, 0.10573543504798247], [0.09620283467518728, 0.11798792235781619, 0.10117328922058809, 0.09050409985238052, 0.05700753042220261, 0.14182238531751548, 0.08100061509262149, 0.1048307770835217, 0.07624876771010804, 0.13322177826805276], [0.07346156856214028, 0.10082138766920079, 0.06107691612874994, 0.0676501877729174, 0.0998535192038554, 0.14442249511882904, 0.12040505593467683, 0.14611903704429807, 0.11057676574157821, 0.07561306682375583], [0.1501369994668856, 0.06507836836133166, 0.03730137862099013, 0.11494872974491128, 0.09997522054236346, 0.13375789667238186, 0.08142873395211477, 0.10719169649770365, 0.1135761033827061, 0.09660487275860803], [0.06475935038322075, 0.03356350888872902, 0.09952639204556078, 0.09268178042408007, 0.13350615506231212, 0.08761149068370555, 0.13382226361265645, 0.10552342636028333, 0.12432832709381304, 0.12467730544564533], [0.03226601392177527, 0.13793899942397597, 0.06495949432550045, 0.137498153703545, 0.0915508553405272, 0.15106850460083487, 0.03738592355392062, 0.12058431701174173, 0.11144696456780089, 0.11530077355038128], [0.141213165348728, 0.1106557980803575, 0.08644134611478105, 0.030653883054477297, 0.1342965634406199, 0.09619325132010527, 0.12166417402099604, 0.103839568134197, 0.11686245446268975, 0.05817979602305016], [0.08581522871704697, 0.10620865751383544, 0.10534379440886713, 0.08222272227197792, 0.08654280965950824, 0.09382478950618443, 0.07364638148318915, 0.09711401098321128, 0.13050725841132363, 0.13877434704485228], [0.08729622371781885, 0.08588579342660753, 0.09241253797072786, 0.13828486026384046, 0.16528841479934323, 0.015304404279752479, 0.08374513568108817, 0.08716652475532856, 0.14696880065852436, 0.09764730444695813], [0.11109259018264027, 0.08309582931680644, 0.10893503949518432, 0.11937473610233726, 0.15594197800138984, 0.10068525154616308, 0.10593455518649875, 0.03187003478217411, 0.11530853292356044, 0.06776145246323989], [0.051746019237349214, 0.10608653672790065, 0.10331563086606632, 0.09694593158961119, 0.06602016665223032, 0.10719912416084147, 0.09812497984605487, 0.13573936770778006, 0.12162597327517656, 0.11319626993698827], [0.03254709361893998, 0.11019482664382395, 0.11821012608164538, 0.1250522294137425, 0.11246091261987871, 0.1475681760226954, 0.10495578878159598, 0.11209200268949213, 0.0770433475573606, 0.05987549657081341], [0.1368409841307683, 0.11324583430453887, 0.12334962092430658, 0.07314224858246406, 0.09148180154125002, 0.10800705589836321, 0.09458090723013751, 0.11595445782598021, 0.08782422862867874, 0.05557286093351023], [0.1093183207684692, 0.07147942768601194, 0.09026204689047845, 0.06377937377168284, 0.10149050596587712, 0.15770658432046453, 0.09282884389063807, 0.05794635487641927, 0.1241531089861472, 0.13103543284381233], [0.11053888345491966, 0.11202185542725454, 0.05652992507575858, 0.1202065718914058, 0.09526765948785662, 0.10898314108686002, 0.10078276233370011, 0.13288198161306464, 0.10419579968013162, 0.05859141994905236], [0.1111912867254046, 0.09833149961802977, 0.05989629749571203, 0.10356586533334668, 0.07404605841075185, 0.10756387274319876, 0.11237424130424699, 0.10404468643183916, 0.12873324600631697, 0.10025294593115437], [0.09929925105518461, 0.1331992942026564, 0.06643592409868122, 0.08898273006943734, 0.10834582298773596, 0.09193250890050092, 0.09347629466407326, 0.08585561562188952, 0.10010817378815783, 0.13236438461168176], [0.10595669968522102, 0.1187061058453232, 0.09635698677718983, 0.14004363084968738, 0.08999912916264248, 0.06890304894622179, 0.07295168937008262, 0.15652503327385622, 0.065102822607246, 0.08545485348252452], [0.11707046107111505, 0.09066571904528055, 0.14041778208106268, 0.1201380937724861, 0.09936182174415142, 0.05600445704104564, 0.09120591714966925, 0.08372727510932639, 0.14613585633887372, 0.05527261664699262], [0.12984131891024983, 0.1356032341629663, 0.1109995079303941, 0.09902363791373305, 0.07448202998447194, 0.034888734293071474, 0.09198252863539805, 0.12327738682475081, 0.06982750487953185, 0.1300741164654312], [0.15501359143465998, 0.09928931755445941, 0.17634511357777094, 0.06340676924660225, 0.10206352777319296, 0.05887225831762371, 0.04921839502865342, 0.08884348522148951, 0.10284171578013296, 0.1041058260654248], [0.043951404673127956, 0.12570334735640454, 0.1330009630013687, 0.12576341585671155, 0.09619148883672753, 0.05752247997585179, 0.09350591885640998, 0.1106004984294138, 0.09798633960949966, 0.11577414340448736], [0.09958275009766895, 0.10703302336497975, 0.12927175093269613, 0.09727538295453254, 0.08112929229092439, 0.11252098114924329, 0.04840762547364367, 0.1140176530096482, 0.12054136473260227, 0.09022017599405899], [0.1380433291978226, 0.11884712093378005, 0.07587928023016045, 0.10147154593265548, 0.09572019333413101, 0.0913463107349822, 0.11613780300502809, 0.1086460985631214, 0.04362724959341305, 0.11028106847489445], [0.09065474513946434, 0.11007708929731372, 0.09522961860396151, 0.048123223353571325, 0.082861115455249, 0.10503804070745953, 0.10134407919019232, 0.13244798609566294, 0.11243001741784574, 0.12179408473927635], [0.10242541571669456, 0.09513169922871755, 0.1065230525798429, 0.023920758706247196, 0.1002746522529696, 0.1112017684408584, 0.10622362987692638, 0.13696870583725065, 0.10331083428512061, 0.11401948307536276], [0.06937795738637995, 0.12792558973190274, 0.1763637820768612, 0.055997291240413326, 0.058639063948208545, 0.11635339213812501, 0.14539628959577944, 0.16711260600041872, 0.029213367492053607, 0.05362066038985043], [0.12176132722119927, 0.11618141884584253, 0.14822262588893714, 0.07860468685537449, 0.06244277273396489, 0.0764576264104695, 0.09147818205589049, 0.09307195152103565, 0.10385290642947133, 0.10792650203781179], [0.11524266190736539, 0.10875132556407607, 0.12639316439313789, 0.06469153553560276, 0.0877804724839572, 0.12316679959893069, 0.05216998719096447, 0.1355184756759774, 0.12651732039442337, 0.059768257255569425], [0.10464281391061184, 0.14121215331882567, 0.14667933551051357, 0.10280574244912362, 0.08809477364301849, 0.1189379322823183, 0.05852600468170425, 0.12177233724572886, 0.04512606478399902, 0.0722028421741679], [0.10668810995183922, 0.1018631076591946, 0.09192475781003392, 0.09633866137203827, 0.1426049848677966, 0.06385945516151312, 0.09610083020437105, 0.10774372514430401, 0.0842192662069859, 0.10865710162191783], [0.1562154856108295, 0.09070584659498938, 0.11380712744233731, 0.0857374660106348, 0.0932999414533194, 0.0596341073244223, 0.10320482870464555, 0.12271074846018326, 0.09591036843451857, 0.07877407996411527], [0.12220636455384157, 0.11210384750954329, 0.08239711773950473, 0.1394731494595601, 0.09131423555433832, 0.13607138301638838, 0.05286832550494686, 0.08840143567267028, 0.08568282641061517, 0.08948131457860738], [0.11977287363634526, 0.12550560314256928, 0.09923485746180469, 0.10302545875230049, 0.07369137606841546, 0.10861809310928132, 0.09585242065007632, 0.06890779598847904, 0.11955423565676712, 0.08583728553396011], [0.0703074994946061, 0.07157390119111268, 0.06306458937560945, 0.14790789668698437, 0.06225569481886446, 0.1269320122808956, 0.043101360754125746, 0.08976990257529181, 0.1533317090897918, 0.1717554337327181], [0.10982222230409967, 0.1260925179899169, 0.007238018639745952, 0.12076073022255875, 0.12321664196597393, 0.021255067070223323, 0.14624135850072156, 0.09349931152060414, 0.12763923986267678, 0.1242348919234726], [0.018208898988396276, 0.13527607922878698, 0.10634174679894973, 0.14171077311238633, 0.09541994934456582, 0.13690304766832342, 0.04927051612758473, 0.11558726370050926, 0.11019963992816667, 0.0910820851023283], [0.07240307117056377, 0.12472380103818184, 0.1454217461586388, 0.08020634181790606, 0.11820692744923321, 0.1000808315552861, 0.10920591308146725, 0.09864377926695217, 0.1146841116002946, 0.036423476861472064], [0.0728240295453195, 0.15102058675019148, 0.12306627569674725, 0.02409004375954966, 0.10071734436618365, 0.1363251828456315, 0.06742779128002559, 0.1116592539737439, 0.11945706838367662, 0.09341242339893886], [0.11572709502963167, 0.12403268226073247, 0.12650729359861948, 0.11695265813960846, 0.07092453071175914, 0.04875937030310765, 0.07329717434193854, 0.14148824190279152, 0.09708259136431348, 0.08522836234750948], [0.11355182162447544, 0.12289590388571721, 0.13888622465226744, 0.027780013715503066, 0.15844124362186815, 0.13606292190169308, 0.04029659936073214, 0.11755775209659768, 0.035408921747116386, 0.10911859739403627], [0.1028197915787099, 0.0652405886377884, 0.12985833531558513, 0.0971761802489467, 0.09015577814931684, 0.13056901955738678, 0.12637078718134512, 0.068666811221121, 0.07406063768867455, 0.11508207042112867], [0.008152269255772726, 0.08129538462248137, 0.1606270802342155, 0.16277341505629406, 0.09509275435373192, 0.1885438592795173, 0.06167938423654166, 0.021389728908035803, 0.10199379370202048, 0.11845233035138518], [0.1024404541694365, 0.11938991898067189, 0.11061316683841707, 0.10225770151373138, 0.009677191591466157, 0.1407251956680669, 0.139347947244335, 0.12863811127165264, 0.037961684439030724, 0.10894862828318706], [0.11918622778047819, 0.11064033698421209, 0.07436842860729012, 0.0735257682370929, 0.11741619937148072, 0.12622963160023656, 0.08332938246703703, 0.07799872700099376, 0.11393940428955814, 0.10336589366161743], [0.12767528132317085, 0.11028923893343034, 0.08835414734212317, 0.10766348994796754, 0.08455540887301682, 0.08863382802335396, 0.09799116962629054, 0.09533218353403193, 0.10851364147274897, 0.09099161092386737], [0.10386159552885989, 0.07129653215806452, 0.08698291318654917, 0.15070484566495435, 0.15521956238232826, 0.10640191814164081, 0.03868436865430056, 0.07527490680381517, 0.1282580544759084, 0.08331530300357635], [0.05455110226726005, 0.11896125477866268, 0.09775905787848256, 0.12760042864348722, 0.14378092336087825, 0.1174487781154723, 0.13447761081919668, 0.04060214725007357, 0.0029378531052476195, 0.16188084378123588], [0.11157486320257001, 0.09855904126711976, 0.14283222120857272, 0.10135955404222344, 0.12072957176359603, 0.09889789370145935, 0.09743967472368295, 0.07027037895024717, 0.09693894940998032, 0.06139785173056503], [0.11010650217307391, 0.041132355420938356, 0.09683775740641824, 0.10418378899881066, 0.12230789774309517, 0.12435786096474635, 0.09900510909605019, 0.08932674953769663, 0.09075494717296247, 0.1219870314862032], [0.11295828423745759, 0.11176047987823054, 0.14560971417679855, 0.07405207727291332, 0.06134213287528907, 0.10729101656876232, 0.10467631488883901, 0.0981006707178345, 0.08721550279419085, 0.09699380658968866], [0.13089322477175044, 0.0951676667950996, 0.06771087633287594, 0.04032658427651313, 0.1158981821146611, 0.11830570294127753, 0.09470509892550741, 0.10706743801669164, 0.1457100422453209, 0.08421518358030186], [0.09321448589004684, 0.11470973452058898, 0.1129853896431103, 0.11125949387853913, 0.03828340174254551, 0.15334911407892052, 0.05607365546975626, 0.11773524890593151, 0.12383940802015424, 0.07855006785040371], [0.10545705359915203, 0.13249721943994539, 0.03248844984760281, 0.13348552771168384, 0.07965300113391151, 0.1311037234362528, 0.1086496031736476, 0.11947695313075976, 0.07464818928962799, 0.08254027923741436], [0.15156581420773976, 0.15474449106715882, 0.059369880204617635, 0.05652191706045314, 0.06426199013104511, 0.0855549322890477, 0.08203555077547314, 0.14126350560873466, 0.04721093467680203, 0.15747098397892176], [0.11193575967400443, 0.13459038221468692, 0.060178230914029074, 0.08956952552915451, 0.06542336620428738, 0.10247824506437526, 0.12124048530178233, 0.11843466673089022, 0.12035059718467896, 0.07579874118211136], [0.07840280239675337, 0.11216529870690452, 0.049793787406836126, 0.05120762147124751, 0.1108218232071052, 0.13950751346884466, 0.13756826679623582, 0.0971519182301476, 0.10976257633369758, 0.11361839198222672], [0.09716157832458627, 0.07717501974833776, 0.10005625266151345, 0.07622904750856263, 0.09916321786840278, 0.12336458777229745, 0.10833348334023808, 0.10961036109553594, 0.11457015699398677, 0.09433629468653755], [0.11717103809921048, 0.13939810624206037, 0.14285805718268765, 0.06967664986177133, 0.12673872659911092, 0.1051249287481269, 0.07046610808237806, 0.11768772874637393, 0.0835719747943301, 0.027306681643951967], [0.13120830454135887, 0.10624822182658432, 0.13376922332380617, 0.08215975258000593, 0.04836290427014458, 0.12807286254542422, 0.09174582228208805, 0.08008588173397128, 0.10224503186830068, 0.09610199502832335], [0.08972114817056245, 0.08729808233968349, 0.0551807092125603, 0.1392862544497855, 0.08767410100301262, 0.07475247257759102, 0.1210361649805689, 0.057487632796308065, 0.14163994837641988, 0.1459234860935124], [0.1322494855505869, 0.1146266841510093, 0.10160825782332684, 0.0556398160947909, 0.10152844472028814, 0.05371142139295413, 0.09178025632633183, 0.11815878692564302, 0.09465027208559282, 0.1360465749294779], [0.06573964078235504, 0.07062429238236603, 0.058660212141071436, 0.14869793810634474, 0.12006136050745125, 0.13316338562841176, 0.09885814962311619, 0.1286048713754561, 0.04519715299569336, 0.13039299645773056], [0.10177024611982478, 0.08214937366497874, 0.1631630192593164, 0.10770074596144202, 0.06388441790544903, 0.0875697702155703, 0.05095231131261691, 0.12581912208159704, 0.09756456122685253, 0.11942643225235214], [0.1043569284163756, 0.11187251058505296, 0.09824205196716856, 0.12454505899095977, 0.07496990676290613, 0.09290750258605956, 0.12343181267923056, 0.11618035699272282, 0.06575213967308312, 0.0877417313464355], [0.13378419824141155, 0.10104193829458025, 0.0972080137274172, 0.09787607061249637, 0.09829650425565215, 0.10280789085975243, 0.0489430345009097, 0.11190656042151122, 0.12089332700579246, 0.08724246208047183], [0.027875864391959358, 0.16434546248047166, 0.09989544152824935, 0.13436232333165046, 0.1286367217911175, 0.03215392498643, 0.10607797056422114, 0.14175065759264355, 0.148510736049051, 0.016390897284199714], [0.0981880579553311, 0.024825974937315674, 0.14117296251301079, 0.0934805757777371, 0.05938537157870433, 0.12563927087054352, 0.11583340204089636, 0.09177380273218132, 0.13456137622125833, 0.11513920537302379], [0.08573870183803875, 0.09614851495344595, 0.1572809537521777, 0.07824037644762614, 0.08091250571738325, 0.13316617196515032, 0.056781190662829266, 0.1375879545003914, 0.06347031567312765, 0.11067331448983243], [0.12028072288751875, 0.06651664076339993, 0.11422725989445, 0.014134219845786607, 0.12101692566782814, 0.14398896182290935, 0.09424030660161778, 0.08314707266552519, 0.11309436333742767, 0.1293535265135369], [0.054687341300922905, 0.1369050724523606, 0.09902631290972819, 0.13905002399986555, 0.10593443517883631, 0.08984004425619513, 0.0532339897536356, 0.11803283176167069, 0.09298293191218866, 0.11030701647459872], [0.11079665728774572, 0.13431376470789974, 0.12414367889489389, 0.13292828795485295, 0.10063822983212278, 0.051577184099745835, 0.12059179245674237, 0.057955473733857295, 0.10606291693281159, 0.06099201409933682], [0.07733213988751941, 0.1651510848510897, 0.07576995173722109, 0.18064937703551065, 0.04341305521834426, 0.05135916853757086, 0.1572855357850458, 0.12527405335131403, 0.11511462566966732, 0.008651007926731194], [0.12148580142350143, 0.02540851157153348, 0.08546772587225802, 0.13434145252802135, 0.12274112226957012, 0.13020385352454003, 0.12443618417270833, 0.10981628755511497, 0.03927701168624196, 0.10682204939650375], [0.12609307808202616, 0.08240454648238464, 0.10416536431723186, 0.12084562744097124, 0.12363172329506178, 0.1275186906028378, 0.03706159474781964, 0.1285259474876927, 0.12485529465661199, 0.024898132887358745], [0.056898860047072494, 0.0930900198051595, 0.12335317186439286, 0.1172404759440798, 0.12883150426912574, 0.10282779209348564, 0.1220749466072906, 0.11098925485698444, 0.08276455333570922, 0.06192942117670728], [0.11897529688807316, 0.09635501210911303, 0.11944299837835216, 0.06505001067756928, 0.1295397207218679, 0.1125318293688391, 0.09499043360982681, 0.06759293009660816, 0.07949864398334314, 0.11602312416640924], [0.09475418433678928, 0.11201244729156064, 0.11411568337966568, 0.08224525343763975, 0.08720215749279353, 0.11687762586474966, 0.15329401260557868, 0.09773122590244876, 0.11600708714170103, 0.02576032254707696], [0.0525955270951845, 0.10267579510467897, 0.13303461750613763, 0.13078078205940497, 0.10756095544556858, 0.13479370525504536, 0.0884094707802894, 0.1157543816889611, 0.05686035309430028, 0.07753441197043587], [0.019399405614342793, 0.028351400272010132, 0.2247998102688495, 0.15790406923865533, 0.11417228462951849, 0.0660264459706181, 0.06709380651630681, 0.15956885189218029, 0.013620544659503894, 0.14906338093800237], [0.1275169761411449, 0.08803570078109528, 0.08290910674191009, 0.13452872401495214, 0.12856020561303896, 0.14113333881517373, 0.08142345951506914, 0.015687964078481963, 0.11051581743426792, 0.08968870686485701], [0.10723690180405245, 0.07271119442645226, 0.12416340988323098, 0.11058661116388446, 0.11475597149043554, 0.04474054879084986, 0.11690124614953888, 0.12040640160375699, 0.124548435237843, 0.06394927944995203], [0.06014944169698852, 0.11484833487874972, 0.11253768147721946, 0.11426240571134519, 0.13054514808017348, 0.12481996529714803, 0.11367233760460814, 0.07681599343711694, 0.06952372606798034, 0.08282496574867394], [0.14087554961464266, 0.08901755518027138, 0.056483180045933785, 0.14566178573927324, 0.1121775597506461, 0.10187787393671505, 0.1045989649060592, 0.08628394448807035, 0.09224367521257594, 0.07077991112581478], [0.12202009721139734, 0.08472696671084763, 0.0985866767859883, 0.11164546044084658, 0.05933514524528529, 0.10342761331698368, 0.12124663593340461, 0.11241351368586217, 0.07925883325610085, 0.10733905741328591], [0.12684006680790647, 0.14666348414980535, 0.11859330714940772, 0.07093307505675417, 0.12078882392899495, 0.14533239743230048, 0.07061298591914106, 0.07998277355599191, 0.10790359527469588, 0.012349490724996262], [0.09903778249848184, 0.08246383246624951, 0.09275850626248701, 0.0545614766473005, 0.09790487662265537, 0.10940539861684616, 0.13158246956482056, 0.11004656699472108, 0.10713729365743545, 0.11510179666899789], [0.09480095864931884, 0.09016009188250027, 0.1035667675366043, 0.14219425693708315, 0.07322708746070639, 0.11879123089588343, 0.10319376786949434, 0.07832719947835262, 0.11515808340461382, 0.08058055588544324], [0.15161627011936843, 0.1345204027992386, 0.04263678407281115, 0.07074811316426348, 0.06321870433956256, 0.11122102528646151, 0.11261360227778583, 0.07945220957163769, 0.10602373367160182, 0.12794915469726956], [0.09136440151375744, 0.13316186240370692, 0.10510120637163393, 0.09384405152337201, 0.024076220657147984, 0.11166725710073491, 0.0954061644449404, 0.14231508868614257, 0.07059651440215002, 0.13246723289641996], [0.08588901706513784, 0.0811117417797567, 0.16943860645375983, 0.09773642106831472, 0.04122194799257015, 0.11185015899213163, 0.15692186055565005, 0.05275298154282162, 0.08820037930736216, 0.11487688524248534], [0.10577518174169497, 0.11018029254755314, 0.11259875761826516, 0.11636047928297434, 0.06853684382889284, 0.0922310981722225, 0.0953284541380198, 0.1457407485470438, 0.08147543019347377, 0.07177271392986109], [0.09970648718927504, 0.07887348481934515, 0.11709542704185046, 0.04776942651829433, 0.12558727254454993, 0.12956347765716603, 0.112305581769021, 0.09943416812936272, 0.10550629959209439, 0.084158374739042], [0.1131443082242597, 0.11286718195202729, 0.1229966416256409, 0.1289672717566821, 0.12334981567504073, 0.09945076944161851, 0.08602371755722103, 0.06270213113626347, 0.07999474319470132, 0.07050341943654938], [0.08320273025182838, 0.07022262676199598, 0.05129381378107118, 0.13636543206986382, 0.09233393349378712, 0.07150822638530621, 0.12975251267834195, 0.09681768669202054, 0.13414828634869522, 0.13435475153708604], [0.12344649436851056, 0.10713656265021386, 0.10830382834711724, 0.1234492314910177, 0.1127854452126695, 0.07951458862396978, 0.10916373510130957, 0.11011838417295604, 0.1142085501337503, 0.011873179898490929], [0.12894757250881345, 0.08513224025852725, 0.13279611022394178, 0.0731493242658849, 0.12018219120702542, 0.05279139381049249, 0.08663797019195374, 0.09997825886654435, 0.1421205311907266, 0.07826440747609408], [0.11928817090441597, 0.12631434827437873, 0.09515097363786021, 0.08959866688897314, 0.0958978961791744, 0.07792238022503095, 0.09519074628678789, 0.1334294244005159, 0.07705090558034347, 0.09015648762252575], [0.13872851841698106, 0.07887600039208643, 0.07986028135130496, 0.08280899286177862, 0.08853436350722063, 0.11933689033096816, 0.11392422510519973, 0.09701594427145184, 0.09740767970854412, 0.1035071040544633], [0.1348679170678356, 0.010579774025903533, 0.11231925745914725, 0.1152287374398021, 0.1194388323510096, 0.00797108920243519, 0.1148721506681027, 0.15188792743738042, 0.09980089272376495, 0.13303342162463583], [0.13787799408402104, 0.10001398181084808, 0.01979197385858423, 0.13312972571797646, 0.11735700735185425, 0.10685499301911679, 0.09950035625323617, 0.14151442718193225, 0.10022241510811022, 0.04373712561430964], [0.04771087014011206, 0.09533212714021044, 0.14366864987473826, 0.10933555528670111, 0.09931633675791839, 0.11294455211809816, 0.10207803409461523, 0.12541730830629608, 0.05019199732566496, 0.11400456895564426], [0.13216018148032402, 0.08815718225414096, 0.05376937732586506, 0.09692738380862392, 0.13208955782245807, 0.12273483271525838, 0.08550192859278731, 0.04087643416038885, 0.095128638406278, 0.15265448343387422], [0.04533669972288093, 0.12380478756998384, 0.11606125448812828, 0.13503216265763007, 0.09963521963561567, 0.14013001454138216, 0.11458780084427994, 0.10718535904539839, 0.04883372896550258, 0.06939297252916915], [0.12502021884151718, 0.11661312193896439, 0.09180324659087827, 0.05907904594517621, 0.12105691225495378, 0.08019541673894741, 0.0939314507219712, 0.08338490256599548, 0.12137642448404003, 0.10753925991755224], [0.09896220473365862, 0.10800522680622707, 0.08238982666097017, 0.11258631755635506, 0.06975803009807503, 0.1186898111387886, 0.11821331024938832, 0.08907314695506732, 0.10583605669231727, 0.09648606910915179], [0.12814929612263146, 0.07161608537878277, 0.10258846767807238, 0.10961852972189132, 0.028750808499017337, 0.13040813637144943, 0.09695462824095102, 0.07607488492996405, 0.14025145315077656, 0.11558770990646802], [0.08205764439492881, 0.10456393011682995, 0.1493328358879436, 0.11158723536387063, 0.09466756291237534, 0.11848391202074274, 0.12193328967867907, 0.13052636315083171, 0.00288393752853942, 0.08396328894525447], [0.14509777311358607, 0.09926575590912516, 0.008817101790538247, 0.12363397320138914, 0.11988276408182083, 0.1130987895661317, 0.10933398918658588, 0.1125742512427559, 0.08537732743455158, 0.08291827447350054], [0.12090132174464639, 0.0943915627194259, 0.13997341523465656, 0.11053692943526171, 0.11958976603895434, 0.12234275383773241, 0.07734677525838277, 0.06648629434475509, 0.05672641569355565, 0.09170476569262617], [0.09389807297100113, 0.12368848596016756, 0.1467882343335257, 0.09575775645164222, 0.11419208035661614, 0.09648929279400235, 0.10420800994865217, 0.09828591513423748, 0.03502388974406429, 0.09166826230610321], [0.09425979062933411, 0.13580556492434034, 0.06967646318458535, 0.12938960761399954, 0.11562682027146655, 0.13008567639632987, 0.04794042965248301, 0.12741629442934496, 0.026285247001426704, 0.12351410589668865], [0.13050247084697253, 0.03084173634211419, 0.11293354477291316, 0.051548739427678104, 0.12658129825806463, 0.14398257087465768, 0.10156080023305045, 0.13338947055102915, 0.04295681879079008, 0.12570254990273433], [0.09334752664556659, 0.10949211070668026, 0.11483394558508359, 0.13260003717490668, 0.1317633674909378, 0.11289489057587732, 0.0009798052515953347, 0.05255246251834652, 0.10005206533455004, 0.15148378871646329], [0.09356891446727239, 0.12170606828472467, 0.08145937750498805, 0.12372411838926178, 0.058594363326989564, 0.07660781247678175, 0.10702078936490712, 0.12518039735325712, 0.08116105055497838, 0.13097710827684036], [0.1615297136862935, 0.06535775040444099, 0.12902023274164529, 0.04016781779643187, 0.07080517165800174, 0.07417350007021187, 0.05018449064758228, 0.16843116442891584, 0.09359523475910238, 0.14673492380735426], [0.09181942208091701, 0.12197714088486025, 0.08485513696239957, 0.07302917029996502, 0.09861288840717271, 0.14758133029639253, 0.051592711778510714, 0.1155132521680896, 0.08619851640355429, 0.1288204307181417], [0.07155788288563741, 0.056258532088642316, 0.10560209901643006, 0.15728345921562023, 0.10456463277027904, 0.08831565466071611, 0.11998405567598278, 0.11572042037354408, 0.10534909996581421, 0.07536416334734361], [0.08166707424150665, 0.12045822725497604, 0.10196005361260532, 0.1076906361001724, 0.0822433652212456, 0.11278247120383912, 0.09841824448521133, 0.0837687680069446, 0.10483285321310595, 0.10617830666039396], [0.11061534035915487, 0.08340898044067016, 0.11344471778385709, 0.13831152795918278, 0.1409979755666777, 0.03559142727608663, 0.11801427562170562, 0.06290359539205377, 0.08982650908594676, 0.10688565051466922], [0.06130315067616312, 0.09194847614164717, 0.15510496882229707, 0.07835868564894719, 0.11376753899126665, 0.09543528795748178, 0.1231420667841449, 0.0753588576230347, 0.09315441281547651, 0.11242655453954208], [0.11600593933602013, 0.04899535418224046, 0.10739768899287319, 0.07021536182076361, 0.10221945145913484, 0.09249637244421405, 0.1385564650362799, 0.1166475430232664, 0.13700155019909158, 0.07046427350612813], [0.11857839621570525, 0.06124236560161704, 0.09882192252772569, 0.1330023157510325, 0.08837626221056133, 0.10955422887192776, 0.08878244787724433, 0.12522053701569635, 0.10496220007623037, 0.07145932385225925], [0.10759000881699739, 0.10082819350677572, 0.12992933702272405, 0.10629430409385289, 0.0786145629203506, 0.11245532949683797, 0.09086184924111687, 0.10697882221543238, 0.12323665657553518, 0.043210936110378934], [0.14243361859937761, 0.09042067792465103, 0.11283416797046394, 0.1105214086592106, 0.07952711512219973, 0.08717439232282231, 0.08555734728535275, 0.08638869160846475, 0.09910092497392499, 0.10604165553353748], [0.09147141046855176, 0.1449219269605448, 0.09812437914573978, 0.09142624727752595, 0.09224974271169085, 0.1170218931520062, 0.12117698865261985, 0.07329302113500125, 0.08730633382680279, 0.08300805666951637], [0.027699080364161254, 0.08286353424911737, 0.08323988010096514, 0.13221061590047706, 0.08509964469515273, 0.08664097732909554, 0.13559729632260667, 0.10712411331501452, 0.10219840927061104, 0.15732644845280053], [0.0640338674823765, 0.130769263066456, 0.07832303209400655, 0.09403532779297717, 0.10583766688211785, 0.1273996363708443, 0.09448129161425435, 0.10401935988161248, 0.109431131404434, 0.09166942341092556], [0.10908386034629342, 0.11232147393171468, 0.05402901749120064, 0.08331169859595472, 0.09795047561317692, 0.07869742683287996, 0.11806613924433525, 0.1361684556332108, 0.11011675403609131, 0.10025469827514766], [0.10568869780265343, 0.09350610544689875, 0.14420031146946075, 0.15793546770967606, 0.11128756273621777, 0.09646081068164114, 0.10482661534562937, 0.10814757607332232, 0.014394564640299905, 0.0635522880941848], [0.10243562903659457, 0.05936270989695971, 0.09480965175574668, 0.12622185126072147, 0.09732252164089218, 0.09971696821465055, 0.08336387921732077, 0.11769373168896907, 0.08128603617837465, 0.137787021109771], [0.0478435420172655, 0.07582225053503255, 0.052342128360875984, 0.14034590543296116, 0.13389994497713187, 0.13456098466091623, 0.08222906949118625, 0.13880823503960166, 0.0897116176597049, 0.10443632182532356], [0.12146450424955209, 0.08235858617213981, 0.01135194587727712, 0.025245560264017204, 0.11173439004901617, 0.16486652583675362, 0.13696478197909145, 0.1444286729010515, 0.1344786365286433, 0.06710639614246243], [0.16550155479408749, 0.17264470724887768, 0.05663729474378198, 0.1422645624521941, 0.1332471262583581, 0.00830336046509538, 0.13270061447709572, 0.008964671169386191, 0.14491364137703752, 0.03482246701407587], [0.045322749743458596, 0.18109342204202936, 0.15723057068386653, 0.12238825366325225, 0.13065229047732735, 0.01857698456822523, 0.12104282403486491, 0.07682517783354953, 0.12657002561337283, 0.020297701340053147], [0.07455205904234187, 0.11522901571224714, 0.11043771232749408, 0.13812978981407514, 0.05864319024104471, 0.09724009081793014, 0.08411720409386796, 0.10739475556571026, 0.10103438385744284, 0.1132217985278448], [0.1704253527775703, 0.03198961939688584, 0.08789560137826603, 0.1489498613470325, 0.1331575636688396, 0.09709409565599578, 0.01915825953884824, 0.17652120057634002, 0.08442295214593394, 0.05038549351428098], [0.12975680765215303, 0.14673845478938902, 0.09314312063444295, 0.11644435558827623, 0.049523893628266744, 0.11018655265749024, 0.11226527245261421, 0.1532317909380839, 0.03600694320838181, 0.05270280845090912], [0.1174856374670444, 0.12809168936967652, 0.12645532885812677, 0.057987693539194404, 0.1314539723697699, 0.10249553100672983, 0.09130599723391443, 0.07896729587071274, 0.04901149629427193, 0.1167453579905437], [0.09159732440113949, 0.14695355369778884, 0.1146758828552205, 0.09663730802773902, 0.12783907209149156, 0.06913736486759946, 0.13466400515070856, 0.08025560394369477, 0.06057854215308958, 0.07766134281152959], [0.10564591116257012, 0.11450271188908576, 0.05754211033127296, 0.09759508810927181, 0.12780993266639198, 0.11571789864087602, 0.11293994056447783, 0.07281524351351756, 0.08299232618117797, 0.11243883694135876], [0.14081937327889313, 0.0025816686016040106, 0.16150282055032822, 0.0005236013613088142, 0.10840823682887975, 0.12390583620105922, 0.05496225582039528, 0.14672381385732164, 0.156284753647182, 0.10428763985303813], [0.06825851885494667, 0.0415574312201525, 0.17609829248874653, 0.12148659798328669, 0.13257257315878299, 0.09729605872985125, 0.0808458540723911, 0.1527100700359214, 0.09167075280787279, 0.037503850648050785], [0.16196344882951672, 0.09622693170345992, 0.14748451925691392, 0.043986833208017426, 0.06905755546108243, 0.09832838168770128, 0.12287124556795792, 0.08336716019470197, 0.093012008381336, 0.08370191570930993], [0.09109317940980013, 0.11548809369751055, 0.07157740657150483, 0.1086691668117137, 0.1263086080291887, 0.10117421557935426, 0.11513947358431659, 0.06335667737625983, 0.10072065434115988, 0.10647252459919447], [0.1298915384414202, 0.044787378350811834, 0.1361898031942859, 0.12935583285207328, 0.01982869031199463, 0.07263994731851761, 0.1272266572253497, 0.18626538956883132, 0.03422746392923103, 0.11958729880747777], [0.11621379241592553, 0.0998219741379523, 0.08092482268451971, 0.07898027070377592, 0.11126227128258909, 0.1138571334386833, 0.11806036668660067, 0.10216243140332881, 0.1034407516095259, 0.07527618563709529], [0.11464118409454438, 0.1125034678968359, 0.12561238389497087, 0.049593723918561004, 0.0665449095758329, 0.10695353436302812, 0.08213789966452864, 0.12303052803232771, 0.11122089963687366, 0.10776146892249752], [0.05919160053911731, 0.0458830881847364, 0.10972942665406629, 0.0955897893461335, 0.14694911194718632, 0.19071978209679658, 0.10211314011382897, 0.1028665836999801, 0.07770512922924201, 0.06925234818891605], [0.10341347826317906, 0.09695701748768974, 0.14161374037085214, 0.10680636459718477, 0.09793624718674811, 0.15490779535274565, 0.03654575072254656, 0.10367993591344561, 0.11014696042212782, 0.047992709683489704], [0.11253365078738403, 0.1058269862634525, 0.059649759542807435, 0.10271869592238926, 0.1062904611673252, 0.11116460303640278, 0.09282649866765434, 0.09356842555779127, 0.14721305700251958, 0.06820786205226598], [0.1079596574012868, 0.03816187541637316, 0.13576475573608682, 0.11426051833562295, 0.13135692517434752, 0.08962520643861, 0.12612650618301555, 0.1511942325602275, 0.08488145436424964, 0.02066886839020497], [0.06113914094551421, 0.05605836860679888, 0.09915971627255282, 0.10100223288240275, 0.10845285955508548, 0.11249364915437754, 0.12987830701227268, 0.0974999626167039, 0.13221616681145315, 0.10209959614283426], [0.10012539484518702, 0.08261825984547944, 0.11161651533497173, 0.11069021662005249, 0.0998135520537867, 0.09668346083089237, 0.08720058595031611, 0.07009023396691014, 0.13675540926201432, 0.10440637129038635], [0.09543530945759528, 0.0659340845818117, 0.07511310910722684, 0.11646129607749885, 0.08498249751252514, 0.15650167762197345, 0.13347670917483775, 0.11190573472917698, 0.11601181373622581, 0.04417776800111857], [0.06808862044845536, 0.10551390923905317, 0.10644987210344668, 0.10821205615795475, 0.08248193577502673, 0.10791992252283208, 0.08741792734600115, 0.11224394336983884, 0.11931584104864419, 0.10235597198874806], [0.11597854934272074, 0.11651685076562315, 0.11914174029756822, 0.05126127600309545, 0.1185379509760223, 0.10809290813395092, 0.12332177635362701, 0.09545035454085178, 0.06809122849493654, 0.08360736509161591], [0.1133776134162129, 0.10453610329875757, 0.08653904050109745, 0.08457612855200193, 0.08707898154000587, 0.13211855605892492, 0.11257921510471204, 0.11887934159886558, 0.09513298208526541, 0.0651820378441607], [0.106010625686247, 0.10944572070011672, 0.10709771976571308, 0.08168560456253827, 0.07260560999690588, 0.10714360522646733, 0.07209216038630213, 0.13569344731184607, 0.10872118192992379, 0.09950432443394143], [0.1399988059502158, 0.1461923635216863, 0.15895647805275395, 0.019190894193529255, 0.0560966243788602, 0.12168004199287699, 0.10924127145671891, 0.1149928373189871, 0.10234650808548922, 0.03130417504888468], [0.0680353551321266, 0.040833956960432675, 0.14933414341507578, 0.09033505661666077, 0.009498027799609442, 0.15381614646301267, 0.12126402694292156, 0.12573806744614438, 0.15998747641972436, 0.08115774280428453], [0.02260481027494428, 0.10229098677979187, 0.107254720132738, 0.0733657579835426, 0.14563247804314375, 0.08460001047112328, 0.13450117854974575, 0.127310153432725, 0.07196530397072412, 0.13047460036151698], [0.1100573693636055, 0.06437395938876121, 0.11914230057140456, 0.11921956452265653, 0.07266345682185779, 0.0644966845149389, 0.06059441068408087, 0.16561308447660023, 0.11085298254323851, 0.11298618711286511], [0.10692184443047756, 0.09369789555323668, 0.12329659995777782, 0.12202069338572477, 0.08494422231116487, 0.10500802985697347, 0.09893569456731523, 0.12057821646874793, 0.05897112745874676, 0.08562567600983703], [0.08549070418830533, 0.09095483627897692, 0.12372997755708968, 0.1081671068982928, 0.07718146000181364, 0.11863740107621479, 0.10211653764824229, 0.08787930623883283, 0.09713969235565975, 0.10870297775657006], [0.1188958043852332, 0.13291894709328025, 0.11988882899110731, 0.09458656030347284, 0.0842516897202851, 0.08729090952690517, 0.10372