{"SAA_list": [[[0.1289742787902333, 0.14277478054171322, 0.0796251662710496, 0.07238761396515582, 0.062453389956992775, 0.5137847704748512], [0.285284201947682, 0.15047175960815132, 0.12034781040347609, 0.08624874819770399, 0.1188122451368265, 0.238835234706159], [0.32246013861217643, 0.2448685321205373, 0.006946195133040627, 0.1155568006382541, 6.186701929864266e-10, 0.31016833287731715], [0.14028492025564598, 0.07099772354781483, 0.031085972812546485, 0.036016846352614734, 0.07993814505203206, 0.6416763919788072], [0.3119964880473037, 0.3979429982296745, 0.04691528930320349, 0.1511650630361674, 0.01368638674541679, 0.07829377463823152], [0.2565151316491081, 0.1492999634979396, 0.05420486316597156, 0.040215038213125526, 0.13182351737793382, 0.36794148609591787], [0.21536140161235426, 0.1784792994149492, 0.0197750144088952, 0.03224895206118089, 0.1113424452571928, 0.4427928872454263], [0.18606757396207996, 0.14519551981090748, 0.05012047691376931, 0.08190908570722713, 0.1002099361285716, 0.4364974074774444], [0.27945687933403035, 0.26744061652471757, 4.425005471887545e-09, 0.12479261176161775, 0.17931031868424113, 0.14899956927038846], [0.19633808813017548, 0.17077740797998908, 0.022464766352563944, 0.02587648062644203, 0.011128290150262354, 0.5734149667603691], [0.3500397365533329, 0.06644950621074776, 0.04680743791927057, 0.027679027669256017, 0.006544522028813782, 0.5024797696185954], [0.054480255262574794, 0.014289648012088558, 0.07551370116501492, 0.1245606225531164, 0.19940196344253497, 0.5317538095646314], [0.0815335245306056, 0.19626204714540255, 0.12798083533670065, 0.0636511836707917, 0.1628597561439164, 0.3677126531725832], [0.1450247017815061, 0.08561603976631682, 0.05252311403906088, 0.06855016989372542, 0.053707367290995976, 0.5945786072286475], [0.19707768111943127, 0.09776021959826929, 0.06123118426186496, 0.07439080551081928, 0.029041048173016264, 0.5404990613363799], [0.1653311150622149, 0.17089310016696369, 0.0459730294870741, 0.06253968403043149, 0.009845373931590174, 0.5454176973216025], [0.18144593408880716, 0.10217688759599021, 0.029103433130797836, 0.07910861366336565, 1.2509848182469565e-07, 0.6081650064228002], [0.22682862390487252, 0.1841258120053333, 0.08241815060666861, 0.04270973903866597, 0.07863092603256838, 0.3852867484118971], [0.4039367042335068, 0.07904116948911401, 0.009593017523571484, 0.05006551730477458, 2.405051406067684e-08, 0.4573635673985252], [0.08586826869663805, 0.21422452967102076, 0.03916069599602656, 0.001340179891224196, 0.04316167405017195, 0.6162446516949275]], [[0.20864019923952565, 0.17450545905708031, 0.09155318851871905, 0.07716909935770641, 0.055143377668950104, 0.3929886761580192], [0.2840476308919269, 0.03499816413076954, 0.0634461318746868, 0.02828967901296076, 0.10640644466014319, 0.4828119494295548], [0.22437673332785674, 0.02964667184467297, 0.056200776485842895, 0.01872181446567059, 0.05059305232802759, 0.6204609515466802], [0.353976589217858, 0.157426126475017, 9.327255227763488e-08, 0.028006172748820134, 0.07654428574295337, 0.38404673254279226], [0.08707595876435592, 0.06518951489473032, 0.04873477855376568, 0.04268159210280659, 0.05033023604210483, 0.7059879196422366], [0.21065351646533348, 0.057409610333415524, 0.04009522729197089, 0.04035637667535676, 0.08101781048942487, 0.5704674587454951], [0.2517759860165447, 0.12427907207723599, 0.03467982711094367, 0.06239682509849816, 0.09707964006078419, 0.4297886496359573], [0.2634669367771562, 0.18696994133078804, 0.04037068943213654, 0.00549722118943789, 0.055242346815457845, 0.44845286445503], [0.18224429863535904, 0.08535371343494627, 0.06626325648827588, 0.025264404855394842, 0.0034147884768803254, 0.6374595381087178], [0.2137761949705107, 0.07573389918325873, 0.040609773616753025, 0.06561959538506495, 0.0952261074899326, 0.5090344293544881], [0.5010070309829453, 0.1345841333163276, 0.08283311605718574, 0.06439528744905965, 0.026790439789810924, 0.19038999240468957], [0.1580953553626506, 0.05214774069225433, 0.0873794832306927, 0.05304616558535126, 0.09583931734107284, 0.5534919377880304], [0.1351125180261872, 0.10408981662806435, 0.038329366652753646, 0.07362892190738575, 0.011277005339699359, 0.6375623714460239], [0.3350548704283615, 0.06376575680294254, 0.04321249355484686, 0.0764467999736732, 0.07447813775396339, 0.40704194148623163], [0.06648950081970999, 0.09850486047890787, 0.10907699032162693, 0.07804351185014287, 0.06058768791703837, 0.587297448612641], [0.22966784769685405, 0.06474404893092496, 0.06472233783569713, 0.005969753501446361, 0.01671527322609239, 0.6181807388090029], [0.26571851918706835, 0.1298894120316938, 0.04989567651040656, 0.06310677944561431, 0.02319147094065588, 0.46819814188460207], [0.23916859066306026, 0.18925665225282814, 0.03263747270705886, 0.03830507212683618, 0.036733712218268995, 0.46389850003194927], [0.27072606243806624, 0.10158333962148766, 0.0932883377160804, 0.04422519780199464, 5.764066652656598e-05, 0.49011942175583995], [0.191331904638986, 0.14538317910807874, 0.048004513209724264, 0.026882708723026564, 0.12544757541633242, 0.4629501189038448]], [[0.2149131116623994, 0.0830975639603287, 0.056843055079746664, 0.028875140101979384, 0.10202341761734358, 0.5142477115781466], [0.2535833192659649, 0.13265929561632053, 0.05467310797380573, 0.04955365776675118, 0.08151526992189613, 0.42801534945527125], [0.1982655112389216, 0.14632971662177435, 0.01910848375928278, 0.04783089264182212, 0.0729699254943904, 0.5154954702438072], [0.22286761660309, 0.08436623128248708, 0.06907547909432424, 0.011015802404043035, 0.06421233374524851, 0.548462536871358], [0.23343799366113863, 0.04676250487982532, 0.05539935703284687, 0.04891777396754719, 0.08156019417668034, 0.5339221762818467], [0.29715001224290544, 0.10826457098521608, 0.07831661404462092, 0.009127592802735063, 0.07839924982967424, 0.4287419600948432], [0.16869636161176071, 0.12262424315446739, 0.0579045768349064, 0.055005875697314355, 0.049424940597028226, 0.546344002104243], [0.2013262503050847, 0.1318920235736982, 0.044108289927290205, 0.08299250300019845, 0.07454640831976872, 0.46513452487396306], [0.09811096722718604, 0.1262232847661793, 0.06428503891085882, 0.03431803036577516, 0.09327779785931518, 0.5837848808706972], [0.24262625183091258, 0.11545033392400561, 0.07198442673047184, 0.034048832778767586, 0.05475532620685825, 0.48113482852903294], [0.2428603375516096, 0.019452895866244834, 0.07305974263637915, 0.023233648865975478, 0.07454966800309588, 0.5668437070766582], [0.17950078798976793, 0.08677408994241631, 0.05224762157902681, 0.0315933695760161, 0.059218927018750735, 0.5906652038940271], [0.22198590525306738, 0.14139496841683433, 0.05147399486854514, 0.04229293421859922, 0.047599209276201225, 0.49525298796678824], [0.1316267634237503, 0.11025026035713355, 0.04711908235159003, 0.026178214636322535, 0.07396616475268544, 0.610859514478284], [0.16287916885656348, 0.11061989971058903, 0.046461735378799385, 0.06133178204881945, 0.07867088344392605, 0.5400365305612568], [0.14807843037136392, 0.0710796454291055, 0.05022810952652187, 0.0710645731858156, 0.06804819967278287, 0.5915010418151139], [0.0981988018781177, 0.22709043669168938, 0.0822529874857837, 0.11424552946701742, 0.12731546721938414, 0.35089677725800716], [0.18728527002155343, 0.06085356749964653, 0.04744933395743785, 0.03104096333506658, 0.037992706600307354, 0.6353781585868544], [0.21825129916429767, 0.12833543987620255, 0.04746543510975669, 0.04456849141247963, 0.08974178212661901, 0.4716375523106345], [0.1411886714569911, 0.16374206621201512, 0.04501301778914025, 0.052261455405737275, 0.024520348924030325, 0.5732744402121913]], [[0.22945817189615547, 0.10471745761223056, 0.02807983142151201, 0.05009713073298411, 0.06547404567939606, 0.5221733626577209], [0.14846837975020805, 0.13449833507442951, 0.05670730574790023, 0.056607718949588895, 0.07240693087624278, 0.5313113296016541], [0.16277440980405933, 0.12255474499458838, 0.045662390998962445, 0.053982503625866825, 0.034485463418151126, 0.5805404871580775], [0.18413385465817061, 0.03564163442592393, 0.05781811244705589, 0.03520133405264951, 0.06470013757289347, 0.6225049268418992], [0.2200072150139063, 0.09695812111931104, 0.03474808830302614, 0.031366622798812, 0.0645726749810392, 0.5523472777840135], [0.2474339867260448, 0.10070846479055709, 0.00780815188947024, 0.041052224843993554, 0.07504668405548642, 0.5279504876945943], [0.15197396313012626, 0.12122073818581455, 0.025154971451341428, 0.04504410433260552, 0.06912186511490456, 0.587484357785565], [0.1940459765039187, 0.09403385185257448, 0.056294188894883246, 0.04569703915720845, 0.07064401437636114, 0.5392849292150802], [0.1719897119237745, 0.1316188928761017, 0.043944971007322246, 0.04745917658790441, 0.04394583547836436, 0.5610414121266176], [0.13869727255416128, 0.1136502313577142, 0.034699547954004505, 0.0465631610545578, 0.05761906630046974, 0.608770720779316], [0.1889424687234978, 0.12209288499360761, 0.024175939100355138, 0.04142163609158701, 0.05707630268224938, 0.5662907684087453], [0.16303826502958532, 0.12234651146871395, 0.0629724894722901, 0.07549258794965057, 0.058513073932634815, 0.5176370721471002], [0.1684915342484524, 0.11471378823833372, 0.05107078942950903, 0.0468941115125171, 0.06723594213145313, 0.5515938344397399], [0.18191620153832289, 0.08480555365412276, 0.04650646547884319, 0.0485397740396193, 0.08907934132126408, 0.5491526639677796], [0.18683336332231762, 0.08174678349804515, 0.05873039888926262, 0.04425085017247124, 0.047018463783380794, 0.5814201403330889], [0.1396403111836656, 0.10999362651320314, 0.04043755287194323, 0.052869269667501904, 0.056547019516123787, 0.600512220247691], [0.2088222381772569, 0.12165553830436882, 0.04497703375436667, 0.03743904850814618, 0.032625461407827815, 0.5544806798489661], [0.15489876584529333, 0.1265543320603757, 0.01877787759787364, 0.04751654148117054, 0.08720456944068299, 0.5650479135745419], [0.17890398130845578, 0.08283511705500497, 0.06267702912605634, 0.05856768341735145, 0.04033165225353511, 0.5766845368390711], [0.18610224740288578, 0.10013639314768384, 0.029298801110982126, 0.0403019467972498, 0.07137363519108893, 0.5727869763496133]], [[0.18786668512586122, 0.10054335361491364, 0.047451692397805716, 0.04863924611916542, 0.056785958489894185, 0.558713064252467], [0.1858745035684696, 0.10218260000983949, 0.04365498174231517, 0.04101487570624345, 0.04648281842949958, 0.5807902205393335], [0.20741726164558133, 0.07876043829800204, 0.04012070670706833, 0.04496528431658521, 0.07094481463516182, 0.5577914943965981], [0.1654467064855056, 0.07203604941766133, 0.04850357277102685, 0.05269658938239908, 0.05690010280445602, 0.6044169791384869], [0.19557412045269545, 0.11701069207566858, 0.02586578452875669, 0.03169427628126586, 0.058088434974870415, 0.5717666916867817], [0.1870167544536758, 0.07683798469370584, 0.02640338718084501, 0.05269531490407344, 0.07102146368930046, 0.58602509507863], [0.1806798351998602, 0.12042680950813485, 0.0424200833584134, 0.055409486496382, 0.056070876131492677, 0.5449929093057486], [0.16697862700158878, 0.11139525287344729, 0.04615086682163424, 0.038027494714883515, 0.05570768125866964, 0.5817400773294968], [0.19074068213883463, 0.12216076625746684, 0.04237221385683681, 0.04696396786580002, 0.054814997624779524, 0.5429473722563191], [0.19027522446902004, 0.1093327156681347, 0.0566436468688202, 0.029779066044558843, 0.06066638174292815, 0.5533029652064592], [0.1899399352687798, 0.060633960664713625, 0.0376446188856005, 0.03912603297468857, 0.06642208851106736, 0.6062333636948855], [0.17583296023092057, 0.10934644582694694, 0.04399375075706541, 0.0363789440971486, 0.061660231736223106, 0.5727876673517844], [0.21808340025367973, 0.0998816441569214, 0.033902815651155396, 0.042567495069631846, 0.053241953098109814, 0.5523226917702562], [0.2138553720095453, 0.10981675839530403, 0.05376578661719944, 0.04801007756982159, 0.06090176518753094, 0.5136502402206622], [0.15634767928878854, 0.1099047177743032, 0.03368452780168919, 0.04084447462670913, 0.060286406405463774, 0.5989321941024873], [0.2137075704861348, 0.10905832241597535, 0.03781602594808255, 0.041756433350905196, 0.0691794280460817, 0.528482219752847], [0.21151339051536044, 0.04456621910124243, 0.049176771497046454, 0.02743592015067111, 0.07781882963144016, 0.5894888691040856], [0.18453500931775127, 0.09300261518197578, 0.03702775851782377, 0.03364019341511037, 0.07097824413584522, 0.5808161794327762], [0.18743856475306386, 0.07444144383522429, 0.03605405599269664, 0.03893645933328398, 0.08423457622322701, 0.5788948998624306], [0.19325717074959906, 0.07805607312853208, 0.04569954614344624, 0.043297078939303596, 0.04465465036645435, 0.5950354806729152]]], "bagging_alg3_list": [[[[[0.1867115053286398, 0.14519361428508043, 0.06180513110014256, 0.05151679562902731, 0.05995284245927878, 0.4948201111978407], [0.1610414657831426, 0.10914579619754283, 0.05047031487263066, 0.07749409388277644, 0.0823583908260917, 0.5194899384378174], [0.21697455530144277, 0.21277233247104074, 0.0027854345110447164, 0.05689640566306826, 0.008820254128874725, 0.5017510179245309], [0.24449789500941227, 0.06549197124835018, 0.0190868835844201, 0.041005673488206246, 0.09201133763992123, 0.5379062390294148], [0.17086164301320847, 0.29656268147496123, 2.6249934054863273e-07, 0.04751470353947274, 1.982159586278935e-08, 0.4850606896513739], [0.18666178924564858, 0.05452067762102071, 0.04112680227801565, 2.465405997378422e-08, 0.07804048471408676, 0.6396502214881914], [0.2073213175180761, 0.13093833560775964, 0.01832231476627264, 5.821774976593752e-11, 0.09994281866777265, 0.5434752133821614], [0.3869945030295911, 0.15386460851520078, 0.04353864093993855, 0.05888272186586806, 0.06770363281104275, 0.2890158928383568], [0.14204274382388363, 0.10731397439185146, 4.28124473794667e-11, 0.05613814403615376, 0.062189765771874156, 0.6323153719330089], [0.17175649620462494, 0.10150366566643951, 0.053616026190157415, 0.025814104518451446, 0.0035697197214098323, 0.643739987699164], [0.23759514072805232, 0.06475545103427646, 0.038622830638049624, 0.043188613932221724, 7.507149525647792e-08, 0.6158378885957851], [0.03803399108442336, 0.08147209339811426, 0.06671211091777329, 0.02444387867987924, 0.10395460591167223, 0.685383320008359], [0.0673680452184986, 0.16534818037491356, 0.1369901113980397, 0.03534866233415013, 0.09340123117134806, 0.5015437695030577], [0.17573275634514943, 0.07709056091192246, 0.1376083882388287, 0.06634512530009731, 0.04238890788994814, 0.5008342613139698], [0.1291574051324967, 0.07596268306370856, 0.06806405028380494, 0.04389389193633797, 1.6657192302450783e-11, 0.6829219695670025], [0.256622738664167, 0.1593692408565989, 0.007070669463200095, 4.77621632608529e-09, 0.014921582096773058, 0.5620157641430354], [0.17897986098128676, 0.09252385366224608, 9.728741070705557e-09, 0.06770318537495329, 0.09728624803483954, 0.5635068422179296], [0.07943341455099247, 0.09204852416426709, 0.02939734142315026, 0.05336001665743844, 0.04472679061948571, 0.7010339125766051], [0.28910612807634506, 0.09529369897721451, 0.006097623799805997, 0.040187953383689974, 5.93069068534055e-09, 0.5693145898305411], [0.2610395425159526, 0.19890216233115546, 0.03456125368876224, 4.303148786704412e-12, 0.04282041403618866, 0.46267662742363386]], [[0.20301668687390192, 0.1869889420241814, 0.05909723569531984, 0.02563552218914402, 0.06505354269400855, 0.4602080705234464], [0.09744104014071944, 0.08885814786086484, 0.033540622210676774, 0.04296819478627728, 0.047158305245500666, 0.6900336897559582], [0.19270662975114367, 0.023933218518507958, 7.60723663723777e-11, 0.01482996304817582, 0.12984818276813306, 0.6386820058400319], [0.2585018734142862, 0.13374680245714413, 3.0357266532434616e-09, 0.05561846267682519, 0.06324158510193405, 0.48889127331408877], [0.05060947972571094, 0.1500513903842388, 0.06795727720876667, 0.026780246844544504, 7.866285713559197e-09, 0.7046015979703818], [0.1574970543771623, 0.061925759037368126, 0.027208307579986456, 0.031025100129953864, 0.06400992930491473, 0.658333849570614], [0.267658927822651, 0.10676682102196113, 0.026331711080518877, 0.053508157378073795, 0.11268450058275058, 0.43304988211401974], [0.1336294667575607, 0.17085247853831487, 3.5478297960963325e-09, 0.05324711221070365, 0.05988948617305225, 0.5823814527725849], [0.235818266957087, 0.058533672235103425, 0.018018196489138775, 0.0275995397717535, 0.04940381271454921, 0.6106265118322168], [0.06690277049920033, 0.0806988250367163, 0.041179682183612336, 0.05461881672821195, 0.0559676663033623, 0.7006322392490381], [0.22396262941557968, 0.09355481457638797, 0.03889369742872844, 0.072984390892264, 0.07342766870524532, 0.49717679898179434], [0.29849615349007974, 0.02064440281410374, 0.038701658577830776, 0.07066017878883436, 0.06176007632780588, 0.5097375300013178], [0.13224781190171017, 0.10814698660941727, 0.028680254120777994, 0.036025882245257025, 0.033191405001555506, 0.6617076601213536], [0.23149731489315098, 0.08654123402084919, 0.026118333760769753, 0.06791337448657958, 0.06113784004525067, 0.5267919027934018], [0.19215198330773398, 0.11910973760281894, 0.02915227185275446, 4.087344790662844e-10, 0.04373766682111513, 0.6158483400068513], [0.16089943650754257, 0.13113198102225665, 0.06842309046376863, 1.0844397789801416e-10, 1.1631833294471467e-08, 0.6395454802661575], [0.18936978224742582, 0.132938446057149, 0.03097797782198786, 0.06024136031931024, 5.0419142359720955e-12, 0.5864724335489373], [0.32431880152544357, 0.22482558167292416, 0.12402631634530466, 0.011067400858326892, 1.743924887408498e-08, 0.31576188215876244], [0.1050675795756395, 0.0653756061397535, 1.4644069209059538e-08, 0.037310683442142376, 0.2241461607300654, 0.5680999554683422], [0.14346234509719735, 0.18115833387629926, 0.01576330235580641, 0.08470681969268107, 0.06273204243047135, 0.5121771565475801]], [[0.16885246142069488, 0.10511820563135829, 0.04948513981326045, 1.0690301208548652e-09, 0.03864839500205916, 0.6378957970636059], [0.11894217741037595, 0.08522283328138687, 0.0465440755060191, 0.061366670052660645, 0.05078619241327712, 0.6371380513361359], [0.16629856005550953, 0.17822076214414104, 1.2492967376320818e-06, 0.057608493479166786, 0.07384738480218482, 0.5240235502222587], [0.2160925657536291, 0.08222523199390824, 0.04025851945643813, 0.007305264574814038, 0.03799053835941837, 0.6161278798617841], [0.14279410190092753, 0.06398026632722388, 0.05458289287509088, 5.183993641771576e-07, 0.0845492299540181, 0.6540929905438004], [0.25432141277022424, 0.10608715300807074, 0.047770113554952726, 0.05237872652147695, 0.08790421040449774, 0.4515383837408022], [0.07702467082248672, 0.05428990146714013, 0.042854240328763234, 0.06648717039162341, 0.04056882984811645, 0.7187751871418917], [0.07538683174393335, 0.16518112438653387, 0.043351089162773845, 0.07024727982875881, 0.030020023813092774, 0.6158136510641783], [0.13860461673546762, 0.16761054348378335, 0.02687205296977878, 1.5141909983145957e-10, 0.050308114411291294, 0.6166046722464336], [0.19139720921101624, 0.08100381153709077, 0.05035704187929555, 0.022166141126400335, 0.05898248979373046, 0.5960933064520365], [0.16764566513346948, 1.0820780043161809e-05, 0.05249637459373294, 6.229176667544797e-09, 0.11140668854969808, 0.668440444712635], [0.14224329531510552, 0.04646378468174338, 0.056446968777110154, 0.04939870307596808, 0.058306504263991484, 0.6471407438845808], [0.17486421589881587, 0.1061448369738953, 0.023414819774217586, 0.015263547659247945, 0.04869554322165243, 0.6316170364721737], [0.07447075781360828, 0.056963884031473754, 0.07651500459116851, 0.04951908656040523, 0.019211987129845946, 0.7233192798735057], [0.14773116821890198, 0.11953976561076268, 0.020967801947446088, 0.020201124068111087, 0.04724214758029516, 0.6443179925745866], [0.1779651624269254, 0.08696872438393091, 0.09727143346703745, 0.031160995039056366, 0.06807433760519091, 0.5385593470778615], [0.08460314697395846, 0.10825192435728571, 0.07137012551779402, 0.08975275799797285, 0.07567480283228953, 0.5703472423208099], [0.16236966992533688, 0.09982645393452222, 0.027617112189880895, 0.031650480388204706, 0.05532069240599141, 0.6232155911560499], [0.1609354078934545, 0.12839842550238945, 0.030090262627627803, 0.060750991772158335, 0.040609582661919746, 0.579215329542448], [0.13736256336593497, 0.06167432382760308, 0.07128754261973028, 0.03310339771753525, 0.05422672093423585, 0.6423454515307303]], [[0.21878114321695968, 0.104965521388959, 0.0311599970770777, 0.01655874293607001, 0.08185873291002616, 0.546675862470884], [0.19367237188815772, 0.11469906812981677, 0.044493749236618294, 0.03483455651754008, 0.0681463897816127, 0.5441538644462954], [0.20664761540662144, 0.07962879687523441, 0.042980876412437044, 0.020341456474226277, 0.024577713170859754, 0.6258235416606194], [0.16556274837356255, 0.05481307834375219, 0.022638962987306457, 0.05413577936777736, 0.0799362635738454, 0.62291316735487], [0.1421339259604312, 0.06179950788254259, 0.04116628970172292, 0.0380423441128584, 0.04486060222854979, 0.6719973301139202], [0.21480060529144862, 0.12106488179926572, 0.02608846959449649, 0.02608334772396401, 0.07612549341297334, 0.5358372021778732], [0.1987728632653525, 0.11216467729725435, 0.052063724485403945, 0.0758799973818849, 0.08996343654033588, 0.47115530102976527], [0.1810917171657179, 0.1250342089579003, 0.03695622163877322, 0.032752091075172914, 0.05001015296281951, 0.5741556081974911], [0.19614421696011233, 0.04965786588520203, 0.030692873264987146, 0.0568846458274134, 0.05526038692296569, 0.6113600111417533], [0.16062921126692392, 0.06484926508936817, 0.02880381990920013, 0.025999418887280808, 0.06476964301503821, 0.6549486418321865], [0.15209449068079636, 0.09140121012352569, 0.03762598856387417, 0.01571704299033547, 0.050861011018062535, 0.6523002566234061], [0.1833884354500983, 0.07086813811909896, 0.025397609974202033, 0.03885326354897065, 0.03949773723513226, 0.6419948156724885], [0.14039118699956402, 0.058074759149262106, 0.06279328451840027, 0.05177096764965391, 0.11896767797127607, 0.5680021237119063], [0.15035925595290736, 0.08180152454795862, 0.027244316292344157, 0.08636389050743973, 0.07745698341641265, 0.5767740292829171], [0.16131137241271729, 0.0571724666897044, 0.042028154580231646, 0.028295411513157814, 0.051071320332352434, 0.6601212744718395], [0.15972155572961855, 0.06474856475614346, 2.190716620539604e-08, 0.03437112143326182, 0.0902333822744752, 0.6509253538992974], [0.21932709488493496, 0.06887046838991319, 0.014414065096326362, 0.04703604505634474, 0.02950649982215728, 0.6208458267503411], [0.2576029337520004, 0.07782453476754116, 0.03491801033186055, 0.03339625937656762, 0.05763113485405367, 0.5386271269178333], [0.16784915074656157, 0.15771580121116466, 0.06255687271315381, 0.07676936452583873, 0.06678394989846187, 0.46832486090481495], [0.23930651775633874, 0.0544827882445211, 0.035491361943123884, 0.05150114583362568, 0.048062971971867895, 0.5711552142505348]], [[0.2598293029980711, 0.09880156748721905, 0.03566727355527963, 0.03449933067871711, 0.05063569924184388, 0.5205668260396259], [0.15895662964497556, 0.11982916728098922, 0.031013952868167147, 0.0334866893337797, 0.08963406193299787, 0.5670794989387007], [0.16607236250673735, 0.09060450270243914, 0.03980922081192118, 0.05169646303985592, 0.05266711757659878, 0.5991503333625777], [0.1991669410207158, 0.09444547315264165, 0.0346778994034522, 0.036079752532632035, 0.02987574186231586, 0.60575419202412], [0.17197869121020481, 0.07998839726842388, 0.047846299258828474, 0.024291592943197667, 0.06438220129010404, 0.6115128180294834], [0.18549314812671608, 0.12406133547670754, 0.06567460894603161, 0.03928662880445382, 0.0749549322991502, 0.5105293463469036], [0.17317312292527984, 0.07625517026174926, 0.047665397851461684, 0.02446730196793592, 0.08546683357947887, 0.5929721734138331], [0.21179555667580766, 0.10738002531007457, 0.04543847674298351, 0.004813383307624312, 0.08692519558708411, 0.5436473623764239], [0.14327431029952128, 0.11791421251384739, 0.04433685593718811, 0.04279449237506853, 0.0660589052696069, 0.5856212236047632], [0.20529309615816338, 0.08526324386341964, 0.04035509132711931, 0.05527422315376313, 0.055877165126109435, 0.557937180371697], [0.21781557837973425, 0.09431408904372471, 0.030828855657757184, 0.052201023548025735, 0.06302356223606452, 0.5418168911346722], [0.1668564867910535, 0.07944130305007584, 0.0817241980096705, 0.051227172308956744, 0.07020948179512296, 0.5505413580451289], [0.19913057774572213, 0.09105351256040092, 0.030586484091344054, 0.06782882724277424, 0.058704663730062744, 0.5526959346296337], [0.17670550439574112, 0.09377515177139008, 0.05669564054834434, 0.04071015761328354, 0.08509668305981583, 0.5470168626113027], [0.2347261784906983, 0.07107660770265212, 0.029885555140063726, 0.07340499454706732, 0.04061339081518689, 0.5502932733042813], [0.1904508500876062, 0.11748304457288461, 0.07357104953252835, 0.014173408161326239, 0.051520059820345424, 0.5528015878253228], [0.21598543195349545, 0.07778316199307234, 0.05288355838320106, 0.02735849198081338, 0.05600646765793716, 0.5699828880304554], [0.15197624262074275, 0.1304221055372601, 0.041705674623334694, 0.04878851745286477, 0.09804734468916677, 0.529060115076646], [0.15096373233155386, 0.07841583377680135, 0.04926347936956338, 0.032414271437086396, 0.11316722998991942, 0.5757754530948932], [0.18082261932903662, 0.09532794136222066, 0.06611341963682256, 0.051780991972308336, 0.05618501502971821, 0.5497700126698655]]], [[[0.11033073241373968, 0.12728896057811762, 0.08288886766515048, 0.0760962289488513, 0.07224107894442941, 0.5311541314496929], [0.2725730048653309, 0.09847725507135936, 0.1090544082765257, 0.052292061892191564, 0.10953782065042761, 0.35806544924423633], [0.270341051307659, 0.2380653807835425, 6.159220451742459e-09, 0.07474745906650802, 1.0616109869511928e-12, 0.41684610268201006], [0.10449477039549461, 0.08171695414549396, 0.026073025450833242, 0.018344434056591804, 0.08850986745401844, 0.68086094849757], [0.19926977410809493, 0.34799082154255156, 0.024135603169006176, 0.05944484904470858, 1.3597951910606351e-08, 0.3691589385376893], [0.161666621747854, 0.10106957176842579, 0.021967780904492033, 0.024200540656027007, 0.12709369151809355, 0.5640017934051049], [0.1549565219700773, 0.16519582925092655, 0.023628222382487504, 0.010257620540579881, 0.10658078545156952, 0.539381020404392], [0.3340564802450495, 0.10094223813636753, 0.06417239066556216, 0.10281039530665469, 0.059312060177155825, 0.3387064354692336], [0.11819012417289602, 0.09578855797694727, 1.3394584584085267e-07, 0.07632972268437002, 0.09328591027952987, 0.6164055509404105], [0.17970875473750295, 0.15139429436474458, 0.026553722211647816, 0.02029811474998745, 0.004027010296433917, 0.6180181036397416], [0.25628204157931933, 0.07408343477597902, 0.032836744208426465, 0.025889375070834112, 0.013655626683437639, 0.597252777681891], [0.039477147870721846, 0.10588492120727812, 0.06522018334739103, 0.1271832347849646, 0.12743887079810587, 0.5347956419915351], [0.0503200110005568, 0.16172512145878734, 0.11263622822001913, 0.07261247290398953, 0.13407601225693092, 0.4686301541597169], [0.1210695771680847, 0.10690009724378399, 0.03949873146555997, 0.07372108210265371, 0.03344703035365467, 0.6253634816662573], [0.1230830694352948, 0.08045455212883297, 0.0565986760265265, 0.03584102524251904, 0.02309473183163658, 0.6809279453351995], [0.3169360624041941, 0.13202368911993026, 0.040496553036279366, 0.03707886467948924, 0.010063399687209592, 0.4634014310728013], [0.23281023171000853, 0.11281364206063521, 0.012522147182986198, 0.06370516825360263, 0.13813869208350557, 0.44001011870927287], [0.19616058877457057, 0.15747406178454834, 0.05374788961084483, 2.1444638848293077e-10, 0.04839966744001958, 0.5442177921757314], [0.39256618200244386, 0.08873985769669765, 0.0035470863711735785, 0.04529112082931194, 5.610353906775714e-11, 0.46985575304428207], [0.2355844638546266, 0.23952890488227754, 0.007332669564768832, 0.00833839011623369, 0.021340397828170193, 0.4878751737539297]], [[0.20712602956006165, 0.0691293972603327, 0.036191377926977866, 0.04241833359121179, 0.11012618332389246, 0.5350086783374293], [0.10824598647626799, 0.12247337022205476, 0.02718253669467968, 0.06583213724567875, 0.06043025464610149, 0.6158357147150659], [0.1983994216877394, 0.07249864055013315, 0.044210258060889435, 0.019452871304359083, 0.032727164172875335, 0.6327116442239985], [0.1859335800423412, 0.09525921891153526, 0.03245468630217491, 0.037901526908146584, 0.03455933534296006, 0.6138916524941068], [0.10526375272053029, 0.057921052790343645, 0.022697031000645403, 0.07129533746195892, 0.04502583573762672, 0.6977969902888975], [0.229906116634481, 0.029343025176703563, 0.021991595194555406, 0.01156927766237092, 0.08760898539957951, 0.6195809999398944], [0.17982017432804143, 0.09846518933016754, 0.049286464358608534, 0.058883522566111235, 0.07818468704479523, 0.535359962372081], [0.18689282071684069, 0.099475464452643, 0.0313445894839519, 2.823305089101629e-11, 0.057423863897383375, 0.6248632614201466], [0.1624439081178314, 0.07309288299771677, 0.06122390483737667, 0.014306516703800372, 0.03267045859342937, 0.6562623287496522], [0.16337575251598016, 0.0398279317267176, 0.12826687450267482, 0.01992572182804187, 0.058655195219915524, 0.5899485242066905], [0.3597712183243153, 0.10841021644365151, 0.021476784874884646, 0.047975850170321854, 0.05868662511528955, 0.4036793050715405], [0.2761054239308948, 0.03808357278489042, 0.05098324212723886, 0.035699143572027345, 0.08226699303083417, 0.5168616245539739], [0.1343140532698071, 0.16722622684410915, 0.014127735013777615, 0.04213516947634804, 4.562203830609792e-08, 0.6421967697742029], [0.23331615035325087, 0.11097359161893912, 0.02274048099348532, 0.06867219806996797, 0.07193494024873748, 0.49236263871562563], [0.1865184674566195, 0.10734305184779189, 0.0288187312406102, 0.011767887281699904, 0.04689399736620761, 0.6186578648018086], [0.10750105130683346, 0.16103074077731086, 0.07296663882841332, 3.264993787665033e-10, 0.01668811920608394, 0.6418134495553882], [0.180227496935192, 0.03879188112228822, 0.04901784625586983, 0.05723132245793114, 0.01273403750575714, 0.6619974157557326], [0.3437824330707437, 0.11636983320982479, 0.09968097795768024, 0.018483027349209643, 0.0007604927394911127, 0.42092323567304407], [0.2483743898294457, 0.017013123187916684, 0.07224416826046207, 0.0341939800510976, 3.303310169271374e-10, 0.628174338340427], [0.11163106507306078, 0.1895115854874578, 0.01979865617566376, 0.0237309087572542, 0.09125942150832038, 0.5640683629982852]], [[0.13961785239239102, 0.08261658057992811, 0.029355667089781764, 0.032189752791484165, 0.05242820144371194, 0.6637919457027134], [0.1791063281846312, 0.0617642751763801, 0.06360392217473104, 0.04277446870495197, 0.037791354665038135, 0.6149596510937276], [0.18329334215086013, 0.08745317477421119, 4.363086890019625e-09, 0.07713326402720604, 0.058249672495630046, 0.5938705421876069], [0.19102956097553367, 0.0930261258626931, 0.06474195529950447, 0.07524801633852798, 0.062327641889023885, 0.5136266996347264], [0.09843429932879573, 0.09038460855182706, 0.033851234830558706, 0.039529831865763, 0.04945136429437646, 0.688348661128679], [0.31819697411675335, 0.08624323606905171, 0.05989905703879701, 0.036705116990696826, 0.03786222943435202, 0.46109338635035113], [0.08450274300079788, 0.1034847485797384, 0.04238272172880315, 0.07978967802900107, 0.02183854135710055, 0.6680015673062498], [0.22108639589797252, 0.14464743120572998, 0.040251765201180845, 0.047170273051092594, 0.03952731502935956, 0.5073168196146007], [0.23425524010032045, 0.11655424870188491, 0.07775390521375664, 0.015540065321025875, 0.059744894622745064, 0.4961516460402571], [0.2864246262973422, 0.09945511269686678, 0.053174867065037254, 0.016049121701323773, 0.022778066176291852, 0.5221182060630241], [0.1844128797951719, 0.08116149589017889, 0.08779485421581648, 0.006944952172323382, 0.06192536623541738, 0.5777604516910206], [0.1154138534912624, 0.06097760454389883, 0.02917401846174966, 0.050316727035049434, 0.06386942401924411, 0.6802483724482499], [0.14751151232274046, 0.12627776490374212, 0.02634162893801977, 0.002799855300267875, 0.05708752378292992, 0.6399817147520939], [0.17161663311694933, 0.0779406107356557, 0.08517214274892561, 0.03892277532347277, 0.06453817719488657, 0.5618096608801524], [0.19247269109457488, 0.1030217816440191, 0.02683712380468538, 0.015434493586328526, 0.039261846971392046, 0.6229720628990234], [0.21960611210963388, 0.13569801650246588, 0.03289766402781823, 0.06018737764304824, 0.03366897737346498, 0.5179418523437798], [0.19784348520424447, 0.0764650637886796, 0.07664323808308582, 0.08171221856004142, 0.05019793685120177, 0.5171380575127563], [0.16926000938442742, 0.1130451449832869, 0.02146224814497712, 7.590177024539822e-10, 0.06700799204336672, 0.6292246046847488], [0.10765771088633667, 0.11238401117163102, 0.05374551398208118, 0.06692637459617265, 0.0630946669928814, 0.5961917223709411], [0.19042398360254542, 0.07941778923546125, 0.05471949066205863, 0.04353728231458927, 0.035126203254119234, 0.5967752509318698]], [[0.1717368571104899, 0.05679425730835046, 0.0523188756603611, 0.05341614614177087, 0.08940950019747386, 0.5763243635816294], [0.1833124247105921, 0.07236242016336224, 0.06032096004460635, 0.057203022067254805, 0.04901684542273686, 0.5777843275916789], [0.19154036781767697, 0.060274329742871946, 0.02871863314886597, 0.05860332632169195, 0.0156612411981556, 0.6452021017707664], [0.21907124253004082, 0.07674341692761763, 0.034345722818693296, 0.01234480610721652, 0.09021987356012708, 0.5672749380564727], [0.18821974831076776, 0.0662054671783462, 0.03382967587595773, 0.03686390384896309, 0.03297917729576824, 0.6419020274957477], [0.2228948526436712, 0.08815825902889042, 0.027707703549408977, 0.07015029879147316, 0.04142621167782748, 0.5496626743085771], [0.12576196231953726, 0.0795580358154965, 0.03881200977535075, 0.0639701208303876, 0.061594667417084276, 0.6303032038411975], [0.2201589569504634, 0.09522605497693265, 0.028102641517910483, 0.10756912406420321, 0.06600082065072801, 0.4829424018397924], [0.19487795497852553, 0.0863942675582873, 0.046733318079870856, 0.021993486809848185, 0.08185779008184164, 0.5681431824926257], [0.1936097853609747, 0.06481556393237549, 0.05386214556359855, 0.020310178828219852, 0.027420787991475175, 0.639981538324036], [0.15114621065238543, 0.09272992836506203, 0.04035492031793918, 0.04687848233904683, 0.07856618284754097, 0.5903242754787182], [0.15311583393604125, 0.1025038311117793, 0.0367633241728931, 0.03210383729910504, 0.06531107058946484, 0.6102021028910991], [0.1230947186747643, 0.10040176763853442, 0.04236633129359868, 0.04692607079723383, 0.06800105388784415, 0.6192100577087644], [0.20702235325644538, 0.09675650638198703, 0.03697912074980554, 0.025602291690395556, 0.0470758659106501, 0.5865638620113586], [0.20366250338477537, 0.072573536553917, 0.033953942061608344, 0.05057249769242144, 0.04267408342211475, 0.5965634368862578], [0.19231051416566086, 0.05087225823561638, 0.06679381844815888, 0.021660878807737913, 0.09651394499005274, 0.5718485853527614], [0.1826481213215756, 0.08455760776055911, 0.030406842111576647, 0.042637040415142456, 0.08210228947522982, 0.5776480989157557], [0.2477696985038004, 0.07438129984768826, 0.021367494666403287, 0.04292212849449288, 0.037577622349852124, 0.5759817561387947], [0.160332074907872, 0.08386979152550958, 0.05310401291304782, 0.038720653500546806, 0.05500903801381884, 0.6089644291400789], [0.2233487247248198, 0.10775004140224141, 0.043530898622209935, 0.02032574270715131, 0.05187925699863807, 0.5531653355441367]], [[0.20829484183945396, 0.12212780365779634, 0.04093603171022, 0.046240390631729536, 0.05106163762368503, 0.5313392945371733], [0.18423082047913988, 0.11487319278793846, 0.038539559739914686, 0.04856391828376922, 0.0505669767235436, 0.5632255319861296], [0.18662969975465815, 0.0952966211548436, 0.046648388706202804, 0.02891187807644767, 0.08518764124212748, 0.5573257710661383], [0.20245551664788478, 0.10421048116920373, 0.050392838448899926, 0.047912930079528356, 0.05480034753612666, 0.5402278861181704], [0.16575941156074236, 0.1085416332801348, 0.05636909042104752, 0.03183756203067446, 0.09469889308571362, 0.5427934096217572], [0.2004502760564299, 0.12076003681676446, 0.048730461507166624, 0.04838146350533986, 0.055402492338197586, 0.5262752697761], [0.18370125917812313, 0.12232326273730358, 0.021980213944266285, 0.057601209117880796, 0.07635739968659816, 0.5380366553358392], [0.1846784512161528, 0.06744177398396281, 0.042558904709665876, 0.06041157927443596, 0.06469898795104385, 0.5802103028648036], [0.18408319685683705, 0.10786448721799154, 0.030769383965117407, 0.030377713357884074, 0.06603563351430024, 0.5808695850875342], [0.1988602647912717, 0.09713212176379352, 0.06207369767718472, 0.0770319298924275, 0.05689545995038832, 0.5080065259249754], [0.19602158159988767, 0.07507592007600455, 0.058266858249977224, 0.03590357624675479, 0.08148513204598384, 0.5532469317818692], [0.15418549317685845, 0.08541263448949639, 0.08336621618569454, 0.029288327760794406, 0.05325481389865739, 0.5944925144890034], [0.20106967700595776, 0.11807401344591055, 0.04357084051124212, 0.04105505711553934, 0.062245262534717336, 0.5339851493866439], [0.21376982978210046, 0.078446627449835, 0.034394777111488424, 0.03539528335246739, 0.07128161744769944, 0.566711864856363], [0.16852537117502706, 0.0709271884327509, 0.06152331809422614, 0.03675270067506098, 0.06906064607638333, 0.5932107755471796], [0.19182860555548123, 0.1315936507276759, 0.04040091653769792, 0.04698087300680204, 0.0824820745799413, 0.5067138795923767], [0.23183008494086066, 0.0905406650525956, 0.06337869454378889, 0.028095306319125917, 0.06724190747901473, 0.518913341664333], [0.16601919382357558, 0.08298778408897162, 0.06125609660477862, 0.04887535693618427, 0.0879511124095737, 0.5529104561368817], [0.165548355717817, 0.072176124067717, 0.030186126563583195, 0.047791010175903294, 0.073372686583304, 0.6109256968927654], [0.22265685510323632, 0.08472142585985848, 0.04647112982488437, 0.04390025492039691, 0.07503198934012562, 0.5272183449515041]]]]], "bagging_alg4_list": [[[[[0.1820066652299478, 0.1068584010717671, 0.08425820529230338, 0.08462857227009023, 4.6860630862626565e-06, 0.5422434700727995], [0.11903579252714398, 0.1683244111451928, 0.07284572511616504, 0.07797298816818976, 0.10226378999896622, 0.45955729304434306], [0.10812300171568762, 0.08164139106714581, 0.007715508125036105, 0.07994262013649577, 0.3440013847781594, 0.37857609417747856], [0.053467142098499704, 0.10583175596440425, 0.024103520930613496, 0.07205913043553047, 0.1300199999546762, 0.6145184506163964], [0.26383349014670265, 0.2772185488167054, 0.016358714080845452, 0.1372857425373943, 1.3449314697769193e-10, 0.30530350428384845], [0.15692535627263737, 0.06496208111737067, 0.057678757529766374, 0.03615843014377427, 0.1654538541524256, 0.5188215207839957], [0.3050564522427191, 0.18808130866184705, 0.007361663965052756, 0.04490951005332627, 0.12663781173466077, 0.3279532533423932], [0.20612750385443376, 0.09272606705511273, 0.04329693428872222, 0.16339900393808388, 0.00021953662994129023, 0.494230954233766], [0.05811657273826592, 0.18064024874814, 7.511793398534157e-13, 0.07013019044253602, 0.18465367738276078, 0.5064593106875327], [0.2948677765797538, 0.10178949337566098, 1.6377483550506246e-07, 0.10349428711334586, 7.867968556959331e-10, 0.4998482783696047], [0.21552874262468616, 0.0798288274282315, 0.03654687237545202, 0.043841843906965425, 5.00463515598987e-10, 0.6242537131675315], [7.459014759055783e-07, 0.04192873076165652, 0.09025366426555202, 1.3247805359667275e-09, 0.14487793881203767, 0.7229389189344883], [0.36629423753899304, 0.13330544986192286, 0.08719704508706354, 1.0965495281183736e-07, 0.06304474807385581, 0.35015840978321605], [0.052300718306282, 0.1