{"SAA_list": [[[0.0640757107729184, 0.09293754533547134, 0.037610803771669345, 0.28755237567120323, 0.0374275647059271, 0.4803959997428278], [0.12747776368110442, 0.07780130703224125, 0.06606293897853546, 0.4526900081862852, 0.09173636920690956, 0.18423161291492265], [0.10537288914266438, 0.12402418446693864, 2.19625506332514e-09, 0.5029471282123383, 0.01041960734032947, 0.2572361886414809], [0.05572053548112731, 0.04957697096253861, 0.01932268054339272, 0.24196988722292478, 0.04590495490127703, 0.5875049708887364], [0.10148119845917815, 0.20961991051642812, 0.017612234872017445, 0.5908897507898093, 0.006899542926481489, 0.0734973624360996], [0.10204163758011499, 0.0952188590252596, 0.02311820902048526, 0.27951543986579586, 0.10954871397763992, 0.39055714053069995], [0.10490959703410734, 0.128532471670469, 0.013020532363710926, 0.2856121529922511, 0.08748782591931797, 0.38043742002014425], [0.06806775077242172, 0.08497323007166134, 0.031801458191436274, 0.4515334505456694, 0.05801834864497069, 0.30560576177383775], [0.11537056845643451, 0.0929007942539417, 0.0020293067071394974, 0.5754494284601056, 0.113932242051782, 0.10031766007056789], [0.08318402880805842, 0.09574988794314336, 0.006449393410415881, 0.24689948900078737, 0.008424844430155265, 0.5592923564074735], [0.15822176047586584, 0.051078925280974435, 0.02542599951882744, 0.265146244409607, 0.010950812142936339, 0.4891762581717845], [0.007211828572086492, 0.006487845902291275, 0.028734720200839642, 0.5018142390198049, 0.12038275684680814, 0.3353686094580869], [0.00288965107117222, 0.11181416961696561, 0.07230079788971737, 0.393874246560652, 0.09645872632988922, 0.32266240853175615], [0.06490903469588315, 0.04272687133593964, 0.030640370365883376, 0.2940915618998118, 0.0269953320080964, 0.5406368296943858], [0.11458757602872671, 0.03532124768865878, 0.03216981015804302, 0.35268617018132375, 0.02242988206278278, 0.442805313880464], [0.06529202179108869, 0.10648820380132815, 0.016652777071072752, 0.3863226980006059, 0.007754524701995463, 0.4174897746339403], [0.04364218562833206, 0.05399278056540021, 0.01667415589915191, 0.3674379864186944, 0.00010405199387796041, 0.5181488394945389], [0.11802068121565797, 0.11926503990919035, 0.04060861774501135, 0.31515768195969507, 0.06525645435669677, 0.3416915248137498], [0.2070281426680474, 0.052920454460287, 0.0045365389688947055, 0.27979190563030804, 5.487024883149826e-10, 0.4557229577237627], [0.035884912873762775, 0.15839793887824316, 3.234592694736499e-08, 0.19901149132466076, 0.027729146622171675, 0.5789764779552272]], [[0.05681307255662514, 0.08656623689834018, 0.029440432599912178, 0.4430633693256602, 0.037778184736195604, 0.34633870388326254], [0.11964890403012594, 0.018977354432317513, 0.03111404726332907, 0.39911812544743624, 0.0721260342221825, 0.3590155346046103], [0.09979754071183668, 0.019015576770736245, 0.02415071597774107, 0.23093994740272328, 0.037424825215289045, 0.5886713939216673], [0.133272352699972, 0.08472269402427327, 2.049248748459983e-09, 0.3736302041419274, 0.049234380752423375, 0.3591403663321588], [0.03748725106334575, 0.03380258676712163, 0.02027401393745903, 0.2507771330052725, 0.029574504568396817, 0.6280845106584192], [0.09310800793743698, 0.028858579045434322, 0.011729294828223791, 0.29751552417600197, 0.05273001714527802, 0.5160585768676238], [0.12099107269653693, 0.07264498226252677, 0.01511203093408375, 0.3467908560455506, 0.06788247292305968, 0.37657858513824083], [0.12040374624555676, 0.11096874119835677, 0.02216286998703901, 0.2359749955341974, 0.04294272506410371, 0.46754692197074665], [0.0803092549353593, 0.0506304738806499, 0.030284784348904914, 0.2510605646021777, 0.0042994532723302226, 0.5834154689605798], [0.08333493847201917, 0.04957085904565478, 0.013876421405319367, 0.37805723178364026, 0.06115681776683544, 0.41400373152652303], [0.2308758978768289, 0.07830984821984027, 0.03653798385574598, 0.4212371607772589, 0.020674485110848975, 0.2123646241594536], [0.04985045801029086, 0.02327182576947252, 0.03487979471865539, 0.37360134721242766, 0.050954074387380935, 0.467442499901769], [0.05121499666305043, 0.05039416677628205, 0.013088801388889324, 0.3930198129253276, 0.0059927778908987865, 0.4862894443555525], [0.14541248492874723, 0.02870055302840767, 0.017691688605807908, 0.40293367740208663, 0.03803702467506165, 0.3672245713599053], [0.01997096418501954, 0.02234768750090879, 0.03954920304867007, 0.4610869829224091, 0.0284243920360034, 0.4286207703069591], [0.07152993814597251, 0.028018307483789886, 0.013319381380807137, 0.09616867476700547, 7.886475618345543e-10, 0.7909636974337657], [0.09817025239012639, 0.08040063717940373, 0.020940122363526225, 0.3728851100346237, 0.015262188925248665, 0.4123416891070663], [0.09256840906248741, 0.1104902830844039, 0.01251925000611302, 0.3139451026737856, 0.023748490300543285, 0.4467284648726776], [0.09561916458239758, 0.0379045020819485, 0.02988163983538987, 0.39161865512174837, 4.5092515943826895e-05, 0.44493094586258297], [0.07681877898424122, 0.08479121497061645, 0.023308435599743108, 0.3311977775458072, 0.06263546103968669, 0.42124833185990646]], [[0.07334001816814113, 0.04041374786002563, 0.02103219186409976, 0.3542274796923995, 0.06050502740284926, 0.45048153501248933], [0.09193972619275628, 0.0688646144871814, 0.018856165436691847, 0.37526472056005034, 0.05590793993234917, 0.3891668333909718], [0.07638455132604931, 0.06829838040371398, 0.0062969954964365495, 0.35633323676450607, 0.04248283537386617, 0.4502040006354332], [0.07608561343371643, 0.04028804824184098, 0.025796369093808266, 0.3218269695416791, 0.040422691094375844, 0.4955803085945745], [0.08427444568913968, 0.021482364284406426, 0.020048176052744462, 0.3858371014118275, 0.046015782090961965, 0.44234213047090315], [0.12988377712347537, 0.06470633938265044, 0.03637107102319227, 0.26899057221569006, 0.05548304992004889, 0.4445651903349556], [0.054031524401695216, 0.05769272534573817, 0.02485898856243218, 0.41212321038381544, 0.02904887463284788, 0.4222446766734758], [0.06954483395724433, 0.059726441395476504, 0.017227308441251865, 0.4408917019421127, 0.038030144015339946, 0.37457957024856753], [0.030963191702780227, 0.06085489984219372, 0.02242376051373174, 0.3312535392650358, 0.05909839288679592, 0.4954062157894821], [0.09004379653598489, 0.05996123203956359, 0.03514282393157328, 0.3506721411855715, 0.03428876190770276, 0.4298912443996055], [0.09274809848612933, 0.008314331569903218, 0.02679009061266954, 0.32247912020365643, 0.03956966681555281, 0.5100986923120847], [0.07063214410640066, 0.04175759152207218, 0.02528216490103937, 0.29956163193336766, 0.04102734737720271, 0.5217391201599093], [0.08835075274024495, 0.07773598857465489, 0.018810333804486757, 0.3511264677136585, 0.028799357974423758, 0.43517709919251746], [0.04611556567701799, 0.05260421547960032, 0.014287107836574922, 0.3463733843826435, 0.042054859685808375, 0.4985648669383531], [0.04846908153232979, 0.047968766845987464, 0.016860949760870145, 0.4050220034836269, 0.04361972258142658, 0.438059475795757], [0.03973899408211274, 0.02791223458909826, 0.012138226820517125, 0.448071509369824, 0.04048294546411866, 0.43165608967431307], [0.017756437203756675, 0.09987860576577089, 0.027166476811310965, 0.5225291872981922, 0.06654929678361297, 0.2661199961373434], [0.055790993081677204, 0.029422087293124, 0.01740029223878084, 0.3414479474410505, 0.02184759493863663, 0.534091085006705], [0.07982602040920628, 0.06520503040477127, 0.01815394381073914, 0.3645340035099621, 0.06110684233364667, 0.41117415953166364], [0.03853655168185716, 0.078698613738994, 0.013913419098655557, 0.38416576014379483, 0.014515899813269525, 0.47016975552343715]], [[0.08096476721962727, 0.04963965225867092, 0.00912889850713339, 0.3874550976729424, 0.039930018847092213, 0.4328815654945024], [0.047924853752371446, 0.0659171622636359, 0.021505040952705855, 0.380902750777571, 0.04234170737023057, 0.44140848488347195], [0.05299749475166205, 0.05905079006760681, 0.0183359139216228, 0.3721131021454524, 0.019605568434552814, 0.47789713067906764], [0.05600387921362173, 0.016431539140995932, 0.021751490291338767, 0.36954173958313624, 0.03622605037329341, 0.5000453013975693], [0.08305301378114303, 0.049446382207601405, 0.013527386866386258, 0.3362054947245917, 0.04004067186639496, 0.4777270505538979], [0.09813808496943242, 0.04758427423542329, 0.0025219839252015736, 0.36103639173636826, 0.047779279145389285, 0.44293998598819156], [0.046510400627610644, 0.05120241194740468, 0.007470831024782048, 0.39673133124511195, 0.03969971657007456, 0.4583853085850195], [0.06667207906413228, 0.04324647195959715, 0.02228098051665204, 0.37988684176389714, 0.043044024918966556, 0.44486960177677226], [0.059058883210209794, 0.06315876478104526, 0.015211929109724878, 0.37086128344341257, 0.028088793136635995, 0.4636203463189558], [0.041644982517212166, 0.05331406723295085, 0.009446387437474479, 0.35575833681006813, 0.034664815207218265, 0.5051714107950461], [0.06494530537505246, 0.061893213598083766, 0.007125373788813608, 0.3712870534403275, 0.03016887985667495, 0.46458017394103795], [0.0528171955019119, 0.05732852143575666, 0.024425912883717975, 0.42237365284560546, 0.03421791484185432, 0.40883680249116283], [0.0587403468473833, 0.06145572656999797, 0.01880564315683759, 0.3559336723840624, 0.03890822701962091, 0.46615638402210235], [0.05536020031869541, 0.03843387358716884, 0.017323290450841716, 0.3943386896964286, 0.05045370260800534, 0.44409024333887237], [0.06750053047241769, 0.037296930078122625, 0.020948637034339787, 0.35528135098364466, 0.028997497680950703, 0.48997505375052275], [0.03875516173807029, 0.04992936240662291, 0.013861932055554329, 0.3946367984482883, 0.030617305691235663, 0.47219943966020017], [0.07598290531428913, 0.06100968706328157, 0.01772395874025993, 0.3347934973640733, 0.021785174880807077, 0.4887047766372986], [0.04136636212324431, 0.059296924260718746, 0.004888912651538919, 0.3979470325467902, 0.04600788419302777, 0.4504928842246575], [0.05531632957165672, 0.03642276345073362, 0.02092240188696244, 0.4046680058527751, 0.02401409008394272, 0.45865640915391753], [0.06001191269034227, 0.046467755906100514, 0.009950676720677534, 0.37968291628617545, 0.04362518438470768, 0.4602615540119839]], [[0.06436149447765417, 0.04846559993835064, 0.016568467220274725, 0.3758062776561566, 0.03386453706141935, 0.46093362364611523], [0.05988359439904645, 0.04642124910913534, 0.014435359800604626, 0.3787568593774634, 0.02815166061956148, 0.47235127669414073], [0.07238668943307094, 0.036835350531097176, 0.013331952840638499, 0.368505618022726, 0.042004594984842304, 0.46693579418765724], [0.05040776179002442, 0.031151546542345684, 0.016631688431597742, 0.3897269648285838, 0.03318865720115499, 0.47889338120629216], [0.0680969942841937, 0.057256097417367896, 0.008154793656429323, 0.3465520651350704, 0.03555506394077494, 0.4843849855661615], [0.0616902006309275, 0.035587420781260544, 0.007611031799604718, 0.37653667690927656, 0.042207135546784666, 0.4763675343321732], [0.058786967145064484, 0.05513500611737407, 0.014409509333714068, 0.38806388337153874, 0.03255983281005894, 0.4510448012222879], [0.048897055553712696, 0.051828527387528536, 0.015726812539172137, 0.3793319006723954, 0.031520574774486304, 0.472695129072683], [0.06699817807954135, 0.05996774123026026, 0.015474570969283076, 0.3706371725988837, 0.0332759969333234, 0.45364634018872585], [0.0610440093719481, 0.05200167383518858, 0.02098160917241386, 0.3773742985556506, 0.03586316609349688, 0.4527352429713043], [0.06500508523391826, 0.0258005885072256, 0.012175809041954134, 0.35984542475754255, 0.04099976739862173, 0.4961733250607538], [0.058076707915931794, 0.052535084530555304, 0.014888842983379887, 0.3512907669844092, 0.0376232477852651, 0.48558534980047785], [0.07557233015657328, 0.04824080533585729, 0.011442284503900247, 0.3732141871366613, 0.03331611487761491, 0.45821427798939], [0.06837198023495593, 0.04838798658122794, 0.01818593308448282, 0.4065726910582479, 0.03470386152785238, 0.42377754751323593], [0.047296526434029436, 0.05197656148909764, 0.010601103169474891, 0.3608835432322408, 0.035429110962887, 0.49381315471226883], [0.07032931822282866, 0.05081244931911602, 0.012492935377352491, 0.3779991441436338, 0.040541375263684225, 0.4478247776733625], [0.07456339282926389, 0.01853680767125136, 0.017462843256878545, 0.3517789708366719, 0.04554408210577643, 0.4921139033001853], [0.06381241870377471, 0.04258276002451677, 0.012285911003145281, 0.3656536439526232, 0.0425436745611274, 0.47312159175483437], [0.056823986343223665, 0.033253190330408564, 0.011104682323537228, 0.3831736987552056, 0.048490778934386546, 0.4671536633132476], [0.06428866019615422, 0.034960381709927074, 0.015275028374434719, 0.38260519590413744, 0.02631888331236671, 0.476551850503026]]], "bagging_alg3_list": [[[[[0.044964087520972286, 0.09141419796731325, 0.02129444365402442, 0.2998525807908305, 0.03827547597409835, 0.5041992140927579], [0.07756034869474039, 0.07806876394669238, 0.04880488422412234, 0.32574187391856857, 0.0699205793936937, 0.3999035498221836], [0.03587268519772446, 0.13066845155781867, 3.62310254631943e-10, 0.39502487530667585, 0.1330503136739229, 0.3053836739015475], [9.953933524023892e-07, 0.03294919281962588, 0.017983166535612303, 0.26007973786963023, 0.046000883286087604, 0.6429860240956674], [0.05153035175366149, 0.1534599716631148, 3.029715625498975e-12, 0.27654468752601374, 4.502578378461817e-11, 0.5184649890091563], [0.0958126571121018, 0.07901944353945721, 2.1602465509341845e-08, 0.29623511246030537, 0.07152490824658234, 0.45740785703908504], [0.07445553676694679, 0.13883454549879928, 0.011045999535934601, 0.23770033674150773, 0.05941048471531084, 0.47855309674150637], [0.1454082632172964, 0.0626840563827834, 0.030304206413943182, 0.45581451133611606, 0.044984106682410104, 0.26080485596744774], [0.08958960115555763, 1.1823290789730538e-09, 2.0960300443956755e-08, 0.4025570653436771, 0.06007068708720461, 0.4477826242709321], [0.06580592410678456, 0.04054433779779312, 3.5372671380595147e-09, 0.30676563119464395, 5.363648661028295e-08, 0.5868840497270068], [0.09324076587897279, 0.05444666185870872, 0.012860890242896208, 0.2121405915158833, 4.786617959876221e-10, 0.6273110900249312], [6.03763234186706e-08, 0.05802020054065503, 9.038079619077485e-09, 0.4079549775046437, 0.09042018575120712, 0.44360456678911675], [1.17622315981023e-09, 0.13539214596130775, 0.05035589312910489, 0.29078480362894876, 0.0836805855874396, 0.4397865705169748], [0.078592368417742, 0.08981927719641561, 3.436979996692238e-08, 0.3012831464603155, 0.021227021733403788, 0.5090781518223124], [0.1034752070968728, 5.463100543973565e-09, 0.03152140710992942, 0.2657648703533851, 5.287555368866906e-10, 0.5992385094479582], [0.06893726873841245, 0.07539146004372238, 9.22871854942524e-11, 0.518883231545419, 0.009228132005215425, 0.32755990757493697], [0.010695017276342615, 0.054221898327660244, 0.017086559201055184, 0.3187974069949658, 0.09398205100906612, 0.5052170671909184], [0.05048937164432325, 0.051407432121829195, 1.5783210279487793e-08, 0.28460341540393097, 0.02678312953786111, 0.5867166355088468], [0.08920960162884681, 0.061791057540240044, 2.1864728104977595e-10, 0.3528452700129704, 3.0382334842016147e-10, 0.4961540702954661], [0.028089665408038252, 0.12198519911337997, 2.1353527988560046e-12, 0.3276482294592613, 7.944050318642278e-10, 0.5222769052227275]], [[0.11820745652272859, 0.08032174388185905, 0.012029889178403027, 0.25248955387552524, 0.029417427481042403, 0.507533929060438], [0.0707698079969874, 6.698703243428079e-09, 0.013523523250849283, 0.4260390436652189, 0.05144204906881254, 0.43822556931942475], [0.049470838399552054, 0.01194055895850988, 9.41047524078819e-12, 0.581337383694539, 0.0072511068019371116, 0.35000011213605586], [8.098971600295697e-12, 0.0617441740133997, 5.2689488480297986e-12, 0.32711424765306835, 0.024301394471756905, 0.586840183848404], [0.039216376699043085, 0.04062351388839719, 0.013033956819113079, 0.2787721062743214, 1.748679604170285e-08, 0.6283540288323235], [0.051975236510776394, 1.379859793391515e-09, 9.038347370137616e-08, 0.4653291860508615, 0.03851228689503309, 0.4441831987799967], [0.07736741497010556, 0.04558936071065799, 0.011576145519477544, 0.48333477883248416, 0.053545024283304564, 0.328587275683966], [2.2159062947459318e-08, 0.08744924689473822, 3.9970444783752706e-08, 0.38182429976560195, 0.038297624742281426, 0.4924287664678784], [5.862305625491889e-11, 0.02264513995018336, 0.005583980917840198, 0.48555332841075927, 0.02830105316744657, 0.45791649749513114], [0.0509663160064589, 5.480981415331083e-10, 0.02969436673210478, 0.42351742156596317, 0.05614197201277515, 0.4396799231346036], [0.11702527416422125, 0.06545865136914014, 0.02403052976293011, 0.23560569553428296, 0.07131621805181296, 0.48656363111761874], [0.03017685677683495, 0.022401609455792545, 0.009646855611051988, 0.5582998975094688, 6.859042782617923e-12, 0.3794747806400887], [1.956907533931852e-11, 0.06742186412834913, 1.6950092051093272e-12, 0.5606625039954425, 1.2887532389469274e-10, 0.3719156317260562], [0.07862577260923123, 1.1518131242872052e-09, 0.01659244960466539, 0.30068276837302216, 0.018060910930851683, 0.5860380973304342], [0.09380859742682732, 0.05187746744006606, 0.040461257472404484, 0.2716499657165345, 1.7857435996025906e-08, 0.5422026940866767], [8.411115164228382e-10, 0.08653605650307196, 9.934372757774176e-10, 0.30838530747221604, 5.180288871319615e-10, 0.6050786336721355], [0.07261155283372012, 0.0631506788012568, 0.008576219351510319, 0.2885901835030834, 1.930294042248117e-11, 0.5670713654911178], [0.10416827566211904, 0.07890219155459118, 5.623023130505695e-09, 0.17172253710419433, 3.535345721997599e-10, 0.6452069897025047], [0.0460532182969012, 0.0004710341176336403, 0.01913762623743034, 0.3262802716719965, 3.507146282725054e-10, 0.6080578493253027], [0.04965107451204965, 0.042256879784502696, 5.539422110758475e-08, 0.5445132008425304, 0.01931656575622566, 0.3442622237104708]], [[0.11143379009856813, 0.03596273543718342, 0.013190260954170939, 0.37337586680672474, 0.03420086054257845, 0.43183648616077486], [0.06867822365258215, 0.0554235156481826, 0.005257656111449794, 0.2842757541429708, 1.7016557456231258e-10, 0.5863648502746496], [0.08762709636981685, 0.029271666964307632, 6.715368448153036e-10, 0.4478438887006514, 7.407985600160169e-10, 0.435257346552878], [0.07535343279037945, 2.3780007016555455e-08, 0.011161987653931378, 0.26334215196362853, 0.05983396772704315, 0.5903084360850015], [0.015340055813317101, 0.030545403854741384, 0.03641149588225273, 0.503240295502297, 4.034866318918278e-10, 0.41446274854392445], [0.11198947941338552, 0.03485376056535167, 0.013607595787024602, 0.427946930880786, 0.03570139870078251, 0.3759008346526811], [0.04049042744711045, 0.029804552998219026, 0.01914754483341674, 0.2979799738109212, 0.022713058524774177, 0.5898644423855662], [0.07267217293423664, 0.049856035278138075, 1.2475880960505251e-11, 0.278541438214078, 0.03909133351981961, 0.5598390200412475], [0.024148986099999707, 0.05901342035583538, 3.105774726259605e-12, 0.29573584608401715, 0.038265862961940164, 0.5828358844950543], [1.1501998136817238e-09, 0.040826008289530424, 2.5842698040936377e-10, 0.40405892525013576, 2.591347909045591e-09, 0.5551150624603537], [0.06806377145529824, 0.04058890460357008, 2.450413554505189e-09, 0.43085920604029265, 0.06955525877000604, 0.3909328566804184], [0.07950045664951501, 0.02064438271604412, 4.254148167654003e-08, 0.19440139237370788, 0.05088750535588865, 0.6545662203633626], [0.05235778956320431, 0.048754914165308354, 8.939235259419463e-10, 0.30321927550562194, 0.04497766673381903, 0.5506903531381288], [1.3068812538257142e-08, 0.0015817583772656304, 0.016119707960162065, 0.4125968851138644, 0.01919840722297397, 0.5505032282569113], [0.007494624361807523, 1.3887561132676466e-11, 5.269612924342624e-12, 0.4533558046976093, 0.003154714589325011, 0.5359948563321097], [0.060905909490810824, 0.031481728189696884, 1.0599220987665438e-11, 0.5062471929897098, 0.04348196379707099, 0.3578832055221092], [0.04733740966165532, 0.035538025740879865, 0.04247366843507738, 0.28888572890015396, 0.056853661062289874, 0.528911506199941], [0.057482692556809885, 0.070530494698656, 0.019504171052934234, 0.33860131269657234, 0.018242393033665733, 0.4956389359613616], [0.043166723596394264, 0.0674675039746405, 2.8663089628058766e-09, 0.25627634283756145, 0.011109323310317186, 0.6219801034148295], [0.08327317485019342, 0.007529127507032679, 0.022854801865086108, 0.2153188764859012, 0.02179048723923092, 0.6492335320525453]], [[0.0551214177628851, 0.056849378255277194, 7.000433277362074e-06, 0.48180014402413057, 0.0627266130935772, 0.3434954464308539], [0.04587451374018376, 0.051676993019437546, 0.013353235477202317, 0.35712937652707355, 0.04400151693932284, 0.4879643642967954], [0.086438677317093, 0.0305531189679021, 0.01636079804961045, 0.3382369077246733, 6.019285272435778e-09, 0.5284104919213554], [0.03762451070004072, 0.014881462989648169, 0.01906220512588866, 0.3906200342382956, 0.07048252512486886, 0.46732926182127427], [0.09014010639096307, 0.024101729765263476, 0.01952394292143854, 0.3349485707343828, 0.04111118615552862, 0.4901744640324303], [0.09333316996225362, 0.041695933555017314, 4.2184519051985404e-10, 0.36760665804464787, 0.02617189047273896, 0.47119234754349565], [0.04202077179014861, 0.05943457231851748, 0.011976930010838747, 0.45532300206316983, 0.048694669623586276, 0.3825500541937487], [0.021701509390972797, 0.027692618388559853, 0.01865581481295665, 0.45818371299828875, 0.04881541638628411, 0.4249509280229334], [0.05429081809509692, 0.01845477307246027, 0.013369733781916207, 0.35545219644303006, 0.04853170624033521, 0.5099007723671444], [0.04710371878045328, 0.03832541858875354, 0.001664707913461957, 0.3189531814692024, 3.3832105286832506e-08, 0.5939529394160197], [0.037358588875852874, 0.07058299200082144, 0.01936350513260546, 0.3210270745922806, 0.022221277473054885, 0.5294465619253853], [0.07945983018741959, 0.023161588785387058, 0.012450791960049876, 0.37083351850331636, 0.06475642510109712, 0.449337845462704], [0.0731748810828577, 0.021007732059529226, 0.011574747301271324, 0.39124216266265854, 0.09444879938228162, 0.4085516775114033], [0.05874600083683642, 0.04476080331799107, 0.008541449361466176, 0.43846592241341625, 0.03593414004188034, 0.41355168402840886], [0.0523597412121979, 0.03570977430229329, 3.2641309560990656e-09, 0.46557443122231085, 0.029399763469465053, 0.4169562865295987], [0.06495763525143336, 0.05291972451956212, 0.003318065197073926, 0.41283166693143714, 0.053848254579484243, 0.41212465352100675], [0.034665908207290735, 0.03687551712096237, 0.015136918599915564, 0.35105978362044277, 0.03939019617330493, 0.5228716762780845], [0.07481617535176707, 0.03292355235666442, 0.021414353925350998, 0.2583967679123149, 0.017564794695355063, 0.5948843557585443], [0.07002296500482327, 0.06891958851825544, 0.03637829091648235, 0.38244617473274595, 0.07041889456535916, 0.37181408626232915], [0.03555952726437653, 0.026744682336781088, 6.55081099864862e-11, 0.3834919011215841, 0.040752779510978075, 0.5134511097007672]], [[0.07630699849030742, 0.03616969630743183, 0.010291074706396184, 0.36107569005423684, 0.05046504357682569, 0.46569149686481215], [0.05629898574004353, 0.037474445098872516, 0.02263684692926742, 0.4035966163719128, 0.02830383722419237, 0.4516892686357014], [0.07783469785770013, 0.04446570675302173, 0.01566201402058944, 0.4098593169393048, 0.029663181839393007, 0.4225150825899906], [0.06987905446208174, 0.034086379435457344, 0.01806481973183561, 0.3561837801964485, 0.047077987029472024, 0.4747079791447113], [0.05924943452580603, 0.03017097446568827, 0.008377539342127519, 0.4174143035940461, 0.025327786130468547, 0.4594599619418669], [0.06321113155268601, 0.03564317721513577, 0.017742889029723468, 0.32657420465766007, 0.055852735433327826, 0.5009758621114617], [0.06910184759669707, 0.05741744207302893, 0.020646466623532495, 0.3340010142603592, 0.034404971750209776, 0.4844282576961602], [0.09454672444307162, 0.07142104910006893, 0.01687175901260815, 0.3265905323505159, 0.0459887072194375, 0.4445812278742955], [0.07494069470039551, 0.05431280196696074, 0.009915105288629308, 0.29446478325350367, 0.03299068813343121, 0.5333759266570766], [0.060632746371587484, 0.07208126520955181, 0.02041738033842485, 0.3879567799228135, 0.021927432477165408, 0.4369843956804658], [0.07260931399154105, 0.021585224862548, 0.025900433492012112, 0.4128328136019609, 0.032915546727641694, 0.43415666732430985], [0.06025412966492709, 0.0514676755247994, 0.020147340133160704, 0.36375820541624315, 0.047075409481842675, 0.4572972397790165], [0.0443666672296522, 0.06889117719008071, 0.020951942686453832, 0.3721491715568838, 0.03870215362344097, 0.4549388877134989], [0.06067077464668502, 0.04858992391860795, 0.00677812259922538, 0.3433274261103083, 0.04685977863601671, 0.4937739740891754], [0.07916318869102798, 0.05145580594981211, 0.01789201093254367, 0.4022027067758553, 0.024542783209784074, 0.4247435044410003], [0.07167907572962721, 0.07282039610899232, 0.025690850937630207, 0.33889761989580985, 0.028239673329527877, 0.4626723839984319], [0.07722808267531547, 0.030502463862639877, 0.028793551394523317, 0.41967270156495057, 0.04710968694860248, 0.3966935135539765], [0.0710900790941385, 0.04542483605270101, 6.462884608696176e-08, 0.3895798217381351, 0.05535050588162444, 0.43855469260456814], [0.05295215019712211, 0.06144494767032461, 0.02285668813470309, 0.393785172223286, 0.0383603031900388, 0.4306007385845344], [0.05213095462366553, 0.02782682651751653, 0.019814974491550175, 0.3594769002820716, 0.04486965970057366, 0.49588068438463667]]], [[[0.06667076788152741, 0.08558665170051018, 0.024854742842161097, 0.2661770244314355, 0.03906368100194323, 0.5176471321424244], [0.10945279235817565, 0.08169191051835034, 0.06753679155608447, 0.473467976209523, 0.08728637871492301, 0.18056415064293876], [0.11456228639073765, 0.1170917376037153, 0.0008626054569333755, 0.5503705032653454, 6.829900977214817e-09, 0.21711286045337763], [0.02847862705560011, 0.048773459614512044, 0.02837394524168227, 0.21407798058389826, 0.045179630234838106, 0.635116357269417], [0.07740220078395355, 0.19769124474993702, 6.564521485321036e-11, 0.398465110805678, 0.0018722869418463632, 0.3245691566528955], [0.0843843378123944, 0.06699109735507043, 0.01828741390662619, 0.19478651350341206, 0.11224209571303641, 0.5233085417094528], [0.07808924641698677, 0.13545005515232567, 0.010526079602374321, 0.29583472192867555, 0.08750148939462571, 0.39259840750500846], [0.14159975322176938, 0.06551350236396218, 0.0352999083834246, 0.48213598243331307, 0.04818782260272679, 0.22726303099479442], [0.07253336890238575, 0.04483844631811142, 6.384465332903676e-08, 0.2964809372396272, 0.08177095193030307, 0.5043762317649191], [0.0623033375920487, 0.11025782281015105, 0.011738387627785828, 0.2410153827956612, 0.0015625602123176905, 0.5731225089620419], [0.11897169983603023, 0.04570020906360776, 0.02008501970684254, 0.19948425087939486, 9.251003702525651e-11, 0.6157588204216213], [0.016595642907863223, 1.9759087499474454e-11, 0.0324686245275954, 0.4858268371185942, 0.09528782983067623, 0.36982106559553063], [5.246527131404163e-10, 0.13632534986901276, 0.07693778729544605, 0.38145464002541773, 0.08674747607456869, 0.3185347462109019], [0.0806603037793189, 0.053429272157012875, 0.028503485963791035, 0.2689160438472865, 0.026385796203696184, 0.542105098048905], [0.05830483637603895, 0.03327782083050355, 0.033933599905503826, 0.2423654031766952, 6.75820586156868e-12, 0.6321183397044862], [0.07793551976830836, 0.10375482644757583, 0.015975546017033396, 0.43702257620465895, 0.0153116134390952, 0.34999991812333064], [0.09643856633408315, 0.050912058622108416, 0.029285782988369674, 0.35253800614841924, 0.09141840882736335, 0.37940717707966415], [0.12049616532858484, 0.07485932906261954, 0.02326030071237222, 0.19848076346131618, 0.048360905578413674, 0.534542535856679], [0.18839666056938187, 0.06391061505744172, 0.001513989215928505, 0.26434282066164466, 2.7137992262090104e-10, 0.48183591422424693], [0.03224278511649319, 0.11102030839880024, 1.1384226573876325e-09, 0.2982814811811952, 0.01132022125490295, 0.5471352029101778]], [[0.061036277916579826, 0.060799318894595125, 2.3210148858761794e-08, 0.4732889564970464, 0.02645267667636613, 0.3784227468052742], [0.08247380924941297, 0.04616121270532432, 0.0223053111887076, 0.39134895471274406, 0.040381766872257294, 0.4173289452715521], [0.07418146045001552, 0.03210357251148325, 0.021642613960041152, 0.4311984742605013, 0.012593117183669955, 0.42828076163426554], [0.07284389668653975, 0.05764334313648095, 5.374379804850941e-08, 0.4079015262404268, 3.163676597637381e-10, 0.4616111798763726], [0.04540292274698289, 0.010467013382406484, 0.010804438811400372, 0.36489380381955266, 0.03535808555843092, 0.5330737356812233], [0.08024449564513018, 0.014296469315242588, 0.0048928609963307225, 0.3626364669346538, 0.048550726938632285, 0.48937898017001485], [0.06962054804307585, 0.044264265868269544, 1.0227107443411328e-09, 0.3406846678512209, 0.04757104307108303, 0.4978594741436358], [0.03660867855720778, 0.0864945062142775, 0.004266820955207998, 0.42530279336941035, 0.041101525125916256, 0.40622567577798563], [0.07322224794534331, 0.030171472274562308, 0.02468500848300988, 0.2269094376730957, 8.819004393832506e-12, 0.6450118336152181], [0.05737178944563326, 0.029318598761055005, 0.010266393346883774, 0.43975029263953475, 0.04818218899618834, 0.4151107368106999], [0.14364117114581101, 0.07201460306750387, 0.008849086873971177, 0.3261499078338941, 0.015381891902778373, 0.43396333917605046], [0.021261120250321872, 3.5448955867188938e-12, 0.03051399977606896, 0.4993505747684789, 0.048853031089444034, 0.4000212741121071], [0.035300703844823776, 0.026022477637825697, 6.207571857920013e-09, 0.2796923008528704, 1.2417298005740781e-08, 0.6589844990396108], [0.10735774808936403, 0.04614050133288997, 0.024116382980899184, 0.27358980965577134, 0.04102751131682157, 0.5077680466242573], [0.10555708662918005, 0.02770416502298995, 0.026442274303342866, 0.2076022064995568, 0.023414512844546168, 0.6092797547003836], [0.013198549048187888, 0.059511063301516474, 0.009602975861505127, 0.34667085005834375, 2.562560522551101e-11, 0.5710165617048278], [0.09128867596517865, 0.05617601499685397, 0.022479288179364572, 0.34188403640330073, 0.01602061963669944, 0.4721513648186008], [0.06717820993998024, 0.1196975105518119, 2.6257160691384596e-07, 0.4742272018355196, 5.539156967350486e-10, 0.33889681454717635], [0.07764457213738322, 0.054971123879045125, 1.2117860323742665e-09, 0.39734291566451285, 6.658037193806628e-07, 0.47004072130355756], [0.04878707779238562, 0.05534744026619921, 0.007763968600450762, 0.2891879877434711, 0.08734069837488746, 0.5115728272226208]], [[0.030102005099602272, 0.013051771613597073, 0.052528254286458305, 0.27462327530556707, 0.05349824837790809, 0.5761964453168679], [0.048045757149403144, 0.06896174112454904, 0.03031356400815186, 0.26815889909449736, 0.02985961778226235, 0.5546604208411575], [0.03467524929128554, 0.019485667329664412, 1.5683825471009296e-11, 0.34005076834648607, 0.04629709503639271, 0.5594912199804808], [0.04242515174283311, 0.0476256432283271, 0.013070081841332806, 0.39782798580459217, 0.012040799514264573, 0.4870103378686606], [0.053703541263047064, 0.019174602707651048, 0.033321118926311524, 0.4239317214822874, 0.009951715309386114, 0.459917300311308], [0.06360427707284408, 0.018230554401661464, 0.011894303624413214, 0.47061803410953873, 0.04376667514996843, 0.39188615564158563], [0.05307887234333236, 0.04272555455100848, 0.013784961638273228, 0.3758652128691904, 0.034250125438422874, 0.4802952731597777], [0.08053704987708814, 0.08717714950928518, 0.029645314561660408, 0.424863902910725, 0.01867662716524772, 0.359099955976004], [0.07936839601125442, 0.03469084510789167, 0.01773344517823785, 0.25138286131346327, 0.03393540688173634, 0.58288904550739], [0.06568804320065079, 0.022705986044501622, 0.012829609631784401, 0.45378123705927514, 0.034526253509180246, 0.41046887055459436], [0.04708842395459931, 8.185752631079303e-06, 0.03693556196521386, 0.44449460213298964, 0.029813051314760017, 0.44166017487980536], [0.09513982011205326, 0.05470429518677356, 0.014263528489782564, 0.2183808203902404, 0.02753663264990216, 0.5899749031712596], [0.028859609172424732, 0.04468964030178543, 2.3395352148798112e-07, 0.4638246302059247, 0.03344485140292741, 0.42918103496341414], [0.07157316875850708, 0.016654272169109936, 0.017896153917306437, 0.4466915838282266, 0.027848013640821685, 0.4193368076860254], [0.01478735117151758, 1.2077031694188388e-11, 0.007602995931467679, 0.33193896123878147, 0.050101037438611946, 0.5955696542075307], [0.0963391815586757, 0.04033073163237049, 3.3185092284414004e-10, 0.48189957713158804, 0.0628653863138461, 0.3185651230316488], [0.07932108471552005, 0.04831807110504832, 0.03320752895911083, 0.38782290446544776, 0.042095695356751305, 0.4092347153981244], [0.04003206582371425, 0.04083758768114838, 1.4082706090601412e-09, 0.42897575371916485, 0.02620218782350169, 0.46395240354415784], [0.05419017811866865, 0.03372165775519076, 0.010758439414921307, 0.3672905770810744, 0.05633050863101429, 0.4777086389991804], [0.09347463513606803, 0.03171870580770692, 0.008042156692734928, 0.32200617596827646, 0.004477125422302077, 0.5402812009728967]], [[0.06932713592363111, 0.035243895890863575, 0.003525113347785259, 0.4227995345100678, 0.03610302882250793, 0.4330012915051368], [0.0691336846640347, 0.04730816078298311, 0.037057923006665744, 0.32185051230112066, 0.036574756094019036, 0.48807496315116966], [0.05931355389742689, 0.0612558752051958, 0.023155370257757265, 0.4414295057054863, 0.008849923721110703, 0.40599577121303043], [0.0379623048698059, 0.04602812665468629, 0.0217841829240668, 0.4009551739777994, 0.061522871389276125, 0.43174734018433897], [0.02310911319469247, 0.04410531049337945, 0.016944352571818644, 0.32383605441092456, 0.04294217895497296, 0.549062990374225], [0.05297666860284394, 0.054205068807343555, 0.009986677547503582, 0.4706973009297326, 0.029375743044557236, 0.38275854106798696], [0.054056439165817614, 0.0399821977080281, 0.003993078218841899, 0.4741692006469491, 0.040862745111853026, 0.38693633914852116], [0.0404798833515402, 0.03488448513236458, 0.016577597246972293, 0.46491188206216344, 0.0348877276324771, 0.4082584245745078], [0.02993578301481461, 0.05566100440313729, 0.014064610593126659, 0.3428388983885516, 0.06850862033710604, 0.48899108326327057], [0.0757257361824419, 0.04205798902312003, 2.941778916436549e-10, 0.3998480242149682, 0.026354694079610594, 0.4560135562056918], [0.06684981862760317, 0.05699143949908596, 0.026471118593944926, 0.3072991736072179, 0.030204588446189055, 0.5121838612259547], [0.04753337361895977, 0.052300084173652304, 0.020142252406520806, 0.33875288687216754, 0.03781532046887779, 0.5034560824598188], [0.06057099506200377, 0.06118039232825153, 0.011549449333096665, 0.31790700843131214, 0.040188747779103716, 0.5086034070662443], [0.06592180929056349, 0.05283416002683601, 0.0010393025466231475, 0.3944378201269514, 0.04592852121903093, 0.43983838678999543], [0.07662368937552591, 0.027024438988845125, 0.01877431236004179, 0.35872191505807266, 0.028221501147990394, 0.4906341430695322], [0.08041112575084368, 0.05072464037322642, 0.01975091345393063, 0.38883309130112, 0.07681050605404378, 0.38346972306683413], [0.06322338174289009, 0.04901283214168817, 0.017517829033459362, 0.2802256781439707, 0.042821375941225044, 0.5471989029967679], [0.05689011737633685, 0.03719218244989931, 0.017495421838364864, 0.4110998274602758, 0.02697202704082517, 0.45035042383431534], [0.05686743782063337, 0.04440157881609249, 0.018454232906730976, 0.34657984312343704, 0.048117388683229796, 0.4855795186498571], [0.06954626308483848, 0.029247792678112488, 0.004967507153356308, 0.41827487979913336, 0.02973994844607208, 0.44822360883848217]], [[0.0594853981343223, 0.05306762527887172, 0.016359956505443383, 0.38519390678532617, 0.032261556139610875, 0.45363155715641357], [0.06100261517519029, 0.051919892947992735, 0.004318900639736309, 0.35718916767079395, 0.033828749809994105, 0.4917406737562917], [0.06242085556947046, 0.029438705446349026, 0.005924161250562729, 0.36314344943175614, 0.03878252314261984, 0.5002903051592366], [0.07872640776735583, 0.034606794969650356, 0.01496300490579476, 0.384317987598314, 0.029923262592814883, 0.45746254216609256], [0.05045772101847603, 0.06395563684945449, 0.02398196973242951, 0.37782858360759525, 0.032104838124603005, 0.45167125066743424], [0.06067990774145703, 0.049597151045782106, 0.022443389872851643, 0.38795825586988975, 0.039529090124813385, 0.43979220534520613], [0.07764985110208465, 0.06578399092197047, 0.006828105111977949, 0.3719107091321178, 0.03781340229742437, 0.44001394143441447], [0.065289231453945, 0.036978197108873, 0.018047409004591182, 0.3692649276706172, 0.04122906321719826, 0.46919117154475964], [0.08494316389110058, 0.034930518576338096, 0.012915660553025272, 0.33176219208648505, 0.03712622057458825, 0.4983222443184301], [0.07119803636392279, 0.046605913072206136, 0.01998794482500193, 0.42018678379541524, 0.03240135188462769, 0.40961997005884887], [0.0825594692457577, 0.05126446985562874, 0.0174642446298537, 0.34513747774797654, 0.03752388162903742, 0.46605045689176505], [0.05453173442975291, 0.0484055894156266, 0.03989024275562409, 0.3380142899443507, 0.03782245030788861, 0.48133569314679464], [0.07337181400371046, 0.05749956428881974, 0.011530586250277091, 0.38105485572857634, 0.045873776870805905, 0.43066940285778965], [0.051463771334796335, 0.038347818798485006, 0.012215636285474535, 0.4083847806477298, 0.051531831721415934, 0.4380561612121043], [0.06800640608141642, 0.0431861871776814, 0.012953634895099077, 0.36958510783875864, 0.038521433597213675, 0.46774723040983407], [0.058485338348580426, 0.06847460706917462, 0.008256599018505898, 0.3292966871834634, 0.052563220655574956, 0.4829235477247078], [0.06908563932018844, 0.05084364155559894, 0.02183176228626895, 0.338731711623166, 0.05817536062404549, 0.4613318845907323], [0.06438649824909559, 0.038996067606012846, 0.018921176606834848, 0.39444238387889236, 0.03983140851220078, 0.44342246514695755], [0.05599983393301368, 0.02809335704631215, 0.02699141766058525, 0.42184904379986116, 0.04016411487048725, 0.42690223268977273], [0.0852873153809965, 0.05153798688816189, 0.02138082209300632, 0.3545436501492325, 0.03931913469048288, 0.44793109079808985]]]]], "bagging_alg4_list": [[[[[0.0912291550629642, 0.048897137111904146, 1.6996758538513242e-07, 0.3728256535955177, 0.042177186675128125, 0.4448706975869027], [0.03590738031189222, 0.13483766450917561, 0.04548159842706092, 0.33878340605115626, 0.07178304177859217, 0.37320690892213215], [0.01265437680098996, 0.12485694749212642, 1.6313979391518816e-12, 0.4844869691278504, 1.4275311222259538e-11, 0.3780017065630281], [2.57327757365001e-08, 0.06344485998531148, 0.048027909365806774, 0.3089968772399686, 0.05447053806877281, 0.5250597896073732], [1.8480472138354173e-09, 0.17090974641469867, 2.12718508539704e-12, 0.5727739581241615, 1.0303325898338361e-10, 0.2563162935079291], [0.0837469999199224, 0.04817700879200266, 0.04348914258915626, 0.15095923805538322, 0.12890300999107634, 0.5447246006524592], [0.12111853317892578, 0.11743770005590826, 0.008725050384831862, 0.3033922717678491, 0.07449668841876983, 0.3748297561937218], [0.0984719641917956, 0.05776700112213559, 0.03537333705181236, 0.5408571292546394, 8.108275876272331e-06, 0.26752246010357217], [0.04131004905363827, 0.04004523071282728, 0.00232199132315073, 0.3658515552661414, 0.11330436309143069, 0.43716681055281087], [0.10395851749100896, 5.508386224003313e-10, 0.010598981402606171, 0.3565335923405856, 2.9780605796507676e-10, 0.5289089079171505], [0.07275296514497022, 0.05510077605426737, 0.01798199