{"SAA_list": [[[0.06174934304189442, 0.2866661775311026, 0.14062920979424962, 0.08846217151017954, 0.07536131621697055, 0.34713178190560423], [0.09540606845213552, 0.48308106996878464, 0.12135771632065696, 0.10580903813497403, 0.093783702427409, 0.10056240469604044], [0.15142832506961185, 0.48113085294220714, 0.04340034188369723, 0.19238747738963524, 0.026660959216275627, 0.10499204349856617], [0.07848114582923629, 0.21312570343778287, 0.06122845713185774, 0.09467208114664423, 0.12097026813871253, 0.4315223443157701], [0.14774090682841282, 0.5671120728049469, 0.07747927226477652, 0.18942779424366588, 0.018239845315089112, 1.0854310547258191e-07], [0.13298756484150065, 0.4389788857358219, 0.06921483633362342, 0.055148019728963514, 0.15081658732880224, 0.15285410603128882], [0.12197293719074552, 0.4009312159542708, 0.02475070025793851, 0.0983815294914756, 0.15965598658592045, 0.194307630519649], [0.0628143706177365, 0.406990207720653, 0.06691743304973564, 0.1539985618460696, 0.12406657913920423, 0.18521284762660006], [0.09751069285303807, 0.5363178352141582, 0.006040873136582969, 0.1619961789430138, 0.18088685857546163, 0.017247561277733005], [0.16328530009941686, 0.276091039220671, 0.07645248427508007, 0.09260686651815632, 0.022446018320732328, 0.3691182915659516], [0.1952074658076838, 0.30177226027457466, 0.06844296164443138, 0.059557387423916724, 0.035691819459971824, 0.33932810538943126], [0.011556859087370952, 0.24371840544833565, 0.06311942956105103, 0.15259921809265015, 0.16951364809343777, 0.35949243971723827], [0.015701191751018185, 0.4096779571845548, 0.14496201124682287, 0.09623049671444894, 0.15053975181003765, 0.18288859129311993], [0.07711834644408017, 0.21054404298205345, 0.08549072362548292, 0.10124889203272015, 0.08681388424639665, 0.43878411066926376], [0.08816141054251359, 0.36591453227283566, 0.11700704704717402, 0.12072230861218237, 0.05951564235050024, 0.24867905917481287], [0.09365140219820446, 0.42127966062254646, 0.08757763067836767, 0.1868739792542724, 0.03305713930922321, 0.1775601879373616], [0.12781421139523694, 0.2346589852491612, 0.050714442199980024, 0.17165930185772255, 1.5931992407425031e-09, 0.4151530577047802], [0.11545200493274944, 0.4303859629878802, 0.10978851044954423, 0.08127177070742554, 0.09471400629840641, 0.16838774462399417], [0.265139252319592, 0.3335349203918651, 0.020138088955904142, 0.07563542917260598, 0.000893810155444549, 0.30465849900436043], [0.044020920854161746, 0.3825180616831386, 0.20385163353492633, 0.04283786348181866, 0.09718024285791224, 0.22959127758804818]], [[0.0962634799024584, 0.4615528155659931, 0.134339829949661, 0.11438983917013903, 0.06277652586231418, 0.13067750954943422], [0.11362388179869093, 0.416192345774657, 0.07558602117044463, 0.08272757870673267, 0.13114389629033757, 0.18072627625913626], [0.11498298263256546, 0.2241540519493048, 0.12896148274767674, 0.030931059569521985, 0.06902690148166805, 0.4319435216193122], [0.2053325635866929, 0.45204498777362934, 0.023688499847649896, 0.07293201176898184, 0.10300220482472575, 0.14299973219834514], [0.0703940531897412, 0.17115506564192393, 0.10158512632620992, 0.08012283622571828, 0.08739807757508279, 0.4893448410413246], [0.11435210517010479, 0.2693504573866167, 0.06485620288844841, 0.06637737400758872, 0.11945789880789948, 0.3656059617393396], [0.11990111850991705, 0.3915606472523266, 0.05652181023201745, 0.10132950546270018, 0.11955890575336679, 0.21112801278968], [0.17454910454807762, 0.3809749504419291, 0.0906816145879398, 0.02471597548077927, 0.09265994476773534, 0.23641841017353352], [0.14851214359745804, 0.25594586943438097, 0.11576819391318333, 0.07376298638646783, 0.008505212544242276, 0.3975055941243259], [0.09560715337415994, 0.3487108444295959, 0.05201291501112805, 0.11067571619093977, 0.13194481675761313, 0.26104855423656337], [0.20939796637363947, 0.5235740115130164, 0.10005350808261446, 0.07248502165476817, 0.02971053319998744, 0.0647789591759809], [0.054828380365818705, 0.3324189208993053, 0.126249333975585, 0.07437762053163738, 0.12760560823308803, 0.28452013599455334], [0.051529398817774304, 0.30910758714582964, 0.06647467069896754, 0.1698657815387708, 0.09435171684064111, 0.3086708449580186], [0.15072205417928602, 0.3931166493071542, 0.05677154823027153, 0.10371182331056505, 0.08072792127480624, 0.21495000369791833], [0.00862019124161203, 0.3865930997367806, 0.14443197240493938, 0.14553841991700628, 0.10147781428580412, 0.21333850241382665], [0.19208619316973194, 0.19256388757379106, 0.09372895270796056, 0.012090360346766253, 0.02974309923108566, 0.479787506970646], [0.15089573110587945, 0.39486549577341956, 0.08896172403842863, 0.11654347490449456, 0.03018472855290277, 0.21854884562489432], [0.12902334191491785, 0.40077683271296816, 0.09952370402129442, 0.08162841778138011, 0.08204459715980515, 0.207003106409634], [0.13335916541833814, 0.3888492243616301, 0.17031496355537173, 0.07326718477383501, 0.00022705891603227272, 0.233982402974783], [0.07958511754534836, 0.37741022347574243, 0.07666092560954296, 0.05212179672964743, 0.19159100108453297, 0.22263093555518274]], [[0.08526936975598211, 0.3728485573628635, 0.10417936062886456, 0.046936658721868404, 0.15710389048645088, 0.23366216304395193], [0.11703915287922016, 0.43319962343276336, 0.09940531625771261, 0.08230633190719137, 0.10457786704407965, 0.16347170847903206], [0.09625162134791242, 0.3419538941666869, 0.042528109869966975, 0.10095127014967879, 0.15052807841236499, 0.2677870260533994], [0.10195481202564739, 0.3448165120726486, 0.1568092928871243, 0.020865251587864467, 0.09588992109707772, 0.27966421032969513], [0.09810672560230865, 0.32741131224129777, 0.082738504953732, 0.08854550483294081, 0.11066361416961881, 0.29253433820009667], [0.14070382505753684, 0.4202217356001027, 0.1339264930229641, 0.017131658890258885, 0.10127039172077598, 0.18674589570836908], [0.07719382963098359, 0.33823819058167165, 0.10783289331821982, 0.11766292450646793, 0.07873193402108966, 0.2803402279415644], [0.08060592807014237, 0.37626079771343873, 0.061890596936189576, 0.14755702958963987, 0.10714310274900576, 0.2265425449415901], [0.02247538728400634, 0.32692310310232797, 0.138897829979173, 0.08343474155905141, 0.14019866977343873, 0.28807026830195476], [0.11519445197893399, 0.38638324868275903, 0.13336458265349188, 0.06829312045741058, 0.06914859043514135, 0.22761600579226587], [0.11108122762672971, 0.2821837446935435, 0.116918341416356, 0.03536569436348343, 0.09894752947839032, 0.35550346242149167], [0.08104548490131691, 0.3001533188183303, 0.10717436319709081, 0.08173868304893485, 0.1021226549031701, 0.3277654951311572], [0.12063001244222063, 0.36862819452427, 0.10703558028485076, 0.08595487643747914, 0.06987096347224676, 0.24788037283893272], [0.06172152456983171, 0.2719638699419902, 0.11866718681778905, 0.05966057954445186, 0.12703900033743776, 0.36094783878850306], [0.0597445412559608, 0.3536095124777195, 0.08946656459786602, 0.12278270356869499, 0.11956198953046704, 0.25483468856928904], [0.03149122986755776, 0.34147249227078585, 0.11754393414032373, 0.1492900880638567, 0.0892692171864932, 0.2709330384709801], [0.00720709421441412, 0.47728350459791025, 0.0994827633504921, 0.17290172411735563, 0.15159817085566055, 0.09152674286417027], [0.09359789159853892, 0.2653696865352115, 0.11228068041655756, 0.09252823355903435, 0.060453244926636625, 0.3757702629640212], [0.0997379785990615, 0.38744402546806267, 0.08532853190663918, 0.08456925535029562, 0.12642206614086732, 0.21649814253507427], [0.04894786236023113, 0.34066855393943857, 0.156595468929209, 0.13873640065275128, 0.03412806565982951, 0.280923648458549]], [[0.12818726539210643, 0.3429034896115042, 0.049786874120591226, 0.10468543907302515, 0.10065793059571072, 0.27377900120706683], [0.050023223765861144, 0.35317211407923416, 0.10859940455707162, 0.11653023962291939, 0.11529281657758339, 0.25638220139732926], [0.05730590556800142, 0.30909114729964027, 0.10630443310532273, 0.14761278914079565, 0.06461276241889308, 0.3150729624673446], [0.06691603560971729, 0.2922508201238738, 0.12030971983823714, 0.0802457365663278, 0.1029857538299153, 0.3372919340319273], [0.12256182347963758, 0.3226420347599168, 0.07273789277823377, 0.0682844333461731, 0.11326494648455798, 0.30050886915148045], [0.14545722443394557, 0.3241904845008543, 0.009827291428057605, 0.09071221793751738, 0.1361048376601213, 0.2937079440395089], [0.06385577389873129, 0.2920651997635178, 0.05867856143472891, 0.13099664147646306, 0.12487935814903035, 0.32952446527752843], [0.08032162923129703, 0.342430968279068, 0.10844331256668119, 0.09251967636837483, 0.10184016638131023, 0.27444424717326815], [0.08876359825921813, 0.3124530383123949, 0.10105134728482103, 0.11596694236607606, 0.06759282043353747, 0.3141722533439527], [0.04162187472488824, 0.2775911303031048, 0.08941143713792325, 0.12771733046914707, 0.11497057728254576, 0.3486876500823752], [0.0965143469795745, 0.3064423690192126, 0.05278873633849797, 0.11890580512873358, 0.10970546076250379, 0.31564328177147766], [0.056810988786842175, 0.36276376410130007, 0.10826357156875903, 0.14593624175734313, 0.07945733185183448, 0.24676810193392676], [0.0758004718565772, 0.3388003400929257, 0.10211166549849694, 0.10035934575201849, 0.10531994203512145, 0.27760823476485974], [0.056299106375351717, 0.3377297074165515, 0.08217479304944837, 0.10097419825262184, 0.15059875185113586, 0.272223443054897], [0.09110026279986605, 0.3031279691357794, 0.12200895488600029, 0.08997347198992572, 0.06518965360219454, 0.3285996875862335], [0.041461956261898705, 0.2874936983811918, 0.0912923341352811, 0.14143672440987673, 0.10131716683867646, 0.3369981199730624], [0.12335943803652864, 0.317832479119164, 0.11165294624406227, 0.09399414200798373, 0.03886894988572082, 0.31429204470654104], [0.03578575675466005, 0.32495360487364733, 0.034071879064350524, 0.1469365810549874, 0.17899743507429125, 0.27925474317806304], [0.07050364600871538, 0.3214518110302317, 0.12296026030327176, 0.1296305944661022, 0.05192006153618906, 0.3035336266554762], [0.08764501617181208, 0.31406685465772394, 0.06668146058088575, 0.09760596966801122, 0.12850765310231071, 0.30549304581925807]], [[0.07885317772161532, 0.3222979076983958, 0.09785171315067422, 0.10933790861999147, 0.09269505734488961, 0.298964235464434], [0.0883727669055591, 0.30947461825794925, 0.10129179843131474, 0.10434148972599905, 0.0791461050436505, 0.3173732216355281], [0.09571400740737183, 0.33014367945335377, 0.07913867251950778, 0.09671877894145546, 0.10985560893479149, 0.2884292527435226], [0.05139621979964035, 0.3026476921441266, 0.10708851388837264, 0.12640432111043343, 0.09116004326215074, 0.3213032097952845], [0.11488828456222203, 0.290192835539134, 0.05201623492551322, 0.08524485915518824, 0.11968143954008807, 0.3379763462778546], [0.07933480902187767, 0.2997326050374439, 0.043381793048568894, 0.12966408341739677, 0.1278260451834015, 0.3200606642913062], [0.0658828857003202, 0.34276788254004315, 0.09445594008223264, 0.13316977898125248, 0.0926310864810963, 0.2710924262150354], [0.03740126685678433, 0.2907184518269969, 0.11933727663324963, 0.10980785560220167, 0.10762132190580022, 0.3351138271749684], [0.08827295859086909, 0.3422774615836188, 0.09382958185782797, 0.11239731647237296, 0.0885090316700072, 0.2747136498253042], [0.07997943949077002, 0.32763510603508594, 0.12986295924855096, 0.060267083335193164, 0.10712763553810059, 0.2951277763522989], [0.08499313596923798, 0.2847727390874328, 0.07845046715255442, 0.09266999638506081, 0.11509639540130269, 0.3440172660044112], [0.07149473744949274, 0.30986044079352, 0.0993156254671444, 0.08898247584459903, 0.11762310746242073, 0.31272361298282214], [0.12300266278728321, 0.32662344928474674, 0.07294490708223673, 0.1008612004872075, 0.07944081254168947, 0.2971269678168365], [0.07710222334227254, 0.3685973765120238, 0.11001538897670157, 0.10771727838138506, 0.09509277000076587, 0.24147496278685243], [0.04122253260667898, 0.273138259827265, 0.08010870928597744, 0.11992209993627204, 0.1331890708868865, 0.352419327456926], [0.08635568561208382, 0.34523236948915, 0.07440993082401669, 0.10081172692759555, 0.12628047825346958, 0.26690980889368404], [0.09201919247017395, 0.3089637424324202, 0.09297507647285855, 0.05233623027086674, 0.13887394062683073, 0.3148318177268519], [0.09258706070792631, 0.3081301960595581, 0.08162355979610339, 0.07327055368007954, 0.12919813406763922, 0.31519049568869273], [0.06508969541558543, 0.3181820935662947, 0.08679458201841093, 0.08510177116139807, 0.14609601806473124, 0.29873583977358276], [0.08910191401456152, 0.29475222354877506, 0.09790330834148933, 0.1078313998405858, 0.07450432993372531, 0.3359068243208633]]], "bagging_alg3_list": [[[[[0.10477977165152938, 0.27421652657554846, 0.12123041976253646, 0.07360506100325023, 0.05911014844960717, 0.36705807255752837], [0.0842493228649058, 0.3504924421324733, 0.05423682770502918, 0.19540439308690064, 0.054452188005480476, 0.2611648262052117], [6.450693389610312e-11, 0.49274520530913735, 0.04795494944068515, 0.12235863040403899, 0.2771901466163862, 0.059751068165223443], [0.16973026154051565, 0.26955680474838234, 0.04876206915792953, 0.03873446335680445, 0.10164985067981329, 0.3715665505166329], [0.2086880187645026, 0.4686891703547559, 0.07212003715502419, 0.10929316453151545, 0.009270518600866287, 0.13193909059330836], [0.1787331639925242, 0.3778312063797324, 7.049548636496496e-07, 0.10663602341793067, 0.10620386275776092, 0.2305950384972159], [0.1696672624714626, 0.42481092416594074, 0.06008354012669651, 0.05929294220944563, 0.10976502945463923, 0.17638030157184562], [0.1267276653703515, 0.4267279613561554, 0.05648385656076185, 0.16697535019339427, 0.054699585205621105, 0.1683855813155745], [0.09578941675011397, 0.3174160216743783, 1.408910618929685e-07, 0.08625143192186016, 0.209097719283961, 0.29144526947863403], [0.16481074453817007, 0.3991899094416084, 0.035439694086415695, 0.04475004461998663, 0.1523130031035913, 0.20349660421023538], [0.16670422392322898, 0.2516702979490882, 0.058680036632561834, 0.04363265587659994, 0.0836586215954947, 0.3956541640230241], [0.006760963669035286, 0.404306205715979, 0.11010574608304619, 0.12785435677827572, 0.16694045388285655, 0.1840322738707706], [0.014240744789004084, 0.36199308526500384, 0.1449694592846039, 0.07076831433374721, 0.16583080555212842, 0.2421975907755114], [0.056965739307558945, 0.28430876102814323, 0.171903384522715, 0.08918487066896483, 0.043313886764225866, 0.3543233577084311], [0.12281087526064147, 0.42539015824162085, 0.07040189530100467, 0.09042777943932918, 0.12074803248945686, 0.17022125926794712], [0.2090086995464028, 0.3979068912636532, 0.07932749317809328, 0.07381450925580417, 0.018240984605657894, 0.2217014221503885], [0.06635791393902671, 0.40723751098418015, 0.09073092126302694, 0.07742003296606005, 0.17259613808670285, 0.18565748276100316], [0.07274014956688085, 0.40970758678136776, 0.03580316200851019, 0.21988955963642087, 0.08009515508231167, 0.18176438692450847], [0.22015775346282268, 0.30410700124176504, 0.00812901440607936, 0.13281991844007301, 2.4416531021328193e-12, 0.33478631244676516], [0.13795766068530274, 0.3431460627523652, 0.11942368554595648, 0.06337576516059051, 0.05164761010219744, 0.28444921575358856]], [[0.1332190960039417, 0.40533439443721037, 0.10955013059124033, 0.06022276823784395, 0.0891408915811255, 0.20253271914863033], [0.13444060628759663, 0.3620882843551797, 0.055062486668800405, 0.09313711278165207, 0.10452464583182897, 0.2507468640749424], [0.09243580762469453, 0.2813252215031177, 6.9266988521291055e-09, 0.1658767343456363, 0.11964053931057775, 0.3407216902892749], [0.14941529356342695, 0.33424560474921783, 0.07470028504762505, 0.07779036094188964, 0.07243732848350799, 0.29141112721433243], [0.05745878900087385, 0.217555042859522, 0.1555798911186387, 0.07311507017197194, 0.06015171931093651, 0.43613948753805826], [0.07676919471165336, 0.4028946998774, 0.050334110799550746, 0.12317057130508816, 0.1579995020414745, 0.18883192126661374], [0.08482217833460934, 0.424620147931449, 0.05960851438207511, 0.1035347454585566, 0.1642745194127697, 0.16313989448054], [0.07160527274344852, 0.32565851113264793, 0.041550829353466025, 0.09817152668820776, 0.17925620259639075, 0.2837576574858801], [0.0546444619305699, 0.2532381064992482, 0.052179850374704795, 0.18156771133504265, 0.07960838820368737, 0.378761481656745], [0.05860351494924983, 0.33706378278171323, 0.12557919333059311, 0.133293061954177, 0.063419402745501, 0.28204104423876386], [0.24324669035108848, 0.4659591491908955, 0.027842677510374378, 0.06264952944822554, 0.06792712011430913, 0.1323748333851156], [0.10413253625861268, 0.39347769765597396, 0.030056357586368047, 0.14358847822457776, 0.12515533451585284, 0.20358959575850064], [0.1044618246911427, 0.4165704994455474, 0.11524834524397207, 0.17433263946301936, 3.432069008081482e-10, 0.18938669081310316], [0.1256531284372285, 0.41320360754261026, 0.06668853495981653, 0.11796337273766841, 0.08946793499287828, 0.18702342132979688], [0.17735469945137142, 0.35488765462345306, 0.08846650178732975, 0.06544086268730653, 0.04202798270859964, 0.27182229874193936], [0.07300492192913136, 0.2960555948858875, 0.193993467961663, 0.026855602667711958, 0.06728193519646075, 0.3428084773591985], [0.0703300336217995, 0.30791249196315146, 0.06787822861894914, 0.10248589034620835, 0.14079693832368367, 0.310596417126208], [0.09540586671055146, 0.5241019091653903, 0.23131499981751819, 0.06253746935008155, 0.022816143250451566, 0.0638236117060067], [0.0192237200414012, 0.19809326833198612, 0.057374594724886104, 0.04830007842264105, 0.24004993337664493, 0.43695840510242406], [0.11986035257310222, 0.5475029227071065, 0.08409575974048468, 0.091438425921891, 0.1409000093595737, 0.016202529697841736]], [[0.1598761457068454, 0.38811480340354515, 0.0443161625168331, 0.14211607639031992, 0.04270759880798196, 0.22286921317447908], [0.1094472867363945, 0.4120017094194722, 0.10892025471655109, 0.08707646413273087, 0.09168011306863885, 0.19087417192621123], [0.12253143935686867, 0.3676595309075879, 0.046088714291447445, 0.14084289130263897, 0.0805454445706961, 0.24233197957079194], [0.09365830504603866, 0.309326443410262, 0.07535699456297858, 0.16938979325825615, 0.03474837871582422, 0.31752008500664414], [0.04595314781681081, 0.4136118551490631, 0.17386039336785367, 0.06653041387934493, 0.11342274348118019, 0.18662144630574834], [0.046384140060675545, 0.4527422862501188, 0.1466314850528774, 0.09456852476701547, 0.12589116591914035, 0.1337823979501817], [0.040852548727024866, 0.32562457555235585, 0.09058526742006164, 0.1827078955947024, 0.07008106141385144, 0.2901486512920244], [0.03144748922017962, 0.41444875263344083, 0.08499735359738017, 0.17381989713547666, 0.1214675815401406, 0.1738189258733714], [0.141250748540064, 0.37509413843036116, 0.050293520363251056, 0.06636268427389304, 0.1336559559697004, 0.23334295242273145], [0.09885922099463369, 0.37990617757862033, 0.08999730938219429, 0.0737331866937639, 0.1313297520148935, 0.22617435333589764], [0.062264806293534536, 0.42305475191453695, 0.04328199358395449, 0.18024683920534573, 0.12905148388889395, 0.16210012511373426], [0.16357300992184332, 0.3984482514136619, 0.07811246618473626, 0.07019373694772213, 0.07736250231967678, 0.21231003321235858], [0.11710163867549842, 0.3980900516131026, 0.10085084046141211, 0.12746750750151437, 0.04580754936424332, 0.2106824123842367], [0.03484601392526735, 0.2652655055387092, 0.07558339286376742, 0.2370300915689574, 0.021027198730800587, 0.3662477973725011], [0.1543682494663746, 0.378679928370417, 0.04094547096084782, 0.08351440772522309, 0.1119870081155156, 0.2305049353616254], [0.08992029885132001, 0.3707257750099017, 0.07760581887365413, 0.11550869017055342, 0.10996016693714829, 0.23627925015742426], [0.052184852728469504, 0.4212364687961418, 0.11012129641592609, 0.09623422922668844, 0.1509864397496072, 0.16923671308307248], [0.10950111623294698, 0.37439847832756645, 0.16471313747596303, 0.03277311901366657, 0.07344320081911127, 0.24517094813074405], [0.1211143333146035, 0.4257743342971273, 0.04708696571039924, 0.0476510883016786, 0.19477728242499837, 0.1635959959511783], [0.13527127812774928, 0.36493907066878967, 0.14152905239898275, 0.03455775268384356, 0.0653839988522339, 0.25831884726838733]], [[0.05544120496544307, 0.4140262331428937, 0.08419661510204733, 0.18286942295243722, 0.08439929933973059, 0.1790672244974482], [0.09043119240393946, 0.3205517996143117, 0.11930849085731397, 0.06341073511797964, 0.10176459139156933, 0.30453319061488565], [0.11083968990711843, 0.4086271418125078, 0.08511349603808765, 0.0797520515229186, 0.12441698905177093, 0.1912506316675966], [0.08564602882683345, 0.36863668895139073, 0.08657934531465564, 0.08568091654447972, 0.13530275775481676, 0.23815426260782602], [0.09937348939728782, 0.29238563134091333, 0.08814583509991847, 0.06374366811210763, 0.11925203141185736, 0.3370993446379152], [0.08976978355830079, 0.431552744185946, 0.08334810803509017, 0.14996399325105564, 0.08408952894620218, 0.16127584202340717], [0.11552037743183276, 0.41301411273611216, 0.06799389677229915, 0.11530399359808276, 0.10267949050182172, 0.18548812895984998], [0.06574634810344765, 0.4030975270882691, 0.12878749721225902, 0.12757837214935058, 0.07541300977398552, 0.19937724567251103], [0.11160583884160888, 0.4388366991560091, 0.06161859871220202, 0.16150762938962462, 0.07337367979132331, 0.15305755410923197], [0.14475573414695603, 0.39252203890501447, 0.1039684410730338, 0.06547368741634198, 0.07293528335205046, 0.22034481510660145], [0.14758809697311434, 0.3404672038937701, 0.08594719326655707, 0.09039931937875353, 0.05003636893644493, 0.28556181755135635], [0.051169557607388054, 0.39598245028128237, 0.08497185850722352, 0.12821687360972572, 0.14089275636524115, 0.1987665036291516], [0.06928398554691174, 0.3437133931133547, 0.10322667210695347, 0.11598797167394928, 0.09670204906531658, 0.2710859284935162], [0.03877472758878064, 0.39060384704197737, 0.07580618023337629, 0.1458857549529017, 0.14619174806524945, 0.20273774211769124], [0.11856042626038443, 0.31653761741480646, 0.07820851104404379, 0.11264349119724515, 0.06345707753624587, 0.3105928765472671], [0.12825963501019683, 0.40690851608645384, 0.0636307806292614, 0.09502541559411344, 0.11225138635271828, 0.1939242663272559], [0.10622330622930266, 0.436127494849938, 0.11630538149607077, 0.06681130252537161, 0.11481320194220831, 0.15971931295710906], [0.10448491923368917, 0.3821882962878086, 0.12958146283239177, 0.0604766420723335, 0.09325391676428185, 0.23001476280949587], [0.07791103503969832, 0.38355524045597617, 0.0881645510155764, 0.10836572606683605, 0.12293658305671319, 0.21906686436520117], [0.07098996194688027, 0.3858003423657829, 0.06326128282293342, 0.17093829765272348, 0.09504074408649975, 0.21396937112517705]], [[0.10022931085509691, 0.3394952044470247, 0.07570847136511541, 0.12681612308997042, 0.0795099695593647, 0.2782409206834307], [0.059534659679738595, 0.3496004287039227, 0.08216869069977065, 0.13526675521612191, 0.11408760273151157, 0.25934186296893325], [0.10465337544344035, 0.3333634948876758, 0.09508918235326574, 0.08312832832708004, 0.09589944011638443, 0.2878661788721554], [0.08508002908360776, 0.3854881511711045, 0.08627949257771961, 0.10042469770682805, 0.125499949366506, 0.21722768009423857], [0.10241087813875399, 0.3721453807138056, 0.1115546155557884, 0.12531524230160274, 0.04588196950524644, 0.24269191378479632], [0.10366771008160094, 0.37479798992403, 0.11581726645163891, 0.06655521689110766, 0.10178958591419225, 0.23737223073742597], [0.09032310962138053, 0.3039579451922661, 0.09453934719059022, 0.09901205707593176, 0.08874557522939952, 0.323421965690438], [0.10060743058134587, 0.4111688861624163, 0.08180020015878899, 0.11475191735823755, 0.10437183682251129, 0.18729972891670046], [0.08912635987428426, 0.33879202541637243, 0.11787072051688974, 0.07630820395538453, 0.0964751411231214, 0.28142754911394646], [0.10397101481411263, 0.3916738703422116, 0.07804520913054193, 0.13601501807193134, 0.07708826327445326, 0.21320662436674953], [0.07217143292644777, 0.32787624266809107, 0.08889554455272969, 0.11695112271195125, 0.10455042602254241, 0.28955523111824555], [0.07448484486918945, 0.32764053116116054, 0.11622240440188339, 0.10582271076465943, 0.08169715626219565, 0.29413235254089537], [0.09852476588549314, 0.3627380697095734, 0.07393615765796033, 0.09830362276707595, 0.11987915771281143, 0.2466182262670864], [0.10446897085587509, 0.341724327574997, 0.07957901702364059, 0.10355232222901846, 0.09500709030188587, 0.2756682720145815], [0.12040930071219952, 0.35248260035990997, 0.07263205468840166, 0.09631457743216665, 0.09475863252590835, 0.26340283428141414], [0.10152484458316373, 0.4007424692257577, 0.11834354671271259, 0.05694927754448247, 0.11860722031414897, 0.20383264161975656], [0.06494305674611214, 0.32735325400027515, 0.10557194185489978, 0.1011298796192518, 0.11019229934145759, 0.2908095684380095], [0.062394952459372835, 0.3460188193425544, 0.13144451310210367, 0.08114757163823694, 0.1092667476379587, 0.26972739581978605], [0.05275066391910547, 0.2984444069950313, 0.0806489458241706, 0.08937589760953317, 0.1579157091293746, 0.32086437652277866], [0.0719259149249272, 0.34253629992893386, 0.10780687221417871, 0.1137172730422439, 0.09031622052222447, 0.27369741936749103]]], [[[0.05814629476974395, 0.2804549345439395, 0.14285350631869564, 0.09197132897924136, 0.07165374550960663, 0.35492018987877355], [0.08881295171622067, 0.4964620031398727, 0.13792170259879014, 0.09571606601856342, 0.09662547092052695, 0.08446180560602624], [0.14773457483559796, 0.49441836785401344, 0.051410381979943444, 0.21660399435586164, 6.400402042283839e-11, 0.08983268091057842], [0.1497619609365548, 0.2528511920135422, 0.03850269490838614, 0.09351539000102199, 0.0751485158140453, 0.3902202463264578], [0.18763924736189955, 0.5707690097887544, 0.0733048220703258, 0.14863614594037852, 0.019650774755623532, 8.301743458248396e-11], [0.12661335713956817, 0.2523668733239003, 0.0488907098236906, 0.03442183005715103, 0.1523121368681128, 0.3853950927876973], [0.12363083674173425, 0.4008047519376687, 0.03413139407611381, 0.09146617062504905, 0.15402180428844214, 0.19594504233099228], [0.14917253490174537, 0.41425691415276433, 0.06234883144809481, 0.0919593329623295, 0.0942315655546318, 0.18803082098056884], [0.074016919396466, 0.15353397890220838, 0.004257777845184427, 0.11710989488644805, 0.15244978995236277, 0.4986316390173082], [0.09940615794850667, 0.24579395757521, 0.05156047153357096, 0.0705592368547975, 0.14170736699064002, 0.3909728090973688], [0.19842849605835547, 0.2332568766006984, 0.061994086137871496, 0.05186149411678239, 0.028574272330563668, 0.42588477475562175], [0.012999242246983025, 0.38912856691216524, 0.08313058632271844, 0.16920316009208197, 0.14333555623950828, 0.2022028881864877], [2.537988770079838e-09, 0.3897871242519754, 0.14491990366643617, 0.09768770507815755, 0.16216487358329942, 0.2054403908821464], [0.05075751907365439, 0.2959940620196483, 0.18053869960637847, 0.07359497510091502, 0.06020033874678455, 0.3389144054526197], [0.07855261175568212, 0.23684454537952226, 0.09374261318964514, 0.11864773772836816, 0.06453490519790778, 0.40767758674887433], [0.18191723268483714, 0.41433082592840903, 0.057627132083728695, 0.12291296549420168, 0.02852708273866439, 0.1946847610701577], [0.0920996156306075, 0.3724717181987869, 0.02576527031599448, 0.09908456002616445, 0.18525694827183248, 0.2253218875566131], [0.1306955574025623, 0.44259281765304087, 0.09789616779397776, 0.0737139829118686, 0.10176473377348554, 0.1533367404650653], [0.26005486983691, 0.32979660991475707, 0.01627203714320642, 0.08552413188209013, 1.5604423944724699e-12, 0.3083523512213815], [0.17996277754990456, 0.40656853192670356, 0.10490486684562249, 0.02316444745054083, 0.07841647809239115, 0.20698289813482929]], [[0.10762924432240846, 0.3639371427091356, 0.032203572878034895, 0.15696365362600487, 0.09636877552095785, 0.2428976109434612], [0.08588378322117207, 0.2855326802968059, 0.04246274629198625, 0.12372177554963944, 0.12346500665164974, 0.3389340079887465], [0.091504291964367, 0.3721955599873069, 0.044165140912453965, 0.2254699142533129, 0.032007193760389435, 0.2346578991221846], [0.1219426119919166, 0.3602981636045625, 0.09315921537616978, 0.11913132082881042, 0.047344545492680946, 0.25812414270585243], [0.026346825356825036, 0.2699563221919279, 0.10751552517388052, 0.18582292793976465, 0.04900384425387375, 0.3613545550837281], [0.14201829933280216, 0.2576041048933566, 0.042839754363665584, 0.08359867785223082, 0.09098414257243083, 0.38295502098550843], [0.18997828408375236, 0.4175784078434266, 0.070310851946054, 0.07100979512202664, 0.059582397279090926, 0.1915402637256403], [0.10523998371774265, 0.41305723736578964, 0.049541652449341576, 0.14745385340820372, 0.10256427172057961, 0.18214300133833894], [0.09096810796464837, 0.2665033451710937, 0.1151964833186439, 0.05687944957985409, 0.09787207258008068, 0.37258054138567953], [0.06460959035759546, 0.34157497096148115, 0.13255666191792026, 0.07907120052584954, 0.10630903259490453, 0.27587854364225045], [0.19046473839305744, 0.4514578887312843, 0.0562388779698573, 0.07216058994234066, 0.08346042926705842, 0.14621747569639923], [0.0711337050139017, 0.3994072479896248, 0.06237832877373897, 0.11301922311231433, 0.16037198108004494, 0.193689514030375], [0.03865619611185488, 0.389281338378331, 0.17437605178951646, 0.11539494705538011, 0.06352456992393901, 0.21876689674096053], [0.11399528302089823, 0.40264001073273287, 0.05879222972898115, 0.1032059626850197, 0.12499449626436754, 0.19637201756800163], [0.1679722444197621, 0.2568424256181053, 0.06518347877954297, 0.04804130077502968, 0.07141042714107781, 0.39055012326648175], [0.05482798056556538, 0.37009936832588547, 0.298638113735341, 0.0041815796326294, 0.011483281879347157, 0.2607696758610562], [0.13989083678329844, 0.3196009223719809, 0.06286032062048422, 0.0880343648087811, 0.08267841818401009, 0.30693513723144644], [0.13315475794928425, 0.45063149539573677, 0.20704821385707742, 0.013234818970159915, 0.03778512574310215, 0.15814558808464052], [0.07227551789867007, 0.3746128153921069, 0.04749474660834815, 0.054073449400385325, 0.23127868979664407, 0.22026478090384594], [0.020635202836097592, 0.332964894553048, 0.05845035571981453, 0.17571222623337623, 0.1406612555488564, 0.2715760651088079]], [[0.11638596002560508, 0.4687860653111225, 0.14775351248785096, 0.07253187902869768, 0.06927617208878518, 0.12526641105793856], [0.09800555128421648, 0.34951373111912015, 0.1081540526101965, 0.049028149871612456, 0.1288024788914299, 0.2664960362234278], [0.1345262742494914, 0.36432770471560544, 0.059566623180444554, 0.1229153866620801, 0.06858774561842096, 0.2500762655739662], [0.13438468085451072, 0.38950831723162943, 0.1152571867014746, 0.06462775524523204, 0.0721617467407749, 0.22406031322637862], [0.07581445113644687, 0.3986699247258532, 0.15524610544396733, 0.13393203723366665, 0.024906423515253573, 0.21143105794481412], [0.12298755849033195, 0.4230661264861563, 0.08903923923428801, 0.12079807963702671, 0.0664215331852368, 0.1776874629669599], [0.07984569757866403, 0.3605785598350784, 0.08714965750765383, 0.12529470852543634, 0.09774943105484815, 0.2493819454983201], [0.09153065317021433, 0.4033425400767662, 0.12967689487114853, 0.125778472311816, 0.0458238555717827, 0.20384758399826905], [0.19779371563542716, 0.4075003438772653, 0.06569393385913466, 0.06783933143415966, 0.0562432664424135, 0.2049294087515999], [0.12744234466501533, 0.37457565234990264, 0.047354737204591824, 0.13649492136200153, 0.07972758861843311, 0.23440475580004508], [0.07108389865630638, 0.34848261584159257, 0.1024092853260606, 0.10585673273575175, 0.10745685476903341, 0.26471061267125556], [0.11114183241117283, 0.26629514051383285, 0.09138041367118573, 0.07429409516408762, 0.08332681285201789, 0.37356170538770295], [0.18030819893661043, 0.3062855335567025, 0.08703398716621455, 0.03655029326765973, 0.05710960000326278, 0.33271238706955014], [0.058780799564999514, 0.3770052245393439, 0.10696816806915363, 0.14038921726424824, 0.08836672333396649, 0.22848986722828835], [0.13718341786187296, 0.3413376129396872, 0.06563663838456477, 0.05254073248370306, 0.1258599577340618, 0.27744164059611226], [0.11922583526400514, 0.3186484893351542, 0.07577351010668688, 0.07284158088022162, 0.10781124600428073, 0.3056993384096511], [0.11112732077257464, 0.3955664788863244, 0.07295303646147237, 0.10220005536034651, 0.11105968901612481, 0.2070934195031508], [0.07171107726795271, 0.4050942943968409, 0.1622157598696943, 0.023454233276434863, 0.13928150423626562, 0.19824313095281126], [0.07679653229260076, 0.4088423995359672, 0.09358735930171774, 0.10584718782937093, 0.12756279022226372, 0.1873637308180742], [0.09507962073547185, 0.3743098027575876, 0.07223814224337953, 0.11877142770477829, 0.1076509486235466, 0.23195005793523524]], [[0.12412667045066858, 0.3368171964392703, 0.08282530650001929, 0.07197931902715202, 0.09973220581444307, 0.28451930176842877], [0.07718442488719693, 0.4517330496045897, 0.12969937473234958, 0.094891472264943, 0.10848151944673484, 0.13801015906418973], [0.12843130901959088, 0.3946203703043561, 0.07881319973822264, 0.14735164144390217, 0.036176279965681915, 0.21460719952824084], [0.11309007496198015, 0.31278540457736953, 0.10017481966738395, 0.07127560511033564, 0.08677623696733305, 0.315897858715598], [0.08437227332154566, 0.29325932241066494, 0.06400207926556159, 0.0950458456465798, 0.13244696726216104, 0.3308735120934848], [0.1276561955178463, 0.38064264907562845, 0.05776245839906703, 0.11877873132067902, 0.0876401778016863, 0.22751978788508337], [0.06758205303663188, 0.33128822607140623, 0.051660861987142745, 0.13872007048868426, 0.13131466036184428, 0.279434128054306], [0.09032831106369676, 0.3636326445785846, 0.04740104639314143, 0.16305170419498938, 0.09273378046215623, 0.2428525133074268], [0.12473703638717654, 0.325136793161655, 0.06164945556103526, 0.10958694628769707, 0.08094101103406014, 0.29794875756836803], [0.11536805671292087, 0.3735610950164558, 0.07799041920594402, 0.1355551686821738, 0.059161421217802344, 0.23836383916469783], [0.12642240362773663, 0.4150606777502865, 0.12308760533171512, 0.07573982115256771, 0.06787725273736067, 0.19181223940033357], [0.08443299117817331, 0.36538246866090257, 0.08001066007576153, 0.13129462608486087, 0.09563891705254116, 0.24324033694776048], [0.09726556965977748, 0.36325502037261836, 0.0900387315261324, 0.07238199875879182, 0.13000053121803062, 0.24705814846464838], [0.07130418520208566, 0.3598321721022118, 0.055417626584613744, 0.1508179976601547, 0.11772187769603801, 0.2449061407548976], [0.06674701531622236, 0.2998209794147147, 0.07686054342021062, 0.15601120653680547, 0.07625956924297268, 0.32430068606907386], [0.08302050319948932, 0.3528912282761224, 0.11665297099429629, 0.1028821253602148, 0.08113120944663452, 0.26342196272324236], [0.04421048129529653, 0.30797989979770213, 0.08986770832283385, 0.10514189229166587, 0.14341457243647573, 0.3093854458560357], [0.09117243540619603, 0.4006699107960148, 0.07386085563338292, 0.10637820532657238, 0.13064217787614665, 0.19727641496165974], [0.0797711274387165, 0.3585819219940379, 0.0836255973296482, 0.1347589024425611, 0.09145494115601416, 0.2518075096390224], [0.08139899058111791, 0.32342038194809974, 0.10342430274681501, 0.09526937197463485, 0.09827464491767247, 0.2982123078316617]], [[0.08233881147042449, 0.32882199589983446, 0.08152130266490316, 0.09817592994089544, 0.12102559403355617, 0.2881163659903849], [0.066500324144258, 0.3155238035334655, 0.09359569504792281, 0.07862157333490633, 0.14259542348934628, 0.30316318045009627], [0.10197897874828751, 0.32178195019664646, 0.08048719269520975, 0.10855670897737515, 0.08616234956694706, 0.30103281981553554], [0.08963408822969732, 0.31526078254118856, 0.07403536065747206, 0.12187015524687005, 0.0925045110006957, 0.3066951023240782], [0.07434467349775012, 0.36748195372231535, 0.09686696431237107, 0.1051262779780161, 0.11602754950047488, 0.2401525809890728], [0.10112569557240361, 0.3701390875474063, 0.08832052896688733, 0.08416164142035042, 0.1169706813996294, 0.2392823650933237], [0.10570793355371526, 0.3864432828313456, 0.10445979087753451, 0.07672123183972501, 0.10510464293354617, 0.22156311796413422], [0.09021904333436337, 0.3922433694676888, 0.08294702897065652, 0.13957518149686204, 0.0840954700677297, 0.21091990666269986], [0.09141024170133709, 0.3410488910061173, 0.09645929110019177, 0.09953828568685574, 0.09488922247695011, 0.2766540680285494], [0.0825092640043104, 0.3733472372112914, 0.11245553659236779, 0.09079538400851253, 0.10491295162336192, 0.2359796265601536], [0.09478404087252372, 0.3492746221756901, 0.08601122323339017, 0.06842587866481471, 0.1379115489096671, 0.2635926861439149], [0.09101396358860037, 0.3334149677724163, 0.10866006228639322, 0.06731849106949309, 0.1128786012053301, 0.2867139140777678], [0.09527549274381299, 0.34249230761379074, 0.0910702620610274, 0.10119777886261339, 0.09522791142036283, 0.2747362472983926], [0.08281023844278404, 0.3533674646742606, 0.07326989268408804, 0.11747950539812717, 0.11656174790303962, 0.25651115089769977], [0.06614404063031099, 0.3454386144249803, 0.10658010824720689, 0.10231041505176258, 0.11134161966685231, 0.2681852019788891], [0.0975692221761539, 0.4026718626978971, 0.09402230459770138, 0.08475816929455825, 0.12289103584094503, 0.19808740539274483], [0.08924671871978093, 0.35772618737127493, 0.12710174112018374, 0.07667869800401814, 0.09044159976428388, 0.25880505502045265], [0.0695792999782949, 0.36783121886190834, 0.10289216653704664, 0.1183449167570834, 0.10090867889690565, 0.2404437189687693], [0.07149898609088459, 0.3330884949108062, 0.08563521258818572, 0.1272690568878555, 0.09974658484367793, 0.28276166467859015], [0.06842704902320368, 0.31229874484069853, 0.08106450945125014, 0.13229671476436122, 0.0976923869302802, 0.30822059499020554]]]]], "bagging_alg4_list": [[[[[0.08768164905629419, 0.3569112317315069, 0.16461920058202548, 0.06613454942949895, 0.05957711705797173, 0.265076252142703], [0.0841136425283027, 0.2923164589616874, 0.1115013258734464, 0.11170947272924162, 0.0598867327040149, 0.34047236720331553], [0.16316484963399716, 0.4734248805953436, 0.05989999592732909, 0.1842805632120828, 1.1823150663125846e-08, 0.11922969880810624], [0.017647039598527557, 0.2574982538794231, 0.06947196027110136, 0.1971545766125811, 0.08814622003261073, 0.37008194960580215], [0.03134506455552988, 0.4296594594486265, 0.12084102779184927, 0.08319158562261605, 0.1791985046540739, 0.1557643579273014], [0.07113433481222291, 0.2714231366113055, 0.06140552035983203, 0.03714919727205827, 0.2058219442698265, 0.353065866674741], [0.15333896133093752, 0.44265246296888155, 0.017859900401140993, 0.0979988694041496, 0.14242423622331765, 0.1457255696716333], [0.05804314111869684, 0.4406522997008466, 0.07432835473512805, 0.25868691720167375, 0.020606495661510415, 0.14768279158213976], [0.04275546158183022, 0.28194935569108326, 1.6542063993999252e-08, 0.1117444588378333, 0.23536090561120007, 0.3281898017359874], [0.1415171219119146, 0.3649419929676534, 0.06705897667223645, 0.1723054058746234, 2.590195729357436e-09, 0.25417649998337405], [0.06175965822140088, 0.18631534369639402, 0.13694995999910659, 0.06955301525393617, 0.07182221076517674, 0.4735998120639806], [0.061814532061480375, 0.22603816549932362, 0.12190787107209683, 0.10568237006514772, 0.06226897845387322, 0.4222880828481026], [0.027769925194556903, 0.3648944425009664, 0.12321128812643214, 0.08315730336607656, 0.16288520061114176, 0.23808184020081977], [0.0748254798577979, 0.23257505561847103, 0.18383996548154685, 0.08354216755883792, 8.293765954643763e-10, 0.42521733065397416], [0.13084819096833408, 0.40081772416395134, 0.062419359216688584, 0.09367829562463911, 0.11033024527525946, 0.201906184751127], [0.23210954215803253, 0.470222086