{"SAA_list": [[[0.12363102195699754, 0.17417193919535565, 0.23130918156486946, 0.16319163626817143, 0.23855597251078578, 0.06914024850381963], [0.15080594904263353, 0.09159472103695164, 0.049603820034087594, 0.1084645912132135, 0.1938650223336263, 0.40566589633948996], [0.2529107726662249, 0.11635294220568657, 0.017070411490594576, 0.12915942090621288, 0.333170997635249, 0.15133545509603652], [0.2219620907893253, 0.04557305865597011, 0.3224307889927369, 0.09691225318301598, 0.16526356884035365, 0.14785823953859686], [0.18279745810092626, 0.06609698281932706, 0.0219222968626038, 0.2586177790358399, 0.3798780662737517, 0.09068741690757007], [0.17291099110699165, 0.17798184099200526, 0.1775645395994921, 0.028509654636565886, 0.14998667802432789, 0.2930462956406213], [0.10572300207240591, 0.20517151640125414, 0.15286364526758325, 0.14303359312462932, 0.23357204708133997, 0.159636196052787], [0.15653429822435058, 0.16587667595674174, 0.22217772749590461, 0.11746142296317068, 0.216250674496602, 0.12169920086322993], [0.15083923893457382, 0.12021017279383381, 0.10873180912184996, 0.19081688554850834, 0.28864395167717327, 0.14075794192406052], [0.1682907678987068, 0.08250346097711178, 0.14225328034830306, 0.11584816397791062, 0.19407171370086537, 0.2970326130971026], [0.06400478105783419, 0.1706524740971838, 0.12505427779025544, 0.1875134697172948, 0.2292657721263342, 0.22350922521109975], [0.07337526703228181, 0.3848501582584646, 0.3099480816207536, 0.03460985008602083, 0.15496854774380242, 0.042248095258677267], [0.26891929329013164, 0.08436176393381858, 0.07566573895131734, 0.11181753752290818, 0.2986872116332814, 0.1605484546685286], [0.22541139893139944, 0.11926432124947084, 0.2620407471120895, 0.12137201525696233, 0.2501087744148473, 0.021802743035302823], [0.20886085852728387, 0.1835341861136029, 0.115445727479345, 0.009067171842378707, 0.1782751687224969, 0.3048168873149046], [0.3175458886878007, 0.020558524654817088, 0.14291798499822647, 0.05520844443037561, 0.23156935361055486, 0.2321998036182369], [0.15014229682062508, 0.08964506782647082, 0.46132831094507254, 0.06461400739680426, 0.059209854237548674, 0.17506046277356466], [0.23111896944339294, 0.05264227566427272, 0.4293955587217639, 0.058804067330445436, 0.11401550557644773, 0.11402362326378393], [0.14077505234912374, 0.15083063529920124, 0.20281385053400094, 0.06573626320952528, 0.13999871310561426, 0.29984548550253437], [0.06725312859183041, 0.1338426405317998, 0.10054323868267342, 0.09762309144439427, 0.11744967856346984, 0.48328822218583756]], [[0.08015780884254078, 0.11415950664290458, 0.2340530605759902, 0.19204940910308516, 0.1945155472540056, 0.18506466758147372], [0.2206350256475725, 0.050255503977853166, 0.15688953174840375, 0.19998193890520502, 0.3140271804663664, 0.05821081925459969], [0.1261388448154388, 0.14664444074032046, 0.24412384859512276, 0.19359688005406972, 0.25587180762645845, 0.03362417816858248], [0.10602628612239724, 0.1828900321555142, 0.24312683725189413, 0.0913383407824079, 0.14568584077622868, 0.23093266291155812], [0.21053358554080948, 0.22714185334367626, 0.23092226742224442, 0.022671311429472367, 0.19606261433337166, 0.11266836793043379], [0.06220947556589246, 0.03814327460780423, 0.1598481828778313, 0.30792927434115497, 0.2766530956037634, 0.15521669700353372], [0.21043312903689979, 0.14375937693260216, 0.180535866745122, 0.1565289616549351, 0.3055433405158543, 0.003199325114584672], [0.16517029526555171, 0.1373156027313446, 0.25287166935911726, 0.11773411706370408, 0.20192584893261228, 0.12498246664767004], [0.1042215143055631, 0.1093591650640636, 0.3245299633123703, 0.10464144673605252, 0.09964184401585549, 0.2576060665660958], [0.17320779437159436, 0.04460462494271816, 0.17120613124777365, 0.17796176137759065, 0.23920904421973124, 0.1938106438405652], [0.16623521460328253, 0.16869276029154834, 0.2170351095531143, 0.07631103645116342, 0.18279914345870715, 0.18892673564218512], [0.1052198495208858, 0.03642058435069869, 0.22734101917600102, 0.18226666739363773, 0.16399342476686837, 0.2847584547918929], [0.16549121694357963, 0.04333265088358984, 0.1971179445449214, 0.1581444160761196, 0.2041420658081499, 0.23177170574363992], [0.17722653145398073, 0.2808264031180715, 0.17231243795745224, 0.05821004565779787, 0.2467927459391394, 0.06463183587355739], [0.18330213188909367, 0.11367122447233356, 0.28120337370778187, 0.11965390874510994, 0.201616034093146, 0.10055332709253517], [0.21709652230321339, 0.10212312239159482, 0.19688752451838445, 0.14941846997201239, 0.2767025298051436, 0.05777183100965207], [0.09564682773056628, 0.25182494017700724, 0.17813993304455628, 0.10688018545648942, 0.20599196675849146, 0.16151614683289212], [0.17405157460684564, 0.06294158010457256, 0.24967648246721016, 0.1510790539106943, 0.20484059822757925, 0.15741071068309823], [0.06866549910711471, 0.21357661194703356, 0.3270546050431901, 0.07711551626845005, 0.09540325839151984, 0.2181845092426899], [0.1644758724815989, 0.038129186238099674, 0.24001617651634585, 0.13546075209838532, 0.16645066771649894, 0.25546734494907153]], [[0.15001124507460645, 0.14821234673287687, 0.2549583392033394, 0.1314856043069883, 0.20866082571703126, 0.10667163896516253], [0.13577107768176028, 0.1639241472092763, 0.21709217165004288, 0.1154741645760551, 0.19454068139230535, 0.173197757490558], [0.027968706441139038, 0.19470997153307992, 0.2044343110164163, 0.14863496513830235, 0.15026303796334783, 0.27398900790780356], [0.15777831850651441, 0.10766536701799806, 0.1818355209423919, 0.1490456013585903, 0.22700039202815414, 0.17667480014634526], [0.1589076025880524, 0.16714716563554555, 0.11986204917016373, 0.16473196563028522, 0.292199608285363, 0.0971516086905902], [0.21284218494134002, 0.1184221609358834, 0.08937223074602835, 0.10342863934597112, 0.25366891716909745, 0.22226586686167657], [0.13919641977190259, 0.11867470350501966, 0.16951077365698847, 0.13404344782541444, 0.20196538377820103, 0.23660927146247362], [0.15482108636067796, 0.16721674466644704, 0.20604706740545858, 0.10172876574505188, 0.20144806008676958, 0.16873827573559624], [0.21386543313363696, 0.1756759507749171, 0.22974084807065495, 0.05687031359346213, 0.207455061793797, 0.11639239263353057], [0.07799016559893182, 0.16911941874319789, 0.21155010768489094, 0.1534406232945559, 0.1862486897992888, 0.20165099487913435], [0.13369192055299, 0.17780637883351935, 0.22934894063810257, 0.0979747265515125, 0.17881292994186443, 0.18236510348201287], [0.05597197368907027, 0.14905429014094945, 0.2151230776508042, 0.1946747781730846, 0.19867233722107183, 0.18650354312501927], [0.1514631833772773, 0.11340907388652367, 0.11902464882828949, 0.16581697673930063, 0.2557361343458475, 0.1945499828227608], [0.10054842192184574, 0.09409568376927283, 0.07301808734343414, 0.19591282879329405, 0.23948455485681377, 0.2969404233153394], [0.168006863247211, 0.04871989627600633, 0.2931556009460593, 0.12620803712262382, 0.1547366747699099, 0.209172927638189], [0.19002343150635695, 0.1501026678487445, 0.25915645994188297, 0.07875816412458561, 0.18843197282149393, 0.13352730375693364], [0.08372265654866996, 0.21368401556434835, 0.21607120113277403, 0.059288213797812794, 0.11282318596764368, 0.31441072698874706], [0.18016560358158362, 0.19089987740628372, 0.25639250310528466, 0.10702603677354854, 0.23424921832506382, 0.03126676080823592], [0.18352408666367215, 0.09849847668492981, 0.28192288100915297, 0.11435910886595028, 0.1871466864803062, 0.13454876029599014], [0.08499911225887995, 0.1981881942717019, 0.2516411171971878, 0.15439106895197907, 0.20229851176273766, 0.10848199555751363]], [[0.10732240668916011, 0.15560982752773347, 0.21792562010351593, 0.12230594830288632, 0.1704499851221782, 0.22638621225452893], [0.09543699450699533, 0.13246726048222424, 0.282767029167237, 0.14696867878596348, 0.1597824075321601, 0.182577629525423], [0.08678809335897367, 0.15448948976691368, 0.2582860278719931, 0.1203828747687912, 0.140150074061611, 0.23990344017171725], [0.1650377449841259, 0.08218348644243732, 0.21397692724244108, 0.13293862272332546, 0.19485838604701378, 0.21100483256063932], [0.11429319059411833, 0.11274855717768452, 0.2447757811091091, 0.12422944365838907, 0.14895955664757082, 0.25499347081313717], [0.07069366997959224, 0.11763671898345407, 0.20238633153826557, 0.16680198789237166, 0.16642123996028135, 0.27606005164603453], [0.10063537029304485, 0.20552572273243808, 0.21514328453185638, 0.10405722588642205, 0.1733657875190533, 0.2012726090371853], [0.1580191160965099, 0.1269043000124316, 0.23120359958671965, 0.105530404049998, 0.18029874588453199, 0.19804383436980913], [0.11525640089009621, 0.15447785964338157, 0.2496693765622428, 0.13495046610332734, 0.18459369302361578, 0.16105220377733834], [0.10573956060992044, 0.14012168412113152, 0.25299291087029113, 0.1500187120724249, 0.18330789436985154, 0.1678192379563797], [0.09336369827863096, 0.13401345038321077, 0.17516342654018, 0.13896371340054905, 0.17207674723418506, 0.2864189641632447], [0.13604981219050477, 0.14202249051844676, 0.16801683667795475, 0.12177501669988297, 0.19924981654882573, 0.23288602736438332], [0.12177583072662462, 0.18836684058629607, 0.2651574584329017, 0.09916278487136691, 0.1676487223604754, 0.15788836302233408], [0.11826740856353476, 0.10051308596831718, 0.1538772703185608, 0.17133773794575755, 0.21612595752451721, 0.23987853967931397], [0.14616820028758098, 0.089225848712767, 0.18898857061924723, 0.1735769652004303, 0.23101878784384478, 0.17102162733612494], [0.1760191458734082, 0.19840168502300795, 0.24035524122004684, 0.04070617006628474, 0.16510161025784337, 0.17941614755940793], [0.1350021184501627, 0.14163068920543928, 0.19462709798895234, 0.14895542169602347, 0.22243213814969137, 0.15735253450973033], [0.15025948763481412, 0.08877957779444365, 0.2996662539349896, 0.04937704297217858, 0.07535047417657524, 0.33656716348694304], [0.1297233359499611, 0.17465668773003715, 0.2375449246463565, 0.09921318770192263, 0.17296065440713546, 0.18590120956458744], [0.13202357089146355, 0.17937790299272927, 0.1638149431083979, 0.12005145740626108, 0.21589636606688348, 0.1888357595342652]], [[0.08884331854064827, 0.12238871540692749, 0.25941825304311394, 0.13092280135750448, 0.13499286590433252, 0.2634340457474773], [0.1085223207343874, 0.16934004674200517, 0.25856140396903965, 0.12941215639396636, 0.17890267711341915, 0.15526139504718245], [0.1486128768138397, 0.14720448721234008, 0.22108030980414087, 0.10282893551200442, 0.18225691138946534, 0.1980164792682021], [0.1350416689736828, 0.16433743276334628, 0.28123136602693427, 0.0676321906921991, 0.12832734245706262, 0.2234299990867561], [0.13732088577850401, 0.16427646690592912, 0.23270356652663104, 0.079473245851023, 0.15342520159057557, 0.23280063334733833], [0.1057673565753047, 0.14997568563005292, 0.22283450728505344, 0.1422329665787246, 0.18664336152995029, 0.19254612240091334], [0.11936177719328911, 0.12696949307862457, 0.2586001961624337, 0.10312491534422476, 0.13583883597343008, 0.25610478224799865], [0.0587493729180191, 0.19102327841473715, 0.2685728447899541, 0.10869223510060416, 0.11989549951989507, 0.25306676925678906], [0.14869651237761397, 0.16025822026344158, 0.23223706632066127, 0.06527435371016709, 0.146269990401068, 0.247263856927062], [0.0568457191529725, 0.15326097103395137, 0.250594434620901, 0.1469306885678272, 0.1421462300391714, 0.2502219565851799], [0.165457306836718, 0.04428287112095572, 0.30108818157791867, 0.11095939443783799, 0.13141327810011136, 0.24679896792645487], [0.11635619668304704, 0.15665259094649783, 0.23712471464256474, 0.10875479234273405, 0.16067116989299585, 0.2204405354921622], [0.113480254333001, 0.13054977438026708, 0.24315132812347057, 0.1422168499614156, 0.1785169349977477, 0.19208485820409774], [0.13586070906235778, 0.11105401215578152, 0.2630705111474688, 0.11437765999772742, 0.15360222631543366, 0.22203488132122898], [0.17951095269254663, 0.0037071988988800664, 0.2456101101760772, 0.1531972760288043, 0.17911012442548793, 0.23886433777820912], [0.10574355541106907, 0.1664219590076676, 0.2649848912447586, 0.11574639413050573, 0.15828643232622439, 0.18881676787977517], [0.12585785004646147, 0.18543455332776265, 0.24909620762515858, 0.09832589576409642, 0.17217520807452624, 0.16911028516199453], [0.05118056475130996, 0.13748157011323373, 0.31134187467303387, 0.15430080871582996, 0.12337549702583153, 0.22231968472076177], [0.1209892973469479, 0.13471097591031753, 0.17753526708729808, 0.1427284734041931, 0.20200674555995188, 0.22202924069129168], [0.10706990165368542, 0.16865552363004868, 0.23334355764116407, 0.11954882557990582, 0.1715011664149398, 0.19988102508025693]]], "bagging_alg3_list": [[[[[0.10908337672503288, 0.16130816792264566, 0.31485714720080643, 0.1035687503246591, 0.13483515367479312, 0.17634740415205957], [0.1374514077505502, 0.12382198389631982, 0.3377456933043043, 0.06072948759872801, 0.08810792281109298, 0.2521435046389991], [0.09567355731547524, 0.17961590971867344, 0.27661612638419475, 0.07072440830614074, 0.10456496103882536, 0.2728050372366669], [0.09043710948025778, 0.19652061964337836, 0.2950449498529658, 0.09791176282866931, 0.1354451954586009, 0.18464036273612786], [0.14772970573448294, 0.14670466486132577, 0.17121282314846448, 0.13386146329459428, 0.2255029248284105, 0.1749884181327149], [0.07211657300807642, 0.15048568798966536, 0.30488752276085773, 0.09642385184034462, 0.08819022874168525, 0.2878961356593722], [0.0741762055770499, 0.20847269984512767, 0.31187501656198935, 0.0929339894004237, 0.11814041180323173, 0.1944016768121775], [0.11424973724811803, 0.14155253568941467, 0.22223835224708333, 0.13400291497125555, 0.1808336404486733, 0.20712281939546276], [0.09388982750704362, 0.17079841387170003, 0.38305423969376284, 0.08002834600140145, 0.0861494871860431, 0.18607968574003914], [0.10279626435583895, 0.06868069652275102, 0.3987129047648425, 0.10684741807748302, 0.062108213751249676, 0.2608545025181526], [0.11919497808413353, 0.10393347514697611, 0.28918848316891504, 0.13662798323891737, 0.15297376888214992, 0.19808131147891173], [0.10172112085987661, 0.21119021226654858, 0.14484386330829185, 0.13236206432704234, 0.2232033689330648, 0.18667937030518025], [0.15814014101421836, 0.09423584106753848, 0.32333009304018306, 0.06419799307782413, 0.09728107766553765, 0.2628148541347076], [0.10097846008936492, 0.17320630448858065, 0.3278268033792634, 0.09850796893370949, 0.12584359919154933, 0.17363686391753202], [0.16316973509742935, 0.07593115744079183, 0.19556572916035758, 0.13009350195411137, 0.1901813891520557, 0.24505848719526366], [0.11543589784743258, 0.16107100254999723, 0.38997789494268326, 0.04245962666758384, 0.05804547138808779, 0.23301010660428859], [0.13066378149361815, 0.14510142665364614, 0.29311448038587873, 0.09966067257648417, 0.1459281484158778, 0.18553149047450015], [0.14494008509920758, 0.18458010840556227, 0.2465252924488487, 0.0386075662569164, 0.12447390029735995, 0.2608730474921097], [0.07999037322369394, 0.1245480526167761, 0.35809608424445233, 0.10614611808287198, 0.08040707097326384, 0.2508123008589904], [0.11550841653193906, 0.219718876673459, 0.2017930557107456, 0.03015923623741325, 0.1169987766262821, 0.3158216382201598]], [[0.08460210056913793, 0.14340909893797446, 0.3602458011064854, 0.08822390258524156, 0.07542173506177119, 0.248097361739386], [0.15198189171437188, 0.16452654808617123, 0.27149084776612226, 0.061764578234359074, 0.13986374596091078, 0.21037238823810508], [0.16309702631392087, 0.17146470261714566, 0.2877161602118305, 0.07648496835123365, 0.16709574006050948, 0.13414140244536052], [0.14241697893608543, 0.1818445532890237, 0.1844048544871827, 0.06510252986878712, 0.16243578050033144, 0.26379530291858944], [0.18089840183611028, 0.15136708645253444, 0.19242699352892442, 0.12410858694082395, 0.24417185914005662, 0.10702707210155032], [0.09351212898537486, 0.1865174945385703, 0.28575655758167523, 0.09587583110838135, 0.13225723768192865, 0.20608075010406862], [0.11071555759441294, 0.12884929251871172, 0.47111615309178634, 0.07881566437716364, 0.0583721463516829, 0.1521311860662572], [0.14849537278748567, 0.11275339026063996, 0.360091329432527, 0.09186534096862181, 0.12171202247952624, 0.16508254407120918], [0.17590441722703856, 0.1123848429893, 0.17717069838657934, 0.11547885511229126, 0.21076920634707536, 0.20829197993771567], [0.13899639336976527, 0.14829984670901086, 0.28455164300697466, 0.1149973148628614, 0.17418464783418722, 0.13897015421720027], [0.13308996580432403, 0.08569400006343689, 0.26417338294534587, 0.11424957170217452, 0.13607831238096352, 0.26671476710379427], [0.14522350485835886, 0.1219856798725337, 0.23588133783545026, 0.07619286047099028, 0.13228914453966206, 0.2884274724230042], [0.09912478161751573, 0.2375602368505945, 0.11958340322726398, 0.07160022683118679, 0.17434630355194547, 0.29778504792150595], [0.1034013368551732, 0.21634414409996197, 0.25598398797418903, 0.07353631104923601, 0.14022792123477285, 0.21050629878666374], [0.0658640734658287, 0.19602166016362454, 0.14785451113513312, 0.14339822731646445, 0.19240839262096968, 0.25445313529797936], [0.18612786519841668, 0.08898719255229566, 0.2547259235573059, 0.06294444658966684, 0.13322907677218657, 0.27398549533012884], [0.11242699601942009, 0.17612860149821302, 0.1437890232903549, 0.10250063326394986, 0.1805086419952317, 0.2846461039328378], [0.0830395136034445, 0.20837852546322203, 0.31761937342683055, 0.06157630136232265, 0.09075271278975162, 0.23863357335443058], [0.12386218834099744, 0.1516234004313444, 0.2099992812556849, 0.09980467888246385, 0.16056385184824412, 0.2541465992412652], [0.157686952324614, 0.1566090771601968, 0.18006371048647093, 0.08878343424263199, 0.1891658826188423, 0.22769094316724287]], [[0.11985091996164725, 0.1497102614986642, 0.37989021838462, 0.04908068038508628, 0.06500998774636174, 0.23645793202362736], [0.07895434819832552, 0.11155192791358527, 0.2926992011608752, 0.1277894402038083, 0.10921444576835443, 0.27979063675505195], [0.10741472705561962, 0.22034230172394842, 0.2882126676277919, 0.08640013335258974, 0.15378524432047425, 0.14384492591957507], [0.08207197557883912, 0.23487835090236994, 0.232849015803423, 0.08168285954960484, 0.14459929457651716, 0.2239185035892366], [0.14088767635885857, 0.10912565754785715, 0.3345192946588128, 0.11533214840746038, 0.14354931551453967, 0.1565859075124761], [0.1729990118541071, 0.15309698548664116, 0.3029269734153671, 0.08952855288710741, 0.17702818449606508, 0.10442029186070752], [0.06446581326582966, 0.20047471231472494, 0.37558550889563574, 0.09557765578671158, 0.09424450407904046, 0.16965180565805757], [0.13231714860455052, 0.19019761651762332, 0.18218450601770692, 0.0733573595484197, 0.16729681587471562, 0.2546465534369834], [0.06582069126923548, 0.17498234042722371, 0.2130970264836119, 0.0734898438699493, 0.09004767793928521, 0.382562420010696], [0.13283753741149076, 0.16664610884517447, 0.2316010982640415, 0.12229081616590906, 0.1978592658843412, 0.1487651734290509], [0.11382417719851072, 0.1968250136987585, 0.18622276463257337, 0.10242036939697172, 0.18487944759963035, 0.21582822747355385], [0.1587124991819623, 0.11401479272568657, 0.2373333670264537, 0.0667231166441339, 0.1296458717194955, 0.2935703527022685], [0.16448296271047416, 0.10863691593004234, 0.28773378228606505, 0.06607297459350055, 0.12087754961821107, 0.25219581486170994], [0.12592775081994617, 0.11068180951681962, 0.3501685046201559, 0.08760339332655967, 0.09673935335630755, 0.22887918836021112], [0.13862044199342666, 0.17186977585842708, 0.19820479759325796, 0.09450918554652642, 0.18262327777727472, 0.21417252123108846], [0.12248390964387797, 0.15363396103619487, 0.2092507151290781, 0.13955377481096803, 0.20425633541346142, 0.17082130396641662], [0.16874380771251968, 0.16263757653683053, 0.15740904197229014, 0.07427625350632026, 0.19170790733561593, 0.24522541293642156], [0.14728098549497956, 0.17605302871816386, 0.3425407894619777, 0.05199152264020787, 0.11671729759954247, 0.16541637608512264], [0.1484608281286059, 0.16308050449313594, 0.22767649083227087, 0.10267979176151665, 0.1897083140768012, 0.168394070707669], [0.16462389040816794, 0.23753924525705675, 0.2129774814069954, 0.025118151653857463, 0.1654033564701456, 0.194337874803778]], [[0.09551174927589723, 0.15703825019023435, 0.2645836991449771, 0.10187023617606102, 0.1281489227803078, 0.2528471424325401], [0.13761292748672813, 0.15657575969463383, 0.2141424581590096, 0.0760712871839177, 0.14723058238474326, 0.26836698508989715], [0.08982569078428752, 0.16971697693565047, 0.2705304196523947, 0.08230995672512663, 0.10738526308582873, 0.28023169281671306], [0.14261053332472362, 0.1698866171866369, 0.23905826351763082, 0.10106824596818814, 0.18402212540895008, 0.16335421459385918], [0.09692431197307984, 0.16899035241105204, 0.28802941399683984, 0.07617275983874107, 0.10327374983405513, 0.2666094119462325], [0.13053085698659622, 0.1428626284076373, 0.19461394500347673, 0.12852194989772792, 0.19650148153974947, 0.2069691381648132], [0.11064628984604596, 0.16168412995769985, 0.3123280213550211, 0.06509924581899845, 0.0947663910800608, 0.25547592194217417], [0.13357743617225304, 0.16116317615913364, 0.26361006436220424, 0.09995293231505395, 0.16427272761618567, 0.17742366337515697], [0.10407883007410762, 0.1887595621188233, 0.21990052708836139, 0.09222159008273714, 0.15298177881329963, 0.24205771182265381], [0.10749293085298232, 0.12879628779337154, 0.29396468612256815, 0.11110299405370404, 0.12725654194362915, 0.23138655923374565], [0.10503268424949579, 0.23537660268061072, 0.24361159746524116, 0.06561658789521449, 0.14652794238766328, 0.20383458532177448], [0.10084407778949676, 0.1851868028276493, 0.2032187514394891, 0.1165023332683076, 0.17801213887829553, 0.21623589579676147], [0.14347589114211917, 0.13483903886278412, 0.19794713982367354, 0.10607107313992828, 0.17866785834997198, 0.23899899868152308], [0.12105907671271883, 0.194640794736945, 0.23906032391785675, 0.08065676395236761, 0.1556162198566217, 0.2089668208234945], [0.09132223868324796, 0.213697405990723, 0.20519203100420272, 0.08438137347308272, 0.14976117862293517, 0.2556457722258158], [0.13438884403355497, 0.15453092217779923, 0.2810713051025268, 0.06653615761843698, 0.12091398806989885, 0.24255878299778263], [0.11397988137229291, 0.17234970766060062, 0.26983477513557463, 0.07914102473628687, 0.1281868888034632, 0.23650772229178127], [0.11191552067836429, 0.147158372777904, 0.23331382505680148, 0.09187823222563278, 0.13330056769409349, 0.2824334815672113], [0.11353477154173795, 0.1733730071995285, 0.14866093564911262, 0.10705085095154782, 0.18396137502116205, 0.27341905963691193], [0.0745356877684884, 0.1674128441213064, 0.30362521710730545, 0.11489352660916084, 0.12072908557142545, 0.218803638822314]], [[0.12775171810589692, 0.13118734906727406, 0.22771243212178835, 0.08282309433980228, 0.13017013470473626, 0.30035527166050346], [0.11701401788170548, 0.144161644398773, 0.2936528423199285, 0.08950490897311532, 0.12133111693905889, 0.23433546948741896], [0.1039966569367212, 0.15857651341701076, 0.2674321064757732, 0.08955867364323968, 0.12286735611841959, 0.25756869340883554], [0.1249418885686947, 0.17976175340538555, 0.2081489326450521, 0.07412793220434218, 0.14989882338322139, 0.2631206697933157], [0.14036482333718395, 0.16972890200259202, 0.24780683695957267, 0.08681387135468582, 0.1643648944656787, 0.19092067188028528], [0.12430428467384422, 0.14308932191293852, 0.20142209922482318, 0.1086877854455467, 0.16760389415132076, 0.2548926145915216], [0.1192217048366461, 0.15280298496455988, 0.2370750049265612, 0.11276862652567207, 0.16556599791025678, 0.21256568083630517], [0.0736237865528174, 0.21555113897201555, 0.21992646178282424, 0.09338873487175038, 0.1411094683647301, 0.2564004094558602], [0.1354111363871951, 0.16568967137032306, 0.1721967115975348, 0.11052387826188585, 0.19901728868209795, 0.2171613137009635], [0.10961669518414109, 0.16436037056311614, 0.2794077989592052, 0.09242475168469715, 0.13213788038154767, 0.22205250322729278], [0.08747194867728932, 0.18565390968974396, 0.2747266117225307, 0.0837201634257217, 0.11501627526639258, 0.2534110912183218], [0.11474642923220041, 0.195106928258595, 0.24944146002672632, 0.08454389368606173, 0.15210451599491465, 0.20405677280151407], [0.13193393844094994, 0.16581680386820022, 0.2807342920805332, 0.07620331635673605, 0.13578528300278828, 0.2095263662507967], [0.1321442611495323, 0.15998560010920027, 0.2731882623691923, 0.11426398588905161, 0.17600740433546744, 0.14441048614755775], [0.11855871722325179, 0.12287021903888252, 0.27459509042106794, 0.09982056328780711, 0.12581043658379015, 0.2583449734452022], [0.0964944882954678, 0.16911109522559656, 0.25152935237441476, 0.11076176968373995, 0.14845757047868743, 0.22364572394208823], [0.07728993568642697, 0.16485340252163977, 0.30645530399464477, 0.10481183218461901, 0.1101799587007575, 0.23640956691191534], [0.09086459785896064, 0.15291757338796638, 0.28747788627688586, 0.06745648310993758, 0.07890481380038318, 0.32237864556588397], [0.09465592455540293, 0.13936058436310642, 0.25173479424515327, 0.1054355328294648, 0.12375926039018643, 0.28505390361668287], [0.10485169596782079, 0.15404797066065234, 0.300990772378349, 0.11221116357289039, 0.13905201050409602, 0.18884638691619166]]], [[[0.08945993136518976, 0.12571642774365782, 0.2327772856661444, 0.14306251495862193, 0.156302607674958, 0.2526812325914269], [0.13239344580983517, 0.17641020688832468, 0.2347750775925069, 0.07091332813846107, 0.145943781460152, 0.23956416011070125], [0.08940565245863366, 0.18784072364942173, 0.28335579312395803, 0.06944787226096473, 0.10062549951692971, 0.2693244589907807], [0.11638215315101308, 0.1391850121895457, 0.282245982900335, 0.1164534909679753, 0.14983974787996032, 0.19589361291117058], [0.13049286958831807, 0.18189147734968913, 0.26773033809564545, 0.0716415813547573, 0.1413283537018576, 0.20691537990973424], [0.11161932826152146, 0.15826976670084467, 0.22815789693194846, 0.12682398788948085, 0.17886127708989688, 0.19626774312630826], [0.10251212442722694, 0.1401882211101554, 0.27813510051148427, 0.11160088259893791, 0.13293571766386353, 0.23462795368832834], [0.09736504293701922, 0.15472200847741535, 0.19496143448637185, 0.1383069751337868, 0.1829192111184502, 0.23172532784695613], [0.13716934508966086, 0.14536853277684425, 0.305392104822221, 0.05479571850007529, 0.1003530422731586, 0.25692125653806913], [0.030780430418707542, 0.15321948365971916, 0.3350708421024182, 0.11716277483514308, 0.06760985690980317, 0.29615661207420635], [0.09207866733043478, 0.18105261892277613, 0.3784151968604658, 0.09894844105944119, 0.11208378062906743, 0.13742129519781432], [0.08635083258813915, 0.129708435982058, 0.2841063120613881, 0.1095015587712621, 0.10824251920771027, 0.2820903413894395], [0.1000340279848369, 0.17006938728416987, 0.2333405690658968, 0.10587414563986955, 0.15069660628347997, 0.23998526374174328], [0.10501455940389548, 0.22324569706440167, 0.3121869946319952, 0.058030688692316174, 0.11709812967381383, 0.1844239305335745], [0.15107193566987448, 0.12421438504844422, 0.20561275593202086, 0.07317296581691056, 0.14195888245527563, 0.3039690750774749], [0.09887726283968389, 0.19388625151538544, 0.3551821403668582, 0.045644418716721306, 0.07203366037944862, 0.2343762661818269], [0.1332874571774358, 0.14513382615899711, 0.31977990475365325, 0.07713866268351384, 0.11817041607227802, 0.20648973315412258], [0.10957343399296207, 0.2083387781692013, 0.2976373411913017, 0.07251008634549824, 0.13171419575564933, 0.18022616454539142], [0.1277960265700758, 0.14586702630571255, 0.2225638855913979, 0.11243226630248969, 0.1722333447966076, 0.21910745043371535], [0.09184025597866673, 0.15792488978225885, 0.29645889999561814, 0.06200304962374341, 0.074853435286786, 0.3169194693328541]], [[0.17293673233038753, 0.13309006339944654, 0.2638122211266449, 0.08733027509860837, 0.17111721349740552, 0.17171349454750715], [0.1153675061611453, 0.13079682806675258, 0.22952603409062639, 0.10732335589337356, 0.14489080825496084, 0.27209546753314134], [0.11543946769061506, 0.19100801105824156, 0.20789423994344375, 0.1254145015833274, 0.203858331527438, 0.15638544819693537], [0.12407798246047938, 0.13189741448998157, 0.2228003783658095, 0.09600936595078498, 0.14263571659031427, 0.2825791421426301], [0.06738490527092315, 0.10503007868306916, 0.2539610299584799, 0.14431984916461976, 0.12076654971014603, 0.30853758721276053], [0.1498606247775238, 0.1537096485652179, 0.213280549867568, 0.09487774843223261, 0.18002940885499402, 0.20824201950246413], [0.141903659318165, 0.15021774383295822, 0.23399838642167844, 0.11115827737878357, 0.1841950042312652, 0.17852692881714605], [0.09264861675955932, 0.14891964307655112, 0.28568296280720895, 0.09822487696784697, 0.11245768821705399, 0.26206621217177006], [0.10366742083470343, 0.1580431400681066, 0.36018980294280284, 0.09854470086754927, 0.11303691037178551, 0.16651802491505244], [0.08288651986109735, 0.17473015764572922, 0.36522121057951823, 0.07458376964300141, 0.07578609899088354, 0.22679224327984182], [0.1306836354445657, 0.16735144518848505, 0.2453333915044075, 0.0959315047830598, 0.16445730937719552, 0.19624271370228538], [0.09129714713156295, 0.19439366673136355, 0.2872848247621603, 0.10526298467892452, 0.14470408836695955, 0.17705728832904383], [0.10143144041201978, 0.17552636101882366, 0.2842397866203838, 0.12604439077073998, 0.16682648428420133, 0.14593153689383226], [0.0944634821622733, 0.17748922595158748, 0.3069731483929014, 0.09132209042243433, 0.1185950493846232, 0.2111570036861752], [0.1523655062549048, 0.12270514011408266, 0.2190389952514158, 0.08348168386794826, 0.15086809616607752, 0.27154057834557843], [0.1037058106994466, 0.1483969729547028, 0.23676063432551314, 0.09683449020601434, 0.1310566384970425, 0.28324545331720813], [0.09256677654093734, 0.18857071180264817, 0.24916478827563932, 0.12965749648113303, 0.17719939946715668, 0.16284082743248574], [0.1132053547785291, 0.16894713894534455, 0.2963449961969755, 0.07798824972431413, 0.11878529477328298, 0.22472896558149216], [0.1584533732036434, 0.14875382845093102, 0.24928381607093777, 0.09003898231655254, 0.1725080154010165, 0.1809619845569196], [0.1066284053423664, 0.14484655841099417, 0.2041354233780398, 0.11781886827201471, 0.1615277911731805, 0.265042953423405]], [[0.10197895854154736, 0.13068963952441187, 0.31479456327939037, 0.07866951301075599, 0.08325400670893791, 0.2906133189349394], [0.13469519737028157, 0.1684802264086809, 0.21664425953682098, 0.11580853818732904, 0.196608193199581, 0.1677635852973076], [0.12275041717973212, 0.1538162244242221, 0.3011144599108254, 0.09521992344820163, 0.13699235525566208, 0.19010661978135662], [0.0980563832978293, 0.15013939982004015, 0.20619043196709935, 0.1357310419270982, 0.17579449908180259, 0.23408824390611585], [0.10686260500167533, 0.1450027121601665, 0.274349617608938, 0.10839302167971711, 0.13702996669118858, 0.22836207685831844], [0.11174819200886847, 0.17631798829410664, 0.13842504087164328, 0.12666253565120447, 0.2076325655614591, 0.23921367761138035], [0.17022395815077881, 0.1573240478860122, 0.23122163011419158, 0.05427246282648915, 0.15287367154985088, 0.23408422947267804], [0.09444142137170805, 0.1250166380112241, 0.29863258776890705, 0.08496974388476332, 0.0831839632574416, 0.3137556457059538], [0.12280680071266686, 0.11306652460470155, 0.2688365434513885, 0.12287402850482934, 0.15067712550453943, 0.22173897722187869], [0.14124239397518973, 0.12434624597196145, 0.2827660756951321, 0.08066011304129002, 0.12517447883506586, 0.2458106924813622], [0.12584345651188794, 0.1744798361188329, 0.18189244969319832, 0.11523808969036153, 0.1982851856598032, 0.2042609823259163], [0.06650680458116194, 0.24177723613843205, 0.2970745748528487, 0.06216984886695531, 0.09932017104465601, 0.23315136451594226], [0.11209436203411517, 0.12329877618019511, 0.2314824649174921, 0.12467130626004978, 0.15617823302952852, 0.25227485757861634], [0.12005419027033004, 0.18866929223081386, 0.15434403799893964, 0.10169655924033377, 0.1917987038779571, 0.24343721638162621], [0.10420885598615695, 0.10186733447303672, 0.3172369841507121, 0.11921370055954736, 0.11284106016827702, 0.24463206466226933], [0.12008390826660867, 0.1581918860074679, 0.3394161703103686, 0.08831406356326416, 0.1215361160481916, 0.17245785580413367], [0.12573436536918792, 0.1458574559404114, 0.22769002152040638, 0.11614672825356968, 0.17332277090919476, 0.21124865800722975], [0.11732349116429573, 0.1303031647253543, 0.3969120116040025, 0.07012165507475393, 0.07111583605366818, 0.2142238413779792], [0.1004163402823336, 0.14407998824616972, 0.27372226960227636, 0.09058809640236277, 0.11102657160235613, 0.28016673386450147], [0.12009093271613881, 0.15383546037030119, 0.30016285902298223, 0.08845470329794515, 0.12727424834572926, 0.21018179624690286]], [[0.11423512910895352, 0.12496968061696352, 0.24405625673257564, 0.10916524163473043, 0.1395178240783729, 0.26805586782840424], [0.143184249567371, 0.14364977222424713, 0.17537859997565003, 0.12315867713419733, 0.2068733037502057, 0.20775539734833207], [0.09894138110992173, 0.1700174241317435, 0.17422136890055298, 0.09097028820826884, 0.1454337616277347, 0.32041577602177806], [0.11647320359914679, 0.15424845655189878, 0.20303437401181104, 0.078032316721847, 0.13265910589786364, 0.31555254321743287], [0.09089545121155929, 0.13829193215300248, 0.22432390138397493, 0.109726575825202, 0.12997869781418844, 0.306783441612073], [0.11965904040435861, 0.12020073395397164, 0.3359909080467588, 0.08940836954888101, 0.10123279089349069, 0.2335081571525354], [0.12068229870654112, 0.1342562840238427, 0.2507611668113873, 0.1217494365123758, 0.16333708470276154, 0.2092137292430769], [0.1423315438424292, 0.14879435698046037, 0.2516523175953915, 0.0706826471366563, 0.13567188086800544, 0.2508672535770562], [0.12379541340318771, 0.1739634731045429, 0.23821484532457762, 0.09214510675677237, 0.15910498040773555, 0.2127761810031896], [0.12077614096440324, 0.1343040795083708, 0.24858012206407668, 0.11254660567073833, 0.1537894537202046, 0.23000359807220833], [0.09893760754098069, 0.16193350056150904, 0.2967832646420323, 0.11182633687280615, 0.13848194111807458, 0.1920373492645971], [0.1043929536358518, 0.1484510118599556, 0.2533790030673974, 0.10367056271897938, 0.13582296897765525, 0.25428349974016373], [0.10533274945189575, 0.14204461791759448, 0.29944957927653765, 0.06874526513177012, 0.08516891295422277, 0.2992588752680153], [0.13413093490333733, 0.133507632864965, 0.2907214934514046, 0.08629959074475069, 0.12833142852960291, 0.22700891950594834], [0.1567799420279254, 0.1066521090050597, 0.19939017998957279, 0.09369146869848284, 0.16104885926414017, 0.282437441014819], [0.11572176500315645, 0.18619095342943284, 0.203768436229243, 0.10676672405564933, 0.1817164172779333, 0.20583570400458662], [0.1178475784090017, 0.1539785347240128, 0.2916605220687845, 0.0758901105397047, 0.1131988141201704, 0.24742444013832512], [0.08927968572338575, 0.15196924122377836, 0.33420770149580603, 0.10163391384619538, 0.10481190058428037, 0.21809755712653667], [0.11597944935168018, 0.1730848396358638, 0.3071687874626086, 0.07788721333640476, 0.12142133219652687, 0.20445837801693445], [0.12140512262517364, 0.17567842146385587, 0.24809484973161222, 0.10028796745782809, 0.1647641598613592, 0.18976947886017076]], [[0.11488366657478624, 0.1534995825551645, 0.26799460569636335, 0.11103783572751036, 0.15363692626980058, 0.19894738317637245], [0.09776457560757026, 0.15912782304585513, 0.260948766529078, 0.0903103575638494, 0.11950556609730831, 0.2723429111563464], [0.09829271775545424, 0.16574235139585172, 0.22356270474183235, 0.10747762080374508, 0.15035501777439572, 0.2545695875287214], [0.12177432437269456, 0.15685879030252495, 0.20938199434378799, 0.10449786717728189, 0.16689752890473603, 0.24058949489897688], [0.10915942890420482, 0.17995418813078753, 0.2130418507999315, 0.09370485190168748, 0.15572720394205938, 0.24841247632133107], [0.11215143579608183, 0.17094751215450518, 0.21022481533884954, 0.09950109615780235, 0.16030759217743998, 0.24686754837532127], [0.1331504411005796, 0.15288804862323546, 0.27021811303239496, 0.08435634174592918, 0.14062447032001668, 0.21876258517784397], [0.08160736579637148, 0.16975216250777642, 0.310716668612298, 0.11285363773122827, 0.12499650762252211, 0.20007365772980412], [0.10360301034550667, 0.12573383341271088, 0.2688693610214239, 0.11419089558933815, 0.13041144653714837, 0.25719145309387226], [0.1441399198599732, 0.1599290370576408, 0.2342436074967735, 0.07489722307243947, 0.15197257606844988, 0.23481763644472348], [0.09981892454211304, 0.17855264712233043, 0.188830293006834, 0.12157309788867925, 0.18177547686212506, 0.22944956057791713], [0.11656623424359831, 0.1833920218919354, 0.24916733802667174, 0.10296762519561176, 0.16738322838135736, 0.18052355226082528], [0.12177857501445, 0.15171000547210028, 0.27791424323946684, 0.07451986294701891, 0.1169024561813529, 0.25717485714560334], [0.11187803818266019, 0.13676013612134966, 0.27231252410113166, 0.10555013444398367, 0.134291795054252, 0.23920737209662588], [0.11830099306144759, 0.1906936045556821, 0.23523965154640367, 0.09603405879796276, 0.1684485067360765, 0.19128318530242883], [0.11239617197573201, 0.17028748146721495, 0.25069299363556274, 0.09040778131561042, 0.1418381342640408, 0.23437743734183927], [0.11425290196549533, 0.16097962322599965, 0.24710919235238157, 0.08420598432769977, 0.13215667085043403, 0.2612956272779891], [0.13134749597094622, 0.1320399246138359, 0.28921765045042214, 0.10144855808459659, 0.14183587054109426, 0.20411050033910597], [0.11331918985792973, 0.15261744792839496, 0.20993336588716818, 0.09192249117969332, 0.14261020090889534, 0.2895973042379187], [0.1284678283165656, 0.14952970988810305, 0.2866264754890771, 0.0897900218784995, 0.13690295917610837, 0.20868300525164374]]], [[[0.14519791610537752, 0.150158475124411, 0.23716668530959364, 0.11098856626219669, 0.18640869158010243, 0.17007966561831775], [0.1483765498617169, 0.13080383313101918, 0.15629950553757843, 0.07282720448982294, 0.15298570024266822, 0.33870720673719673], [0.13022181434045127, 0.08533114179954253, 0.28918542833559796, 0.12002219007571382, 0.13437832585656564, 0.24086109959213023], [0.13726429791290679, 0.09799333218266937, 0.2562224658354403, 0.1204506626358277, 0.15550057176217294, 0.23256866967098283], [0.14093165401512442, 0.21910009542471356, 0.22172765647959758, 0.0655276751804752, 0.17522068297697932, 0.1774922359231033], [0.1061826913482242, 0.20934209960961644, 0.22250037643935394, 0.06942703822078751, 0.14118910765326514, 0.2513586867287684], [0.11858818072751388, 0.1947744385983343, 0.22075781180386989, 0.07739172902384593, 0.15355717936938287, 0.23493066047705943], [0.0962646134260103, 0.19159321296319443, 0.29676641597226855, 0.08645336753765563, 0.12513114651547091, 0.20379124358539774], [0.1368236609196899, 0.16187315169284527, 0.2207668585430143, 0.10184434575374014, 0.17861686942241042, 0.20007511366830327], [0.14280039912484413, 0.1609102925976511, 0.1730024440279481, 0.08029732128834187, 0.16981784173095707, 0.2731717012302586], [0.08825856833723593, 0.1363166957386168, 0.1838021949268884, 0.11064058283211525, 0.13571783502005164, 0.34526412314509], [0.111282643618273, 0.22195112241219536, 0.24514603329228307, 0.07069170304906819, 0.14993560457923782, 0.20099289304893336], [0.18357417740728657, 0.12310509265776319, 0.2563489274588691, 0.07457817598697125, 0.16287427232691282, 0.19951935416219443], [0.12625631207725438, 0.1499781891529651, 0.22979884046525034, 0.10035851503437541, 0.15839600862787842, 0.23521213464227642], [0.11746243585240003, 0.1465569204109833, 0.34470522486102506, 0.07728575252670225, 0.0991938783793373, 0.21479578796954993], [0.15554318156692046, 0.21256408120288187, 0.09392326503445081, 0.10831567703732216, 0.2584731062687241, 0.17118068888969945], [0.08993202770803628, 0.13946417703571173,