{"SAA_list": [[[0.08429445215738027, 0.15624015176010686, 0.3141825628295362, 0.19635027039514538, 0.2003818238481557, 0.048550739009655765], [0.05634486685652262, 0.06871747181268384, 0.2860442125026139, 0.15331881857354376, 0.14033185906122966, 0.295242771193384], [0.14723555758717996, 0.07241839620683471, 0.3353793460328995, 0.23484185383645823, 0.10381151671099396, 0.10631332962563446], [0.18191709919581833, 0.041567455008982866, 0.3786859648144797, 0.164061854014688, 0.10280496439437052, 0.1309626625716583], [0.11644636682190587, 0.04750874987527687, 0.2571743385065348, 0.3910298377057218, 0.12852838842939987, 0.05931231866116075], [0.07423849159546611, 0.11425305524111196, 0.3423460353411537, 0.04941771607398533, 0.24299019775188543, 0.17675450399644266], [0.06275045148188568, 0.15708452530860517, 0.29864736852752016, 0.19038482782888652, 0.15417298021712014, 0.13695984663598695], [0.10527337652622831, 0.14083366354608604, 0.3344742680585853, 0.174793702351784, 0.1658329499732167, 0.07879203954410813], [0.10668533492507724, 0.10063352342560113, 0.295790584818266, 0.2763197550385305, 0.12062681322039946, 0.09994398857212497], [0.09363015892921892, 0.06355969544841075, 0.2975924355637869, 0.2104189128616537, 0.12493910132292332, 0.2098596958740099], [0.03718711732024612, 0.14652270949668808, 0.2534720325548912, 0.26245727207829156, 0.12146881717694757, 0.17889205137293626], [0.030594600749863605, 0.23370754437450472, 0.32459099963359833, 0.07510953740894263, 0.3150205464290839, 0.02097677140400321], [0.1693981159586843, 0.0633064639008211, 0.37005603141758814, 0.17417682085430924, 0.10637677947598692, 0.1166857883926065], [0.15324600900939464, 0.0856688403397695, 0.36294519881918647, 0.1707820530889052, 0.2068434644562945, 0.02051443428642677], [0.08923373787702311, 0.11295333000436275, 0.3616815742846579, 0.02494341160971493, 0.20823557657960384, 0.20295236964463612], [0.20596554564513508, 0.013583399519673325, 0.40928719969261446, 0.10852359215412831, 0.0954940791253822, 0.16714618386309535], [0.15340886844122112, 0.11799215312021429, 0.3751382765940719, 0.15270975507338833, 0.011669957101380182, 0.1890809896697002], [0.2010336577943499, 0.034472434561067175, 0.4048138614398993, 0.12480017916477092, 0.14289828219136316, 0.09198158484854946], [0.07428203873330169, 0.10969778953740493, 0.32192944406816176, 0.11226384115128046, 0.15160782117588725, 0.23021906533395986], [0.02613374673867318, 0.07398941375494773, 0.27435441070152766, 0.11583555927355484, 0.2254291710074307, 0.284257698523836]], [[0.05108300275574983, 0.10048994224087208, 0.24099062786091555, 0.30795601882383666, 0.13231747990727116, 0.1671629284113555], [0.15008966849790142, 0.03890407613222302, 0.3112631821078997, 0.298037195817204, 0.16530655104784872, 0.036399326396923025], [0.08207733782085391, 0.12796232752674544, 0.2636874232533259, 0.33507320717895056, 0.17057702449946807, 0.02062267972061304], [0.0647528078747934, 0.14029216518773696, 0.3045879707931976, 0.16464646723101414, 0.14098087200109327, 0.18473971691216462], [0.1266781554743293, 0.17779741897923743, 0.3965939963647337, 0.05468752753936549, 0.16755071508928895, 0.07669218655303686], [0.028029109014851082, 0.02523700692772609, 0.1740127509259345, 0.4137692462855318, 0.2504001632999181, 0.10855172354603665], [0.11741276623210438, 0.10710672000503745, 0.3201787006306963, 0.2303534312358911, 0.22352424664761744, 0.0014241352486427411], [0.08670773518501086, 0.09712399664940431, 0.30010565897239844, 0.2078235284518066, 0.22991769603587456, 0.07832138470549921], [0.06991686188819764, 0.11329367774538078, 0.2873239958625673, 0.2153038030392443, 0.06317562840560634, 0.2509860330589981], [0.10717785616414191, 0.03248740090900458, 0.2940475419638669, 0.236606059079875, 0.19231188345694358, 0.13736925842616562], [0.11786693919850741, 0.15125446576270116, 0.3509454730231046, 0.16106687913890905, 0.07433728230295177, 0.14452896057382716], [0.0657633953629302, 0.03066564947992376, 0.23662128828627715, 0.31245391602700434, 0.10577162057240488, 0.24872413027150986], [0.12679527706329688, 0.03568753311572355, 0.3051342264768255, 0.2538494777374923, 0.08721782604890359, 0.19131565955776017], [0.0998888238338185, 0.22016228969619153, 0.36100607475216767, 0.12901230863218335, 0.14941183098799327, 0.04051867209764367], [0.17354835698155704, 0.11677986557485347, 0.3582224941432102, 0.26006981666716567, 0.018747022669125066, 0.07263244396411851], [0.13562311556849174, 0.07925460252348637, 0.3282707609941034, 0.23259041553329862, 0.18979612331691548, 0.03446498206371122], [0.05279205528407938, 0.19633331629855455, 0.3054899551058531, 0.16905877256520457, 0.16505610279904656, 0.11126979794726538], [0.12128803421645255, 0.05034412639010342, 0.3070234279604739, 0.24371930684523907, 0.15489941501914833, 0.1227256895685828], [0.038636374941772814, 0.2419271003919243, 0.29673698506976554, 0.19090479932763849, 0.028274320873205673, 0.2035204193956956], [0.10724581441432361, 0.02915712452326648, 0.2995049812099969, 0.21634806969926063, 0.1297183331669292, 0.21802567698622277]], [[0.08966843633367151, 0.12195078318886972, 0.2945138766490844, 0.2506101005267327, 0.1665963170553458, 0.07666048624629208], [0.09258760489630165, 0.14862723215162868, 0.312474478533453, 0.21784410378696198, 0.0888233981026034, 0.13964318252905117], [0.010416163558380471, 0.1585328748464468, 0.24726320660489476, 0.22044800634884942, 0.13625905063802615, 0.22708069800343336], [0.10043782738058878, 0.08856105340725744, 0.29152707281341034, 0.265370160287433, 0.12088931521656132, 0.1332145708947514], [0.0916145810477215, 0.13217077651446354, 0.29401789722135274, 0.2643839705720062, 0.1601716688853573, 0.057641105759089074], [0.12027414308074855, 0.0885066923391203, 0.32762772522246075, 0.2000785994308589, 0.10346412848062213, 0.16004871144618943], [0.09451454869192161, 0.10425045091452215, 0.2903768285300272, 0.263947591348499, 0.0559985172050345, 0.1909120633099991], [0.10800126290200018, 0.15487514023145632, 0.33070711912705886, 0.20338994159910226, 0.07225411504787853, 0.130772421092504], [0.12770196526928454, 0.1365556943281407, 0.36487913242950193, 0.13202117714969183, 0.15994153067333372, 0.07890050015004722], [0.045482052456655264, 0.1443547811548644, 0.26609972438463814, 0.24185000864661244, 0.1385510090105476, 0.16366242434668324], [0.07995643466075737, 0.14561231335673186, 0.31364235594319145, 0.17896128250394233, 0.1410252721263569, 0.1408023414090219], [0.02583024747193261, 0.1348287080486038, 0.22592498716766388, 0.31417409277569897, 0.14163416554805214, 0.1576077989880495], [0.08946383318014059, 0.08884172398474724, 0.2842624971691284, 0.26034171923123295, 0.13455098713420785, 0.1425392393005417], [0.03666389754696509, 0.04972693171155133, 0.22618469170096905, 0.28360770721920486, 0.23219344978226056, 0.1716233220390893], [0.1263560452503347, 0.04477447346731816, 0.30908599332683623, 0.24613144381039648, 0.08986168625958275, 0.18379035788553127], [0.13491710382036887, 0.13517466141817208, 0.355502737425264, 0.1801950444030981, 0.0920625128173095, 0.1021479401157872], [0.026535011925235812, 0.12645867549615675, 0.2839175410801414, 0.12213978762480257, 0.23957421476921284, 0.20137476910448995], [0.12174105589163169, 0.1731291384704133, 0.3430822391554918, 0.2123484996846049, 0.13318392815907706, 0.01651513863877975], [0.12564416977818071, 0.08651666184872513, 0.32846517991674007, 0.21036831030991632, 0.14126966583289297, 0.1077360123135413], [0.04744015577080161, 0.18070342419776939, 0.2681818052758009, 0.26548811789521987, 0.15798654474127832, 0.08019995211912591]], [[0.055918465753007456, 0.12582128618770042, 0.2771102670170849, 0.22078518843325712, 0.14698343581700565, 0.17338135679194294], [0.04081109348937105, 0.10410474846889402, 0.245975916622082, 0.26757315230421896, 0.20361008243614592, 0.13792500667928934], [0.041093438491299435, 0.12456556840135886, 0.2689993032981748, 0.20731745258582743, 0.1648808025387838, 0.193143434684554], [0.102079167287269, 0.06525588754011657, 0.2947795662426863, 0.2430346219623384, 0.12616817361641644, 0.16868258335118141], [0.053963926166480526, 0.08149341611830983, 0.26585823333105973, 0.22184452328337023, 0.18855354432268473, 0.188286356778098], [0.027585741370877673, 0.09427661712227067, 0.2258809166358277, 0.29089019266185506, 0.13840516156836863, 0.22296137064080554], [0.038872030413716806, 0.14973143142276288, 0.27567386650916526, 0.197388047849327, 0.20590917715257742, 0.1324254466524509], [0.08939597946555147, 0.10040155895823397, 0.30684472390491596, 0.19481170368760042, 0.156877005667923, 0.1516690283157762], [0.0635536188487203, 0.13054566101131201, 0.2797520517385407, 0.23572059247866275, 0.16825563235181953, 0.12217244357093948], [0.057100873974349084, 0.11535727123950827, 0.26131975243241296, 0.2682127556558992, 0.17431981445980038, 0.12368953223800719], [0.04181765070515696, 0.10517490683820882, 0.250788876147787, 0.25481555193719896, 0.12201865565342712, 0.2253843587182509], [0.06835116524878597, 0.108122006387151, 0.28526097595519007, 0.21487771278492865, 0.15712844143673704, 0.16625969818720873], [0.07583168587239209, 0.17434549732250584, 0.3030244517520284, 0.2222343597081853, 0.09736057617909112, 0.12720342916579713], [0.05903372620216082, 0.07699640354076676, 0.2543950255485649, 0.26923654268038705, 0.16057652675943304, 0.17976177526876888], [0.0785077489322995, 0.06299932668125852, 0.27166149850189, 0.25504226968575006, 0.21119297379711782, 0.12059618240169495], [0.09904993824554548, 0.16041389937510658, 0.34022326402771425, 0.15292354502790445, 0.11797762047905416, 0.12941173284467508], [0.07486116489930472, 0.11390266392313167, 0.2799053295210698, 0.25353944410868856, 0.16867585167277802, 0.10911554587502416], [0.05932467298306602, 0.055977878374193796, 0.28427964333406547, 0.15848826741173588, 0.2029215346361099, 0.23900800326076993], [0.07717079112697893, 0.15128630193295484, 0.30017571980245206, 0.21911384436007456, 0.10096079020214388, 0.15129255257539573], [0.07107992458789485, 0.13851360842965113, 0.2984656132584055, 0.2001044911981173, 0.1542438930395547, 0.13759246948637743]], [[0.03215366882745952, 0.08791347280291117, 0.24072972094383588, 0.25053320520816114, 0.18989155024586393, 0.1987783819717189], [0.051627860912264775, 0.13949125407788154, 0.26714983953240934, 0.2515606514405033, 0.18525335134632476, 0.10491704269062434], [0.07676150970244215, 0.11069098159516101, 0.2950732499856406, 0.20698528499957944, 0.16998904590457495, 0.14049992781260626], [0.061259663044249506, 0.13669076318049017, 0.2885128669447294, 0.20520118769704465, 0.1330473614643733, 0.1752881576691076], [0.07753487280137314, 0.138694744196024, 0.2975470152607548, 0.21977763513593862, 0.07708319972149615, 0.18936253288441557], [0.052186356282755156, 0.13501468255847518, 0.2566503269912891, 0.28369121875765824, 0.11712306859161858, 0.15533434681823], [0.04955978664360583, 0.09568785705859462, 0.2678178501357458, 0.2136156040412539, 0.18001422321589552, 0.193304678904895], [0.019146260395986926, 0.14542382634171072, 0.2482852728336436, 0.23127981456999344, 0.1688857866945363, 0.18697903916412806], [0.068396734979382, 0.11219665873132406, 0.29360630737663174, 0.1907038994403679, 0.16423693407279785, 0.17085946539952146], [0.01693302016529796, 0.11408483360377852, 0.2299580243310033, 0.26355318063964467, 0.19294586877188563, 0.1825250724883916], [0.07725383143776504, 0.0276058089225633, 0.2645417345788839, 0.2504512857397823, 0.21464546174660928, 0.16550187757439253], [0.0573766789671447, 0.13549358562347302, 0.27338896174159844, 0.24320113731091425, 0.10953619465816472, 0.18100344169870802], [0.056467603259425896, 0.10524483419607236, 0.26128819566690603, 0.25962848462667304, 0.17016244000202815, 0.14720844224885615], [0.06594935835697784, 0.08198205622731, 0.27313741824690835, 0.23009864414205014, 0.1871357792509237, 0.16169674377579094], [0.09544346665725151, 0.0021419073596106643, 0.26737035683225496, 0.2714718810691962, 0.19101332838296217, 0.17255905969870936], [0.05338859326453625, 0.13957489319476674, 0.2696844995831336, 0.24779161120795634, 0.14820859692527777, 0.14135180582432905], [0.06593077796224416, 0.16025749245438942, 0.2883018655053705, 0.234469591844598, 0.12780924316496106, 0.12323102906844112], [0.013748270649278842, 0.09870547561199113, 0.21656113228666551, 0.2883172028574693, 0.2270907262518411, 0.15557719234277248], [0.06747939397934184, 0.1125710666884395, 0.27269914579719096, 0.25631716658591713, 0.12209279560634775, 0.16884043134275212], [0.053204967973768884, 0.14024624967209473, 0.27515096750598533, 0.22998816092944008, 0.14878278824063482, 0.15262686567807524]]], "bagging_alg3_list": [[[[[0.016048349074610384, 0.13811035114714876, 0.1999902286278416, 0.37509519302141925, 0.15224604147071885, 0.11850983665822765], [0.023410687045361613, 0.152061945178712, 0.2515301543216963, 0.23675314665716793, 0.20126195926017065, 0.1349821075370932], [0.03301178968631057, 0.036777754469763904, 0.2017723371280568, 0.34407512913662247, 0.16904812340688793, 0.2153148661723508], [5.382983249916608e-06, 0.2139928859687756, 0.25428244993777466, 0.208165840741964, 0.08133136723947522, 0.24222207312862162], [0.014915788320019524, 0.14189858903762972, 0.2139305644481048, 0.32924216678184, 0.13131281701050035, 0.16870007440192153], [0.03112357244369272, 0.16150838322552966, 0.2602954256593239, 0.23514153360105255, 0.2072288058653568, 0.10470227920504405], [0.019903385580129145, 0.0937771683700827, 0.2222250479167569, 0.2825568075230351, 0.20105206098554795, 0.1804855296245266], [0.03274269004385388, 0.1592238940273645, 0.29083160952347636, 0.13836708089392546, 0.18956290455701003, 0.18927182095438716], [0.009489016374131952, 0.10813466749087895, 0.23850691021204481, 0.21223979868682533, 0.23432958490601985, 0.19730002233008187], [1.433925485318173e-08, 0.14805378147119502, 0.2454350059875029, 0.19200708975583505, 0.1904842405311783, 0.22401986791495337], [0.03931221900568639, 0.15999817336571287, 0.2483919276156881, 0.29372107120964713, 0.09036933591327607, 0.16820727288999104], [0.035556787660909826, 0.14862587723771853, 0.26806619536624055, 0.21247661643826693, 0.17978780105722728, 0.15548672223997856], [0.02883163336781793, 0.2006737664927394, 0.27720497232110924, 0.20045375700334456, 0.09079277270884621, 0.2020430981061544], [4.541674501864872e-09, 0.13894218172515718, 0.23682477030615617, 0.21416720626150684, 0.2641380259311032, 0.14592781123439771], [0.005252225199933517, 0.14118666359947427, 0.26582665771340086, 0.1348597492809871, 0.2069145710120576, 0.24596013319405965], [0.04488391454268067, 0.12525388122834538, 0.25844467401334886, 0.25226527075193794, 0.1868530816783816, 0.13229917778530653], [9.22307630426983e-10, 0.10103859551455045, 0.23916958615191675, 0.17991319221918153, 0.19479596768621893, 0.2850826575058106], [0.037891240320993995, 0.12010489598022335, 0.28944580490710453, 0.12948746204700756, 0.2027623625405563, 0.22030823420412157], [5.569765160089968e-12, 0.1050001666812391, 0.17119447901412663, 0.4035226514288579, 0.14384568537051595, 0.17643701749968527], [0.02594462530574268, 0.11320377727542422, 0.24560395660097478, 0.23566859386215191, 0.17079977818131736, 0.20877926877438974]], [[0.0356714925160345, 0.1156028516640672, 0.20493604151506378, 0.31826396479444596, 0.21265150814728553, 0.11287414136383048], [1.3440289343004013e-07, 0.17415986709386497, 0.25580729730152096, 0.17649764375712876, 0.22198982813427304, 0.17154522931032956], [0.04029881997292722, 0.14672228396687387, 0.23507425594172315, 0.33063558373152735, 0.11664840366656304, 0.1306206527203854], [0.019570249041741695, 0.12465767555486482, 0.20747916055923554, 0.35088351578390237, 0.18020393330824774, 0.11720546575200826], [0.01353700815704813, 0.1251357200450421, 0.23762839212555234, 0.2371848155556941, 0.17724863304142496, 0.2092654310752385], [0.005046311941049351, 0.049445789375171856, 0.21120262081125007, 0.2490121053235088, 0.2715020506634754, 0.21379112188554383], [0.011106182878719863, 0.16218249328101847, 0.24161747304027664, 0.2430161604417636, 0.11218151399258658, 0.22989617636563803], [1.8931821070335135e-10, 0.09139981031861845, 0.20761036072220562, 0.27567657146425917, 0.1516856148185276, 0.27362764248704474], [0.04129252411877512, 0.17258444924723157, 0.2787158787627712, 0.20906354939687347, 0.10458581964042618, 0.19375777883392398], [9.48104410050875e-09, 0.08154267584683193, 0.1770956547479439, 0.3683384193887934, 0.18292025737043124, 0.1901029831649152], [0.023001528753827032, 0.09772402243923443, 0.20773067265652848, 0.34044077494051267, 0.17158222746259813, 0.15952077374728701], [0.00848497820487174, 0.15454639295840572, 0.22688924194556442, 0.27876391396220224, 0.11511148802034421, 0.21620398490863196], [0.02310484405285169, 0.11030377761734535, 0.2068319699478782, 0.35206299288841036, 0.12643491905018941, 0.18126149644332576], [0.0074945738629520284, 0.17464562907548062, 0.25624131771210834, 0.19465794051495514, 0.13424208847224392, 0.23271845036230532], [0.04561768700565267, 0.0819920717803245, 0.2406543018517264, 0.28191729445462677, 0.14398818323278853, 0.2058304616748816], [1.0053171581285031e-07, 0.14983162390435348, 0.21649572106294301, 0.287143936145498, 0.14812921689089353, 0.19839940146468502], [0.03003374779840765, 0.1264084830424279, 0.277592025272792, 0.15173366175792052, 0.20957445163955374, 0.2046576304888986], [7.885369595910307e-08, 0.1611587788307283, 0.21859966447783832, 0.28838579439780954, 0.1906291348344328, 0.14122654860547396], [0.032107065211832556, 0.14273486215059114, 0.2750778810670163, 0.17694977063179634, 0.25594279293496625, 0.1171876280037938], [1.8841350241828517e-08, 0.1216154652817783, 0.1876871046039706, 0.3616556969759092, 0.1951018373077088, 0.13393987698375892]], [[0.01186517482314292, 0.17262997048044768, 0.26860473821465336, 0.16495478511063688, 0.19924408051676895, 0.18270125085431732], [0.019374126840572225, 0.10708955562118966, 0.26391588836052965, 0.15507628200179358, 0.26159012247299956, 0.1929540247034269], [2.9106360026284867e-08, 0.12329695259274404, 0.18862129966870117, 0.3598422416134873, 0.20565937066811016, 0.12258010635055362], [0.009840447988196518, 0.08185333402289856, 0.20460416344137355, 0.30544552196186003, 0.25705602345695516, 0.1412005091286895], [2.1505754258851765e-08, 0.09289928251242048, 0.2122032933518271, 0.26197274320733904, 0.18551274442041876, 0.24741191500217277], [0.03641228810291401, 0.08810737020850987, 0.24284023585807557, 0.2547581584581705, 0.1445293066659847, 0.23335264070634534], [7.650466856226798e-08, 0.2009498441095214, 0.2550113042740464, 0.1971571395996663, 0.14683693498158512, 0.2000447005305216], [5.0255550139485434e-08, 0.16385277693754158, 0.24868230672476732, 0.19240952093649022, 0.19794905283500774, 0.19710629231062018], [0.04696944767684736, 0.10618969386265563, 0.2423262190171426, 0.29641700260853865, 0.08500153591087412, 0.22309610092393903], [1.307991935578595e-08, 0.1321545424953894, 0.21444231736997235, 0.2817244019352398, 0.1682483161300823, 0.20343040899023934], [1.0891010634130207e-09, 0.11176740607308872, 0.18172806768445224, 0.37423188621271736, 0.1943812356489994, 0.137891403291709], [0.011789531241922393, 0.10631077603649489, 0.22327939031918873, 0.26640533717527365, 0.20313177298715734, 0.18908319223961453], [0.022393903409461114, 0.12440997922101132, 0.22803756377229953, 0.2913649490570952, 0.1965764442348343, 0.1372171603053203], [0.012526396145048184, 0.06342325076441585, 0.22410961986765623, 0.236023294673461, 0.20784451526249592, 0.256072923286923], [0.019145230652822084, 0.19643785949044062, 0.2510495416980036, 0.25715836019106936, 0.10327252222043505, 0.17293648574722853], [1.6843312686149712e-10, 0.11105666095778852, 0.20366026560305484, 0.30270863362830824, 0.24933118153943443, 0.1332432581030163], [0.032061638528522986, 0.07126501450926266, 0.22822365361004246, 0.2795973729199522, 0.21069188395725036, 0.17816043647497376], [0.004122904574997653, 0.11363591630053259, 0.20896456697679427, 0.2978785615460574, 0.21153581941385763, 0.16386223118746604], [1.2503563739101978e-06, 0.041593481397991156, 0.20058323874982348, 0.2646613276948587, 0.24338830613946139, 0.24977239566176146], [0.016862314004573133, 0.08537345435948954, 0.18778992051438267, 0.38059983305325346, 0.17262437507094383, 0.1567501029973557]], [[0.03589389422256399, 0.1116530436372459, 0.2729164750883683, 0.1725123574804131, 0.2613441978226606, 0.14568003174874827], [0.028302862750442064, 0.10805684691014229, 0.2431057433757761, 0.24670051436719376, 0.21100340442807158, 0.16283062816830327], [0.017034185125778492, 0.12881077063932742, 0.2128444561186666, 0.32941757473040945, 0.14846507139453702, 0.1634279419912724], [0.010263794272520969, 0.19252246037036946, 0.23252310887901814, 0.29151676840772517, 0.1377318281127935, 0.13544203995753182], [0.036046291569078424, 0.11846829217566637, 0.2724087714183871, 0.17881085815951722, 0.18378138240255537, 0.21048440427478934], [0.014600995596649832, 0.1223404364212925, 0.2439057591333846, 0.21753874034968157, 0.16161472999577714, 0.23999933850309965], [0.02148418305533848, 0.07197085187981406, 0.21266023781416918, 0.3027100797747756, 0.1909359953797895, 0.2002386520959625], [0.021061463908820178, 0.09248034573071741, 0.2155350815459508, 0.3064706290687049, 0.19912010053360954, 0.16533237921219743], [0.03161837399723354, 0.14029939083928283, 0.2386355768895285, 0.2919063131973654, 0.14863304306531866, 0.1489073020112866], [0.011701447663617118, 0.08229947964104638, 0.19664575232843992, 0.33572004028379804, 0.11815265125761189, 0.2554806288256214], [0.028883155153299256, 0.11862798088621712, 0.208342889346126, 0.368186501609664, 0.13410504726109765, 0.14185442574288562], [2.2398494853633414e-10, 0.13380822768122314, 0.20888011817027236, 0.30146228873252107, 0.25059132590153027, 0.10525803929047221], [0.03157704264455199, 0.1308340082434458, 0.25507899878460555, 0.23188914499027016, 0.17183382684115545, 0.17878697849597083], [0.029269988233508647, 0.12598927631039572, 0.22374914542366403, 0.324179169636343, 0.13584032702369028, 0.16097209337244942], [0.027424621417871258, 0.18052467594266655, 0.26418844465570557, 0.22584964455176, 0.20437628336117455, 0.09763633007080834], [0.017850664324670355, 0.1688272596182042, 0.24564453193959537, 0.2526657493829021, 0.17374838812377033, 0.1412634066108583], [0.012512394949313107, 0.07966060421122585, 0.20967995311200105, 0.2943367561849541, 0.2364857239664134, 0.16732456757612843], [0.02332233661172659, 0.06361038495455913, 0.2246014044527006, 0.2630772072373666, 0.21646705520103496, 0.20892161154234318], [0.00808540570955005, 0.12074111574189607, 0.1991580258067223, 0.34462872943212686, 0.12501915345598372, 0.20236756985389534], [0.02053353074945459, 0.16347328041134537, 0.20910635915068118, 0.37477961543609595, 0.14918720982081485, 0.0829200044316026]], [[0.03278305349570114, 0.10161312255950666, 0.23482689223500355, 0.28100097508176436, 0.21134479476089005, 0.13843116186713222], [0.032046117266093604, 0.15011508165545726, 0.2631951623588753, 0.22002034157343964, 0.16711133112070975, 0.1675119660254705], [0.03285908876064443, 0.1299816084935206, 0.2632369210315532, 0.20828813637007632, 0.19695263751491165, 0.16868160782929514], [0.03519080217928959, 0.1660255854566352, 0.26024690087547087, 0.24870804872246755, 0.13400668129317345, 0.15582198147294027], [0.012198993630393026, 0.10866612896916322, 0.22242896018603064, 0.27173527155921096, 0.17897593474089613, 0.20599471091430463], [0.010768718965624395, 0.1466636852428, 0.20677777122626337, 0.34496575612389674, 0.14666565872710666, 0.144158409714291], [0.03301955688115585, 0.1512171402413456, 0.24493699488500315, 0.2826389000876965, 0.14733945299929455, 0.14084795490550273], [0.022895905157777542, 0.11996975073839826, 0.22983164997261404, 0.2835614976016386, 0.1600994901755932, 0.1836417063540389], [0.011960190155038996, 0.13341594044058516, 0.240046209024528, 0.23095618806833537, 0.1892211358395648, 0.1944003364719615], [0.020224975506336656, 0.11297211011236398, 0.22779034088158434, 0.27840906856335995, 0.1746861964344593, 0.18591730850189328], [0.030102092347309484, 0.12597057842630752, 0.2327999174386894, 0.29682280807025363, 0.12114359751734552, 0.19316100620009805], [0.024816641375341415, 0.123259543488987, 0.2540880116607086, 0.21234991849407914, 0.222085258433757, 0.16340062654711282], [0.018208165531925235, 0.1551863308554711, 0.2472630158973057, 0.2391001682356196, 0.2051277041932336, 0.13511461528643584], [0.030408355164863402, 0.14077705557025333, 0.24754654039767868, 0.2600411319203218, 0.14702617365280124, 0.17420074329408192], [0.004315095423380081, 0.07391144617458732, 0.19853228559823236, 0.3047968825054596, 0.20031205204914665, 0.21813223824928363], [0.01672528724439267, 0.12182759314529241, 0.21756611827121378, 0.3086648226534471, 0.19051647694146898, 0.1446997017442717], [0.02638649094930078, 0.13606506575605734, 0.2596313398972267, 0.20700684786160994, 0.17228179497305884, 0.19862846056273792], [0.017662814464614634, 0.1648145768613606, 0.2425269525778801, 0.2596442564925879, 0.19105698717590638, 0.124294412427646], [0.021864602951950838, 0.10701941023667122, 0.2323867134819197, 0.2637446837738885, 0.1884102789778529, 0.18657431057773807], [0.012545166478142163, 0.14249688850808942, 0.23851257979914176, 0.24367792809595434, 0.17433130753157391, 0.18843612958710587]]], [[[0.015193020021526445, 0.14871352116233055, 0.24457195666578116, 0.23532539502932, 0.18793180544855767, 0.16826430167240977], [0.022506266035551437, 0.11636830765202844, 0.22815818293356063, 0.2856026571895293, 0.1789621153529796, 0.16840247083635793], [0.03441628790840227, 0.16084452485949563, 0.21387017060389862, 0.3938825696360581, 0.11719899327011486, 0.07978745372203094], [0.06785203704899374, 0.06487246429490821, 0.2546491899141294, 0.28373524778522624, 0.23543678193357878, 0.09345427902315825], [0.03225523829793915, 0.10823878032615578, 0.22972862211528744, 0.3006314106526656, 0.18690980375191277, 0.14223614485603747], [0.02770940804893366, 0.07186136856327426, 0.2280899621042697, 0.26865938290119706, 0.1597639111708714, 0.2439159672113122], [0.02252276888066574, 0.1299140226229309, 0.255672570621415, 0.20555859757460548, 0.19111936420235381, 0.19521267609810208], [0.011494619365473168, 0.10577285450010031, 0.20992104015168675, 0.3086091633372646, 0.18456710160448397, 0.1796352210409871], [0.00583045667946534, 0.12347917016299813, 0.22474412338615227, 0.25781980827208734, 0.20751172799030465, 0.1806147135088333], [0.026963399866854646, 0.09334383100345912, 0.23906362552291643, 0.24611292996300507, 0.2052599736339934, 0.18925624000983537], [0.00874116275224518, 0.10879047055403077, 0.20351826162811773, 0.3239527466931315, 0.1324137473710696, 0.22258361100139473], [0.012891991122964888, 0.09649596865694723, 0.20929318142439096, 0.3078798905249514, 0.17734425110247393, 0.19609471716818783], [0.04576228596591168, 0.027514308846560958, 0.14436964655920134, 0.5572478976079264, 0.0318230071655077, 0.19328285385489702], [0.010151162490638476, 0.1513013001594811, 0.20197908149505817, 0.362096955741607, 0.13662518723045183, 0.13784631288297017], [0.014059199128232511, 0.15185938898412712, 0.22396623857528936, 0.3016405278991601, 0.20177867860136256, 0.10669596681183084], [0.00909515202435496, 0.0423147644815581, 0.21674725257007318, 0.23692438814937325, 0.3056101439416221, 0.18930829883332573], [1.2467978697710112e-07, 0.12783905811499982, 0.16288272529408573, 0.44549163464311714, 6.895463237469544e-09, 0.2637864503725505], [0.039580197777736394, 0.14921388543601996, 0.23930838436480845, 0.31675923551596824, 0.12879967057255237, 0.12633862633290935], [3.357498367331307e-10, 0.15296487060385563, 0.21682010309160965, 0.28853980630853937, 0.19546468656270316, 0.14621053309754256], [0.03467053491581088, 0.11627112150502615, 0.24699654206778285, 0.25607118372752047, 0.13756479582421027, 0.2084258219596566]], [[8.81503574488408e-11, 0.1449451297846925, 0.19222374957132904, 0.3628003064452148, 0.1579152841967027, 0.14211552991391074], [0.03810372901525143, 0.08311417357678436, 0.23442682381968394, 0.2832946453487736, 0.16979405100000344, 0.1912665772395022], [0.030502231456446684, 0.11497179224329171, 0.2553148112278852, 0.21731337432853287, 0.17072291950192806, 0.21117487124191658], [0.013510844877978503, 0.13207504298196177, 0.25100181317030285, 0.198563254987787, 0.20446896526264216, 0.20038007871933255], [0.00600299814623044, 0.160686008550024, 0.2321550000042715, 0.2594589317977495, 0.13662910641608578, 0.20506795508552372], [0.010526563531665999, 0.09358193343202, 0.1885703798157614, 0.366845272859344, 0.1426223966772732, 0.19785345368391186], [0.027074635794969052, 0.13573037335751667, 0.23387354381835077, 0.29255464027937517, 0.19777478969468096, 0.11299201705510929], [0.015285767105020465, 0.09267651827330879, 0.19722670405904735, 0.3505985053348586, 0.1415420078610647, 0.20267049736669543], [0.02338275845894488, 0.12554355156336744, 0.21600724502089833, 0.3338071020611042, 0.18100681635363958, 0.12025252654204542], [0.014922404747938638, 0.1302927235707552, 0.22201968584759205, 0.2954321250230679, 0.21712741909855443, 0.12020564171211025], [0.009190756889687478, 0.1164315308826844, 0.20921228331773326, 0.3121338312903357, 0.17215826151552738, 0.1808733361040923], [9.86073762995608e-09, 0.1319861448831812, 0.21511520711261958, 0.2792764813843057, 0.1446821965186982, 0.22893996024045699], [0.026757590668633254, 0.17457140315579003, 0.2801353739513518, 0.16776404893953184, 0.15092228696280202, 0.1998492963218508], [0.025011154310301514, 0.18378567102427154, 0.2598350878517858, 0.23565492053760784, 0.16303439781768636, 0.13267876845832893], [0.013476132569026264, 0.08347704318957234, 0.23859651482005215, 0.2052913849463055, 0.21375038047634418, 0.24540854399871728], [1.2592979034312268e-08, 0.12117887943847082, 0.2183168387595509, 0.26174351283950387, 0.20385630115358908, 0.1949044552163679], [0.010154408010072155, 0.10063056224206529, 0.20551024768356632, 0.31626960316250236, 0.2507028059290317, 0.11673237297214316], [0.02950641518904247, 0.11434129339388273, 0.2573681077472986, 0.20792951857757486, 0.23035763129237585, 0.16049703379981647], [0.0062251834529084395, 0.12240999474870728, 0.2533908188417356, 0.16520610572649827, 0.256485247086474, 0.19628265014368526], [0.017939374050564574, 0.10978419770344927, 0.2516926836914816, 0.1927717260749463, 0.23577921450843276, 0.19203280397136455]], [[0.029896316432027455, 0.11226961753025348, 0.25646670608733085, 0.21050992464578672, 0.23889874574712205, 0.15195868955748307], [0.04371027206819887, 0.07396529168343709, 0.23099238023406793, 0.3029791435747788, 0.17785593522138451, 0.17049697721813142], [0.007675153675461008, 0.16696071485988892, 0.23225781928715442, 0.2679986055695886, 0.15750790677854787, 0.16759979982930806], [0.011679384958314496, 0.06792272103553489, 0.1798120469700362, 0.38097087372495037, 0.19706088299643315, 0.16255409031485585], [0.023884810733034258, 0.11053990290520892, 0.23346315464618728, 0.2679328013460915, 0.17655874309081873, 0.18762058727866063], [0.03426171256819981, 0.160594143046123, 0.2727029540757791, 0.20243684059755032, 0.2109872570269043, 0.11901709268542836], [0.017789882501618937, 0.08795259394287766, 0.19912126672436817, 0.3479132265805031, 0.16496015350607368, 0.18226287674455877], [0.02764195758599596, 0.06539813041776556, 0.22732152226825228, 0.2667473593570673, 0.19862263533392388, 0.2142683950370041], [0.013817283124284872, 0.14970043177968975, 0.2598885899393532, 0.18256645129054705, 0.19196331820181156, 0.2020639256643936], [0.02741591483571022, 0.14605716906117228, 0.24233023710019677, 0.27266598568069167, 0.12935507418789335, 0.18217561913433547], [0.015825199509661683, 0.10583980202157854, 0.21649734097392953, 0.29857151295406864, 0.16679175939182947, 0.19647438514893234], [0.027842276037933624, 0.13637502065113916, 0.24736319653295835, 0.2510416982502431, 0.18273779353844632, 0.15464001498927507], [0.020063453393227425, 0.12615632384552242, 0.26090378102520856, 0.17990178512727925, 0.26556401038073235, 0.14741064622805303], [0.0184624044074451, 0.11282531963508338, 0.21082033085603363, 0.328613934232188, 0.13118767847803214, 0.1980903323912406], [0.030757347917124776, 0.10418739605172375, 0.2570924355768667, 0.2049816732995846, 0.20985273919743083, 0.19312840795726982], [0.029950754655133666, 0.09993007173765714, 0.2639334991195164, 0.1779737535969959, 0.2633343950699525, 0.16487752582072904], [0.03140711107531419, 0.10839618538011134, 0.247056519660831, 0.24219056988538384, 0.19830550481823284, 0.17264410918013412], [3.9342752811023066e-08, 0.10119312600566947, 0.22366363754350607, 0.2306700613365237, 0.22742430097021452, 0.21704883480075515], [0.02172581869328649, 0.1739305905709587, 0.2590713147508189, 0.22266417154624074, 0.16344595427494318, 0.15916215016370014], [4.144943608714465e-08, 0.15597804106223254, 0.2597280818757577, 0.15114102349511183, 0.21734120754039551, 0.2158116045769648]], [[0.004635226200992508, 0.17478199781380413, 0.23188500096499148, 0.2668165900627712, 0.19312171355012026, 0.12875947140729857], [0.03529616915202811, 0.08876617597389512, 0.23205022899003033, 0.28740079163516175, 0.14821058252750516, 0.2082760517213942], [0.010050206038359823, 0.1535772371027196, 0.24167148121404913, 0.23445913956782907, 0.1708133877449258, 0.1894285483322154], [0.035219388658946374, 0.12971780044698064, 0.26373491792503534, 0.21256644968923696, 0.17308384797318904, 0.1856775953066138], [0.013250622746207618, 0.13528816851419947, 0.22877395499444245, 0.2726365782519093, 0.23981554264825042, 0.1102351328449805], [0.01646722806050874, 0.17250256217055196, 0.2523081420755398, 0.2299367164939858, 0.18379404462855084, 0.14499130657085713], [0.007888301255635286, 0.14273284580604254, 0.22548729045740357, 0.27399995665238, 0.18411912594512087, 0.16577247988345603], [0.01829451747019777, 0.1051603953831777, 0.2181717882390078, 0.29910029843873454, 0.15588528692159775, 0.2033877135473077], [0.03676698653446145, 0.13016995817348967, 0.26182838302382716, 0.22301365489862812, 0.1481174466769754, 0.20010357069262436], [0.013048371434810007, 0.12917674920594585, 0.20684618810557986, 0.33895527530620884, 0.1948400581261056, 0.11713335782136312], [0.018197274246504677, 0.10404341242201783, 0.21476454662194844, 0.309077026843327, 0.14244337265012944, 0.2114743672160744], [0.029262030441634085, 0.10306958779094257, 0.2414653435056955, 0.2509485269278166, 0.1826304325254879, 0.1926240788084284], [0.023376431410142406, 0.15693711806355218, 0.23790677248604908, 0.2838531440699651, 0.11695113372324024, 0.18097540024705677], [0.03192929215779177, 0.09246284494178811, 0.2451127074749188, 0.239183780282484, 0.24933686233608282, 0.14197451280693643], [0.02176048756414539, 0.11565171498242836, 0.20779708715288298, 0.3492611650983212, 0.15737201909247653, 0.14815752610974875], [0.029201376248731186, 0.17247732597816678, 0.25419045325586703, 0.257237979041086, 0.16038273419989976, 0.1265101312762502], [0.029678395828422247, 0.08147143190848169, 0.22857620876628573, 0.2791208274964537, 0.19399067070778175, 0.18716246529257172], [0.03645282093358432, 0.1267331213116842, 0.25620041299855395, 0.23815133691759863, 0.15312478509967542, 0.18933752273889953], [0.010250369375321425, 0.13141388341165533, 0.2088344778975282, 0.32658106814405463, 0.18287115661708428, 0.14004904455441056], [0.030091846133497864, 0.09523377208963593, 0.24428604897889394, 0.23845531683930163, 0.16835641504018656, 0.22357660091848475]], [[0.026291543508030108, 0.1665134560598079, 0.25490490544129135, 0.2431020330574685, 0.15813098204259268, 0.15105707989082331], [0.01331292009101977, 0.11753350717801712, 0.24976926925708043, 0.19224512806728575, 0.24552330618393264, 0.18161586922269302], [0.014132403453984657, 0.15591031745067518, 0.22023242199472198, 0.316233091625171, 0.11045276689485949, 0.18303899858060227], [0.032073791220178526, 0.12287551218219465, 0.24542617192025246, 0.2589394135920234, 0.14433783004243358, 0.1963472810429032], [0.03049665104197712, 0.09815433908883962, 0.22854049265076776, 0.29278984485594595, 0.17079777711634, 0.1792208952461321], [0.015942226743903453, 0.16514574530011936, 0.25857776215604694, 0.20291959676158802, 0.15958503228368184, 0.1978296367546219], [0.02252104600393937, 0.10122715109664403, 0.22943880323586782, 0.2711426200145593, 0.20160353133531797, 0.17406684831365635], [0.03154673774473535, 0.14008599116972617, 0.2538097475209818, 0.24254559513611718, 0.2066222062117918, 0.12538972221664133], [0.01411231128432705, 0.08467740098940829, 0.22543701957305318, 0.25066126917293235, 0.22100835019943102, 0.20410364878084086], [0.02150518806705345, 0.1142560902311871, 0.25186300872816625, 0.2043126719523627, 0.1692384222027916, 0.23882461881848163], [0.021727706413429512, 0.12152816573897555, 0.2518276481244304, 0.2100494946405737, 0.17039926318311158, 0.22446772189945294], [0.02228260989246074, 0.14995303804991233, 0.2316496859182901, 0.2965762197194681, 0.12978434180011122, 0.16975410461971507], [0.004223033053192384, 0.16542122355501834, 0.22996982200917682, 0.26543155932721074, 0.18358071334114812, 0.1513736487142155], [0.02133601108352659, 0.11544448548051507, 0.23037181759066516, 0.2748428266734777, 0.20683814304792567, 0.15116671612389285], [0.027524569507126458, 0.145607369288818, 0.25426411693244627, 0.23413518265792546, 0.18313132741757035, 0.155337434196108], [0.018366640523492597, 0.1307586942019158, 0.24114776907313362, 0.2424472964631874, 0.1919587877819234, 0.17532081195635033], [0.02669181717123467, 0.15181258206690848, 0.2647758392470042, 0.20210901543450172, 0.19688180726683976, 0.15772893881351366], [0.023378895980445402, 0.14600088782495343, 0.21987410199544202, 0.3352549261356284, 0.1637178650728804, 0.11177332299064542], [0.021018422888241548, 0.12272835552647364, 0.24351305181585092, 0.2362162097120232, 0.19586704115525946, 0.18065691890214763], [0.03023540552565038, 0.14079502505930716, 0.2567385835118456, 0.22975067446829953, 0.15736842590554873, 0.18511188552936134]]], [[[0.039234982229262874, 0.11911770836478149, 0.27396818450616367, 0.18241851927096786, 0.1544075002060141, 0.2308531054227987], [0.019145756495748296, 0.13230516980700446, 0.25730031885481325, 0.192881648019748, 0.16997457959745993, 0.22839252722521522], [0.056989897589009526, 0.07831685067630453, 0.2040057672037285, 0.428417659416461, 0.1111163040846282, 0.12115352103219683], [0.09044933492331839, 0.1340594341424964, 0.31351395386405845, 0.19922629398342587, 0.16780021185724647, 0.09495077122945988], [0.02444037670856068, 0.043172310510027595, 0.20693491851166446, 0.30960485502204393, 0.2541168043782989, 0.16173073486899373], [0.011519000878936628, 0.13666203790638742, 0.2623650723377532, 0.15972461066440563, 0.24045784259836483, 0.18927143561398996], [0.019087491607393738, 0.17697958445371437, 0.26294932025237105, 0.20520785114437237, 0.16544911766319392, 0.17032663487896763], [0.04195238900390361, 0.17717469275905448, 0.2945345976108931, 0.16298905672889943, 0.1846417307372273, 0.13870753316002155], [0.03209238021293492, 0.1473897253249644, 0.25680359694298704, 0.23904758940629695, 0.1658936765404261, 0.15877303157239983], [0.011453575701112646, 0.097975903988653, 0.19327227373124545, 0.3569994355585878, 0.137701477472254, 0.2025973335482649], [0.022414318585565897, 0.13083223524518464, 0.22756246776563452, 0.2973681468177114, 0.19045976384470095, 0.13136306774120618], [0.021772064241280132, 0.1251833006374099, 0.22093043290598446, 0.31308508455788703, 0.14684464937081582, 0.17218446828660422], [0.0911984276600481, 0.06626510135132518, 0.3073352874454738, 0.17401729838992477, 0.09880864513483549, 0.262375240018415], [0.051158817588449826, 0.10819505285079392, 0.23586174848677727, 0.330279465369154, 0.15020909367146443, 0.12429582203333586], [0.03749344274851429, 0.11834553946800352, 0.25176240462951566, 0.24986865516089585, 0.2081452883