{"SAA_list": [[[0.009779541992949056, 0.12275940139308991, 0.22140508128480835, 0.27835651908848885, 0.1668003804505458, 0.20089907579011393], [0.05835027995329702, 0.12218105388994599, 0.27093825049756703, 0.2446959386467981, 0.13562286956004868, 0.1682116074522858], [0.0443407894958218, 0.14032376688468953, 0.26748697682188377, 0.2317513546908228, 0.17375124958045762, 0.1423458625263236], [0.05712995364801833, 0.12203091467746435, 0.26553507539064025, 0.25904329753855143, 0.15034684091252842, 0.14591391783279634], [0.07091620727006483, 0.06633969887774545, 0.27373271650429193, 0.2304997430915902, 0.19607171430632062, 0.16243991994998863], [0.08644840742997668, 0.010001135674252011, 0.25139503918178807, 0.30528142910879574, 0.21064789416767363, 0.13622609443749503], [0.06072728922311707, 0.11788048207754351, 0.27305114572497446, 0.2412717391057109, 0.16136383780787675, 0.14570550606082217], [0.04447344315451357, 0.14149055679263672, 0.27224034917107426, 0.2173727410760341, 0.16235952840056198, 0.1620633814051799], [0.06646274043248458, 0.10210443422277801, 0.2765763086752884, 0.23404008288123848, 0.16462503481380564, 0.1561913989744186], [0.058178968627345375, 0.0985313484690025, 0.2652567518158802, 0.2465570230676116, 0.16512753610599212, 0.16634837191414487], [0.03839720661706972, 0.13659896188089488, 0.25697103963569584, 0.24768059201293954, 0.16763426154241826, 0.15271793831098132], [0.054895282246331674, 0.10268623682091998, 0.258330395647425, 0.2632826207977256, 0.16117352323815756, 0.15963194124946434], [0.05580908051044872, 0.1162333957572713, 0.26851784010431684, 0.241822856990574, 0.1465136300304267, 0.171103196606978], [0.037721410825671105, 0.09374259106822311, 0.248444833890002, 0.2441964795747812, 0.1985786477180248, 0.17731603692328457], [0.05369520132018475, 0.1336630239554361, 0.25633572288375045, 0.2877515753946825, 0.11577463805812249, 0.15277983838782394], [0.03553052047180774, 0.06911806698043113, 0.22704499424936944, 0.2909819863667249, 0.19164628824497298, 0.18567814368669405], [0.0394734180096314, 0.12275556482041412, 0.2543635129206182, 0.24932331257118195, 0.14960086191095148, 0.18448332976720216], [0.06279054927132376, 0.11461452696245923, 0.2841183392182818, 0.2084520456410773, 0.16257294955256266, 0.1674515893542971], [0.0636842536358503, 0.1058893179120084, 0.27157583764073234, 0.24578060099478224, 0.1946517947132008, 0.1184181951034529], [0.02344657257032248, 0.1438462643617189, 0.23991291604714662, 0.2687997632986074, 0.17340499515943145, 0.15058948856273696]], [[0.039766552448062834, 0.1418328679932255, 0.25274003121305294, 0.2684464374165342, 0.1292747616125764, 0.16793934931655569], [0.026542348432137087, 0.1468182573955468, 0.24450031507506176, 0.26395766335610893, 0.15098692251455512, 0.1671944932265788], [0.04783919431167105, 0.13905860828929792, 0.26675773022513666, 0.24244334603644324, 0.16833680679464344, 0.13556431434280772], [0.013979711754790937, 0.12961191825432813, 0.21074620464099125, 0.32903356443453896, 0.19666870446655346, 0.11995989644876699], [0.06544298787499322, 0.10245295705013863, 0.27146582775866085, 0.24805414644758733, 0.13709077838303535, 0.17549330248557882], [0.061640718575420805, 0.11127167910199658, 0.27055788865731745, 0.24725070786420342, 0.1657925039355529, 0.1434865018655042], [0.06405396377981679, 0.10965901055261627, 0.2761115784202592, 0.23429952670172374, 0.1441953034477194, 0.17168061709783886], [0.04534782576053077, 0.12840451822499177, 0.26597763847124284, 0.2310597764597404, 0.17082907239020464, 0.15838116869328847], [0.050759589913620264, 0.127102655585108, 0.2771577215938047, 0.20800082276867024, 0.16189864133120857, 0.1750805688075988], [0.041279881140116506, 0.11724534711580185, 0.25664576298640895, 0.24303179926963853, 0.179459014161366, 0.16233819532666843], [0.06105173395755867, 0.12441479963000499, 0.27978711351628743, 0.22466722856750604, 0.15132396533976086, 0.15875515898885303], [0.06479465651234298, 0.11575582788124496, 0.2768990502175639, 0.23794071485263354, 0.1499459645857377, 0.15466378595045147], [0.06221888460523268, 0.11274923994376848, 0.2725539011370426, 0.2431534623341023, 0.14106473695809524, 0.16825977502176084], [0.03799175215489948, 0.12970482579463524, 0.2608649189171086, 0.2291619905081034, 0.16551692738115242, 0.17675958524409974], [0.06167205863118611, 0.12393506157648874, 0.2762136258037891, 0.23760187742779312, 0.15180569340976646, 0.14877168315097755], [0.04408043066530733, 0.12290010147571315, 0.26404967367412635, 0.23027682696224888, 0.1861198865327002, 0.1525730806899057], [0.05435179255796425, 0.10281478990336382, 0.2612343302190152, 0.2525125504612008, 0.16503122064176842, 0.16405531621670533], [0.05090932117260131, 0.12064185450916352, 0.2673774258569355, 0.2357388303841321, 0.15973627254022402, 0.16559629553693922], [0.04476258948614063, 0.12140249861285882, 0.2604842801670986, 0.24254982644849818, 0.17089911249672635, 0.15990169278867805], [0.05897049226112292, 0.10876112237096647, 0.256247188695011, 0.28466541715279653, 0.10417964499375097, 0.18717613452634707]]], "bagging_alg3_list": [[[[[0.08892087803112775, 0.10615532060005656, 0.3077754600688059, 0.19437211411406424, 0.13426231325704996, 0.16851391392888798], [0.07264195485415094, 0.1427295485153919, 0.2926602239857534, 0.22590005336270808, 0.13291155508744038, 0.1331566641945545], [0.07816384203144291, 0.14072739843314935, 0.30909838835819187, 0.1855915557714481, 0.1327695594313029, 0.1536492559744639], [0.08632061552915078, 0.10248454074577691, 0.3071576122428359, 0.18712223073503034, 0.1567538991818894, 0.16016110156531185], [0.08101932757305054, 0.11198538619580276, 0.3021917871320925, 0.19588150237126495, 0.15907043187051687, 0.14985156485727535], [0.07867850149086175, 0.12131831345731584, 0.3060490561461262, 0.18365107312520954, 0.16590086378427427, 0.1444021919962109], [0.08462703067894001, 0.11363282945717663, 0.2945431792654281, 0.23130634162321048, 0.13981524701010906, 0.1360753719651344], [0.07666268187867267, 0.1138025382268472, 0.2997568820697555, 0.19356019442189368, 0.157351237660079, 0.15886646574275068], [0.08114414487938855, 0.12467265722422459, 0.29638606956657165, 0.22380155873521898, 0.147164141726206, 0.1268314278683916], [0.0854025271563295, 0.11885880401592404, 0.31003796931753574, 0.1864312858956576, 0.1204734933449216, 0.17879592026962923], [0.08835625771278402, 0.10920652091197815, 0.3178832725507954, 0.16224388995971906, 0.15750761237334793, 0.1648024464913772], [0.09011800781353647, 0.11029554103667043, 0.3125412446192827, 0.1850343817963869, 0.1590481221995255, 0.14296270253460924], [0.08203390800649411, 0.12440328301927678, 0.2985962251555253, 0.2186744765179249, 0.13122705018609437, 0.14506505711469034], [0.0692829559913164, 0.11564752444229018, 0.2984197211921274, 0.17993359824923336, 0.1921758843132775, 0.14454031581175475], [0.09900796327282395, 0.11975872611173084, 0.3274712038538115, 0.16629315070788522, 0.13400682587099622, 0.1534621301827513], [0.059480524157924805, 0.1522404190285444, 0.2936735029812823, 0.19450416803942058, 0.1389976418370366, 0.1611037439557915], [0.07748634833241531, 0.12436087611922778, 0.3024646069986594, 0.1941356236983502, 0.14299836691121384, 0.15855417794012489], [0.09052616260799151, 0.13539551361331828, 0.31485175632159246, 0.195865010833296, 0.1454455019354582, 0.11791605468834335], [0.07214745698164655, 0.12312525720615455, 0.3027323862037106, 0.1785311901785499, 0.1764694963612935, 0.14699421306863855], [0.08950034766520935, 0.14165721702057005, 0.31888287883214705, 0.18422672588558192, 0.12126780959387437, 0.14446502100261713]], [[0.07108673965319555, 0.1394278763129903, 0.29793081351375256, 0.20257143420101176, 0.16696963617339566, 0.12201350014565433], [0.08849910856592469, 0.12006145039134077, 0.31276350066660574, 0.18671364966060675, 0.14575957661217448, 0.14620271410334346], [0.0809396798803932, 0.12832589855079002, 0.30476460029425007, 0.19843151855695018, 0.13147458198450998, 0.15606372073310765], [0.07493613854628269, 0.12550862975280044, 0.30663775779985125, 0.17475150747956064, 0.16402763063000153, 0.15413833579150216], [0.08258259754238387, 0.11502573842244979, 0.3052105476753822, 0.19223281436044307, 0.1505690024222579, 0.15437929957708266], [0.08730711071342791, 0.1407214425385519, 0.3244874631616502, 0.15964644218521543, 0.13574661499433366, 0.15209092640682068], [0.09239445369086306, 0.10880993142679601, 0.31505897406620764, 0.18177783309658554, 0.15224469252606848, 0.149714115193481], [0.09397232714319108, 0.11769441145159336, 0.310432778425442, 0.20701335721952305, 0.1321120743186978, 0.13877505144155156], [0.08791995640353578, 0.1336550690814747, 0.3150385406275757, 0.1870493594535698, 0.12369934425160083, 0.1526377301822431], [0.09930086711180207, 0.109904812336032, 0.31298827047991096, 0.20739463804623687, 0.13689361211068088, 0.13351779991533752], [0.07758740152094791, 0.13266492841436175, 0.30296429242502204, 0.19850688919559858, 0.14120822687225978, 0.1470682615718179], [0.08119184846984884, 0.12959115174861602, 0.3054666113940363, 0.19771436311829, 0.1359856106066407, 0.15005041466257021], [0.07413085435145585, 0.12266117978347467, 0.2977695386604845, 0.19934984890802884, 0.1367271268833452, 0.16936145141321798], [0.07916815788180541, 0.13279153166340055, 0.30618683857622553, 0.1923938740625884, 0.16044882502220142, 0.12901077279377868], [0.08513869472321839, 0.13063595931652638, 0.3086786898284819, 0.19841084655203262, 0.13869611682431596, 0.13843969275542511], [0.08152704093464062, 0.11442970536817004, 0.3022983001386602, 0.19857786761667084, 0.16137935832367478, 0.1417877276181927], [0.0758720271348929, 0.12417500759136497, 0.30189455217117694, 0.19168803482734117, 0.15687184909309648, 0.14949852918213272], [0.08491423778849597, 0.1237078072217426, 0.3046693002594191, 0.20609339704729124, 0.14182956113851022, 0.13878569654454534], [0.07078435057274347, 0.14087263731380453, 0.2973682220658387, 0.20443790745432536, 0.1395113821569754, 0.14702550043631263], [0.09379212645984165, 0.12345285934709949, 0.32034532422064227, 0.17836771237497887, 0.1489824663855633, 0.13505951121187418]]], [[[0.08813233262430178, 0.11830741635288004, 0.31730795156524794, 0.16974264650192833, 0.14506183380358736, 0.16144781915205167], [0.07768928779088319, 0.11253955339163355, 0.29396491695990484, 0.21414545989462416, 0.14159906408634812, 0.1600617178765999], [0.08687881870504466, 0.10275934963258851, 0.3034785184039351, 0.20065568479872256, 0.14019976953606678, 0.1660278589236459], [0.09145047659141814, 0.12369105463489692, 0.31662017800953624, 0.18451828207858323, 0.15574515912902293, 0.12797484955654245], [0.07878386937520898, 0.15163851167759484, 0.3170215874142727, 0.16905039129161548, 0.14275531837306593, 0.1407503218682432], [0.07058296160066806, 0.14903664735690503, 0.30056301795694174, 0.19916469819745922, 0.14093229377675026, 0.1397203811112775], [0.08458053105088167, 0.12101282270317587, 0.3131756004732673, 0.1759416049286984, 0.1865350381217395, 0.11875440272223865], [0.09265814926656105, 0.09645912125727281, 0.30504726660930803, 0.20653974481915657, 0.15717092676517921, 0.14212479128252206], [0.08368841715368311, 0.1188691179760373, 0.3123020911782966, 0.1747375612952174, 0.15147683756998634, 0.15892597482678314], [0.09574198969797575, 0.12753032923741914, 0.315949420199728, 0.20048328241430868, 0.12418155742698694, 0.13611342102358115], [0.07349025274240435, 0.12712780948753255, 0.3051898169545962, 0.17674545026075683, 0.16011930560775886, 0.15732736494695385], [0.07372990489576717, 0.12416617965424911, 0.29841469767049167, 0.19739085309180093, 0.16279589925534807, 0.1435024654323459], [0.09663706493030318, 0.12963957447253066, 0.32206167864751384, 0.1844444553516363, 0.12920668143699093, 0.13801054516102618], [0.08678491227538952, 0.13994056508293443, 0.31675490622129826, 0.1828913326958796, 0.13604591280993736, 0.13758237091456244], [0.0801027921462495, 0.14635215959052195, 0.30906233110055165, 0.1946104746087713, 0.11599932018391042, 0.15387292236999522], [0.09157882671863599, 0.13078346162184354, 0.3115599213253678, 0.20610153446953947, 0.13516913230977917, 0.12480712355483355], [0.07547107645785643, 0.1433041092093845, 0.2988274183859215, 0.21369900192155492, 0.13409378153314136, 0.13460461249214148], [0.08688019357472909, 0.11334181207217012, 0.3027291712011892, 0.21042010500954975, 0.14117155301397485, 0.14545716512838702], [0.08322073678984146, 0.14677302879101561, 0.3123293032154425, 0.1926322367416837, 0.13885277961664289, 0.12619191484537362], [0.08738393785767738, 0.1236810584230316, 0.31212079868587533, 0.1884329880781599, 0.15681330954433736, 0.1315679074108991]], [[0.08124697221795128, 0.12246990822615877, 0.30171257269066337, 0.20524025278619457, 0.1507921153214609, 0.1385381787575739], [0.07909242292085511, 0.12802547726582883, 0.31009684930524545, 0.1760968919564989, 0.14724210513205332, 0.1594462534195107], [0.08094887720984512, 0.13834921130663608, 0.31039906260981315, 0.18708803107279587, 0.13737400304061811, 0.14584081476028984], [0.07531583636411056, 0.1378363891535072, 0.2992831490574825, 0.20815322461587504, 0.1551464668795371, 0.12426493392948669], [0.09719099719791997, 0.11800997671684152, 0.3191825922082007, 0.18729734849509613, 0.13994200845554497, 0.13837707692639825], [0.0869608714199714, 0.11258449998797841, 0.30020488816183166, 0.21828741131973028, 0.13530113227261487, 0.14666119683786924], [0.08660926626003293, 0.1036244575855757, 0.30222653542899025, 0.2046981103028372, 0.1537211464101153, 0.149120484012448], [0.07518827658038038, 0.13224028044684044, 0.2993251410321534, 0.20382235215091515, 0.1570264131588454, 0.1323975366308652], [0.0852104647972115, 0.12699710645874185, 0.30660393582205187, 0.20274082060532717, 0.12305825172780327, 0.15538942058886387], [0.08385803015112049, 0.11621289162500759, 0.3048690535418697, 0.1974824317070525, 0.1429194535036062, 0.15465813947134113], [0.07732243175840213, 0.13676569686507092, 0.30487626547297975, 0.19440492290043512, 0.13834933616976353, 0.14828134683334948], [0.08714441319157924, 0.1319858657319291, 0.3109913233677584, 0.19710707866940044, 0.13835820321739245, 0.1344131158219409], [0.07782872634810353, 0.12840614662556427, 0.30666698448759533, 0.18413709943065293, 0.13890121321682727, 0.16405982989125295], [0.08328233132428495, 0.1189882768082601, 0.30368535058135177, 0.20172060937278827, 0.14060767971006505, 0.15171575220325031], [0.09353935421488836, 0.12115096042754503, 0.32194894920599765, 0.17098954823324236, 0.16522560040829062, 0.12714558751003496], [0.07810477629373141, 0.11496726317667115, 0.2996994482629651, 0.19839139366222064, 0.16327724979433192, 0.14555986881008923], [0.09185038314694051, 0.12075565400275502, 0.3150917632984527, 0.1884914612413059, 0.15157409879273723, 0.13223663951780917], [0.07634298044220211, 0.1301857575502075, 0.3026204722129064, 0.19467848168214075, 0.1493300415503927, 0.1468422665621509], [0.08993473359229436, 0.1116866924415921, 0.30476310887230473, 0.21065344603899686, 0.13118501069143249, 0.15177700836337787], [0.08149286499227108, 0.13558571575935738, 0.3041125751071587, 0.207101773593536, 0.14313997712779342, 0.12856709341988146]]]]], "bagging_alg4_list": [[[[[0.07992044345014139, 0.11616925814986846, 0.3025154707170673, 0.19470753962854107, 0.1399328023011602, 0.16675448575324028], [0.09242431791967866, 0.13904557623782082, 0.31475641110555613, 0.2035377000147317, 0.11768825293484644, 0.13254774178736597], [0.06600839032939292, 0.10953119408187906, 0.2877037052665391, 0.20185193759612, 0.17816782379684598, 0.1567369489292223], [0.06990571433548246, 0.11608943191994883, 0.29261126639374646, 0.20075373850964043, 0.18763154277945784, 0.1330083060617187], [0.07673876693385046, 0.13297158765089206, 0.30358456822122465, 0.194517482545694, 0.15033018782142762, 0.14185740682691342], [0.08491793043030427, 0.12110515550237548, 0.3069348843833253, 0.19690570647894753, 0.13748302748945454, 0.1526532957156116], [0.08093099971688762, 0.11333828178568693, 0.31396314692131244, 0.1583523999794801, 0.17070596535719482, 0.16270920623943694], [0.08693846289732551, 0.1036023757591588, 0.2993487022904042, 0.21484380970514794, 0.14191745389571048, 0.15334919545224537], [0.06888587482247949, 0.12283250906879035, 0.2908248504508084, 0.2082757806488062, 0.1439800252833484, 0.16520095972576584], [0.0883929886568018, 0.12980129978775526, 0.3161631874572169, 0.1820596503924903, 0.13806977882116186, 0.1455130948845712], [0.08672020437253268, 0.12458913747468056, 0.3083745892238071, 0.19941717247705718, 0.14311103231393196, 0.13778786413798114], [0.08277524172056279, 0.13596814002502458, 0.3150388996922927, 0.17532718977955372, 0.16488054266860613, 0.12600998611396], [0.09879606110007452, 0.1157096146188013, 0.3208147337908044, 0.18466358101220579, 0.1456237072784427, 0.1343923021996674], [0.07924168469354917, 0.12398129373582945, 0.30814941849067906, 0.18004184859473585, 0.14905174559622586, 0.15953400888898275], [0.07777935266354107, 0.11916150968315499, 0.29295859880669384, 0.22228988970559535, 0.15057871651584365, 0.1372319326251516], [0.09315037240605945, 0.12244198139067508, 0.3197971053731231, 0.17771450280863793, 0.1414245290508022, 0.14547150897070832], [0.08680657070581556, 0.13270559555992723, 0.316324001961248, 0.17935445659928242, 0.13707214458971062, 0.14773723058401503], [0.07363662475686301, 0.12165251768206653, 0.294678830569061, 0.20758060562748457, 0.16577262871863951, 0.1366787926458841], [0.08330964988138674, 0.13653625314870216, 0.31352465415979724, 0.18189108652760308, 0.13743920580891175, 0.14729915047360165], [0.09106922080888936, 0.11077053699096191, 0.311246140090137, 0.19207238664947493, 0.15687339845617262, 0.13796831700437295]], [[0.08938273727439071, 0.11433341041980519, 0.3076388348471111, 0.20168447551639518, 0.13349823953650813, 0.15346230240578787], [0.08350159991266035, 0.12530574453183435, 0.3048822189366279, 0.20274210603428433, 0.13557737616802687, 0.14799095441655993], [0.0914625909578449, 0.13441668055159858, 0.32002021587802204, 0.1808570410777936, 0.1481398964328572, 0.12510357510188358], [0.08293685433841502, 0.1314731356154248, 0.3048935298055412, 0.20546166516372977, 0.13253523678396495, 0.1426995782929242], [0.0884512292150591, 0.11117967200453399, 0.31402555833905826, 0.17637768209222243, 0.15200666580417063, 0.15795919254499083], [0.07872121639756642, 0.11333396475887156, 0.29998427578459075, 0.19796986485010182, 0.1647263785180714, 0.14526429969080065], [0.09394901688228086, 0.11816610431896567, 0.3174703363044301, 0.1845051087497772, 0.15300461277517383, 0.13290482096937206], [0.0837939500077418, 0.13413740327934434, 0.3126394662735451, 0.18443099484073638, 0.14423778130683132, 0.1407604042918029], [0.08748782202933597, 0.12285505702224235, 0.30594462045715737, 0.2080716464629998, 0.1302194967778286, 0.1454213572504329], [0.0837345397518081, 0.13025269968959105, 0.3101456594817364, 0.18963411330077534, 0.13284547544161107, 0.15338751233447964], [0.07312703528432768, 0.13443420457083188, 0.30084387889620634, 0.19490112179808716, 0.14703930727435469, 0.1496544521761915], [0.0859807204689742, 0.11437422422917531, 0.3038391992748592, 0.20524745600908295, 0.15736280858460117, 0.13319559143330723], [0.0846878871097499, 0.11728468261153405, 0.3025896748283964, 0.20790765173494868, 0.156013136169616, 0.13151696754575992], [0.08839539143567691, 0.1178965451022637, 0.30847011844325606, 0.19892543053820685, 0.1478039196970744, 0.1385085947835269], [0.0766973351614879, 0.12970784191657586, 0.31435798248590036, 0.15722564535003192, 0.1716572400212082, 0.1503539550647963], [0.08476778541404238, 0.1245778082328443, 0.3080115374045653, 0.1954086197006725, 0.1376697214183426, 0.14956452782953295], [0.09250259004121335, 0.13332645658063252, 0.3262927768382502, 0.16236992652201815, 0.13710381228449797, 0.1484044377333872], [0.08858500027234242, 0.1231914879058111, 0.3152301408587019, 0.18106016989517448, 0.1427470865367699, 0.14918611453120578], [0.07283767938747296, 0.10698063364274629, 0.2895592119820052, 0.21199480916399388, 0.16697037297658193, 0.15165729284720325], [0.09563424074793277, 0.11173763861459395, 0.31118283177695455, 0.20487086909031657, 0.13766888805097893, 0.1389055317192235]]], [[[0.09210084798251773, 0.11996966479548131, 0.3117943280562501, 0.1992418900013407, 0.13566134426733123, 0.141231924897081], [0.07826181800668111, 0.11567528271252873, 0.29940369730283234, 0.20017645688131866, 0.14984561550602227, 0.15663712959061438], [0.07482428983143352, 0.13099337373860315, 0.29542625264696937, 0.21457043644477872, 0.13777057838449805, 0.1464150689537174], [0.07421205999041675, 0.13727392024761115, 0.29612030744452866, 0.21511597941827112, 0.1504074545923455, 0.12687027830682474], [0.08225971580747432, 0.13907732938719042, 0.30774902146980937, 0.19961840649271953, 0.12859713343311177, 0.14269839340969373], [0.06953055669695124, 0.13109262889725357, 0.29434270794727596, 0.20420272615242258, 0.13768443370602293, 0.16314694660007467], [0.09008611380111914, 0.10414577598216908, 0.31383734551677034, 0.17643778059734555, 0.15186609473055396, 0.16362688937204228], [0.09167480978299704, 0.11239177433855924, 0.32008841831936635, 0.16595974681726142, 0.14696811382663413, 0.16291713691516305], [0.07761750012829131, 0.1289927342641828, 0.3069915414440062, 0.1829470013193759, 0.1417978855486919, 0.1616533372954695], [0.09616586304628393, 0.11961375921041066, 0.32315155560209624, 0.1727866468204056, 0.139660876769014, 0.14862129855179193], [0.07834260380779677, 0.10824362854672571, 0.2936262224731707, 0.21406118436563826, 0.15169618714902322, 0.15403017365765448], [0.09537491657318353, 0.1165964891234656, 0.3200913413412986, 0.17854268598877124, 0.13482515680632748, 0.15456941016694847], [0.10681672375978203, 0.11714413511829558, 0.32601016531342686, 0.18981058585906638, 0.13015033275654186, 0.13006805719288617], [0.08024945725057035, 0.13707149820429992, 0.31589014576960783, 0.1665130600584992, 0.1406894490694947, 0.15958638964752794], [0.07418687251755376, 0.11692390660193862, 0.29973284912741505, 0.18929209586976628, 0.1615290236926109, 0.15833525219071412], [0.08876720633799426, 0.11334157304019803, 0.305220225806384, 0.2072871086460861, 0.14048181136202362, 0.14490207480733372], [0.08427415743888902, 0.12778588751996972, 0.3067990360499943, 0.20019606840218865, 0.12539437880469204, 0.15555047178426645], [0.07410893562641133, 0.11584883310551908, 0.28806456862101865, 0.2262352353174227, 0.1492048601287815, 0.14653756720085753], [0.08374959114570359, 0.11686125649151279, 0.30412709367718427, 0.2001548895127415, 0.15884488168917607, 0.13626228748364885], [0.08290516666523595, 0.13816498824628728, 0.3165828502340918, 0.1720512517483635, 0.14600277655175725, 0.1442929665542641]], [[0.07031169868543656, 0.15361154674834998, 0.3089846499266829, 0.17417803342455923, 0.13562055467671638, 0.15729351653825502], [0.08757966002905945, 0.11637507683559888, 0.3121627681228441, 0.18377415711375153, 0.15895258035798834, 0.14115575754075568], [0.07004040693152729, 0.13111865708285128, 0.29376559874136227, 0.20756447883797652, 0.1578111502865625, 0.13969970811972027], [0.08718894969774577, 0.10944816057931014, 0.3067808089004721, 0.1953806252966878, 0.1447413160821705, 0.15646013944360654], [0.07825929076448536, 0.12871773615041168, 0.3015848132922951, 0.20209278598134287, 0.15023940805930536, 0.13910596575215792], [0.08530949202181368, 0.12655799230488374, 0.3126098187544356, 0.18325124566362963, 0.1387895969617585, 0.15348185429347902], [0.08831536159896655, 0.11517922491289738, 0.311085512851742, 0.18837491227004577, 0.15598014702776508, 0.14106484133858935], [0.08286899430144382, 0.11321231045878748, 0.3064110427826007, 0.18786178553900967, 0.1561469037970745, 0.1534989631210785], [0.08532304174980525, 0.1437592365372488, 0.3129893257083557, 0.19396484627537164, 0.1420700234952239, 0.12189352623399302], [0.07979181298310511, 0.1191334030081261, 0.30477318930735936, 0.1891748247138127, 0.15707083140841155, 0.15005593857917804], [0.07671822188670749, 0.12776651425534996, 0.30218517763980685, 0.19530978435389038, 0.1323992588360089, 0.16562104302823683], [0.08536709510315339, 0.12279246373855494, 0.30786719915954763, 0.19622744742894763, 0.13816282959292583, 0.1495829649768754], [0.08097284393308732, 0.10886803162614958, 0.2939786601912096, 0.22023758938352928, 0.1441596181762583, 0.15178325668976309], [0.09432285547028825, 0.12952158933155342, 0.32198151360216265, 0.17858160607367465, 0.13937486042412292, 0.1362175750981983], [0.09294558901687101, 0.13402338519902332, 0.32263140569459453, 0.1760301566482278, 0.15314096948298003, 0.12122849395830303], [0.07452470771459566, 0.1427267195563564, 0.29959733229399976, 0.20833938334152538, 0.14083800522364198, 0.13397385186988087], [0.0850822944814369, 0.11450178356078411, 0.3097661606193558, 0.18357771244689394, 0.14022061928497667, 0.16685142960655525], [0.07943727748854705, 0.13471443199820474, 0.30572866110888997, 0.19579208468581502, 0.13856976404874505, 0.14575778066979694], [0.09240295402269952, 0.1201555289616324, 0.31586413273707425, 0.1869103088542737, 0.13325346172752453, 0.15141361369679657], [0.09122472559380536, 0.13136996701206974, 0.31737874695914237, 0.18665620709807762, 0.1378847603933628, 0.13548559294354212]]]]]}