{"SAA_list": [[[0.08934503767152915, 0.08171541666535194, 0.14563759633694817, 0.148028805175202, 0.05036927256879305, 0.04442821616804613, 0.08492733317567526, 0.10458527623544296, 0.15823296750882407, 0.0927300784941553], [0.10349393672705451, 0.039126484529119016, 0.22598872545602905, 0.20708802576164603, 0.07853391187380795, 0.04709240486667649, 0.10295390498527597, 0.00042548881441665495, 0.14296648414281485, 0.05233063284279659], [0.06787255836917165, 0.06817547196852862, 0.18049260048405621, 0.12409434041184088, 0.05654026770733756, 0.09186148507992645, 0.20164212477846588, 0.11201333468122678, 0.06723110407433729, 0.03007671244509486], [0.09746595623388118, 0.03594965791684771, 0.12034882825031058, 0.13694852983480285, 0.12128531858245753, 0.033472684250251836, 0.048098421602274115, 0.1416584619486218, 0.14970346515266628, 0.11506867623005664], [0.12468441414989151, 0.12036787880069319, 0.09335594702680544, 0.04353877692423915, 0.13115760428590154, 0.17911475340083824, 0.1323817823823183, 0.09880903395059265, 0.056545594714446167, 0.020044214362710488], [0.07614862894913121, 0.1135096628885145, 0.08615792900844044, 0.08815461745133614, 0.14183624844881385, 0.17797403788300695, 0.07493938564430438, 0.09541590167545333, 0.07740463610948492, 0.06845895194142464], [0.11044467634643167, 0.1561891205598282, 0.08807743861632358, 0.08936814151138744, 0.031877337370170594, 0.17343352687805766, 0.10462781368809723, 0.019163344969476408, 0.20357826393189574, 0.023240336128530308], [0.05276784256103822, 0.14490639961922291, 0.08387033898993279, 0.12969795064212056, 0.14161472511983414, 0.0606291899765558, 0.08366800020505892, 0.13646290313562043, 0.02437025286485076, 0.14201239688637798], [0.168475402480697, 0.10258012935671218, 0.10611185925043701, 0.03889918530197314, 0.07943917874200634, 0.08761288069885274, 0.14291062970784213, 0.12969633692370977, 0.07260017200883473, 0.07167422535835345], [0.03414763718323319, 0.07440367606897685, 0.08954230630869456, 0.14502629443441095, 0.1139786671571413, 0.07311671134931706, 0.12880714787390143, 0.10396013157545617, 0.15177861214153646, 0.0852388159074798], [0.07335320599107269, 0.10151943488225808, 0.12131748289256811, 0.0999806470432493, 0.027983825460743586, 0.1510267814946951, 0.11635046229347618, 0.13881191614902583, 0.0821237795184511, 0.08753246427423496], [0.13289294565790355, 0.1274655827277601, 0.14552953662872123, 0.22077296106089936, 0.11044334675532559, 0.15629434786332394, 0.027465419760742793, 0.04802649431427109, 0.007660189927464383, 0.023449175304457885], [0.1529626421191104, 0.08768741001530483, 0.04209857302419389, 0.03498310167261122, 0.13975619735391667, 0.04163062937203014, 0.10571067310114841, 0.12150339051589386, 0.16886095760193667, 0.10480642522385868], [0.067837120484734, 0.11388560735607461, 0.08042009242933505, 0.055755804589752156, 0.05014380997289706, 0.14540496667952435, 0.07799386330384907, 0.04301031567691219, 0.24742101862919624, 0.11812740087772948], [0.19146855504958407, 0.11513268292901145, 0.07742991559085012, 0.10344279103629032, 0.002772705331748865, 0.11494279272994103, 0.05768999442982335, 0.14570782458513715, 0.10953437422121964, 0.0818783640964302], [0.12918074050122183, 0.045477413290103616, 0.11315519559251441, 0.09757343185944814, 0.1344151651508469, 0.12315879236541821, 0.024253546082732055, 0.18664591172261863, 0.040142601528063586, 0.10599720190690706], [0.11721646895480663, 0.06288796878314365, 0.11222716577790937, 0.06804879635978389, 0.12822704867760007, 0.07412499469778196, 0.048566292283595054, 0.17606972691484332, 0.06552677411077754, 0.14710476343964232], [0.10081129750070722, 0.06388981783194174, 0.1023605402656292, 0.07371000372991235, 0.08250264336284323, 0.07740120088641715, 0.09516184022577488, 0.1409682777392167, 0.14287722719529847, 0.12031715134028868], [0.08184245181881707, 0.16877860638520792, 0.12618929697851197, 0.02775947538461046, 0.10588948444648541, 0.13011138776514197, 0.10839580853220197, 0.028803058273451695, 0.09675764245384572, 0.12547278796191527], [0.10607575018190596, 0.08171857537567817, 0.07248886575816182, 0.08194333566355097, 0.08976144238733745, 0.11465534479953267, 0.057287072438276826, 0.1698376134826277, 0.10849372229133385, 0.11773827742172055]], [[0.04739138287839776, 0.07995008797330301, 0.07041543533109577, 0.13752503361746687, 0.18337157758578557, 0.092831694460535, 0.15218479439897578, 0.11668993834452689, 0.08137698557146919, 0.03826306983663428], [0.13470079134205049, 0.0728778480331685, 0.10863438866460015, 0.11995444788652089, 0.055356556051276457, 0.07999938812563762, 0.13683863768537669, 0.09630152983065961, 0.156558839555368, 0.038777572895929244], [0.057523074479428005, 0.038593287668920284, 0.19283205223872021, 0.06564649180332743, 0.1188920625388292, 0.09339452324310216, 0.12008970310803435, 0.08565939717111937, 0.11077780518192597, 0.11659160256689428], [0.11736260727392775, 0.06124158322285356, 0.15454433256480754, 0.07489900021317944, 0.10741750960475434, 0.10460399908674634, 0.10680473248874185, 0.09990460255015367, 0.09054481033188093, 0.08267682266299316], [0.14585600005249852, 0.1457305748428987, 0.0841537445472387, 0.0738147634397383, 0.08080743443554181, 0.14021508666637525, 0.09738355682638093, 0.10149510303953532, 0.0634610580953035, 0.06708267805433128], [0.08639289541299146, 0.06357580423924548, 0.1426119154070422, 0.07070496103114537, 0.1397492540150729, 0.1569871630131326, 0.08524032604542556, 0.041026069504556596, 0.147814993021575, 0.06589661831002314], [0.1338160964437812, 0.09683131384003858, 0.17620518621486905, 0.154602423112996, 0.08896752921799109, 0.14184657644483953, 0.037101710262280714, 0.06831309558406116, 0.0623959726598541, 0.03992009621937642], [0.10979171379373591, 0.09635938735728099, 0.0790780539361563, 0.17613463768504953, 0.0586366099804456, 0.061026602266143946, 0.07317337935288669, 0.15547335955340363, 0.10122303438907924, 0.08910322167506333], [0.15968117213991048, 0.17114253635794702, 0.03328500228317366, 0.04816189362149407, 0.07150178334081798, 0.08453153712617395, 0.09464539272144852, 0.10792687408636649, 0.1195790109127985, 0.10954479740989272], [0.14105638670114054, 0.055077106623342496, 0.02842588333519759, 0.10318473268995983, 0.021136083079087722, 0.10017128958802496, 0.10892212242906801, 0.21034188633758258, 0.16750496960806857, 0.06417953960912089], [0.10339628472151659, 0.072604432550086, 0.042195081883931854, 0.11226200377409419, 0.1477300903502509, 0.06978632355575297, 0.08061932412545816, 0.14487225308063978, 0.13780816764456721, 0.08872603831287235], [0.06626903062546374, 0.12808908999831345, 0.021061392576663826, 0.16222040840797528, 0.014434287454614433, 0.12764653963392517, 0.11906436750433726, 0.13870836524717509, 0.16372625321229006, 0.05878026533856075], [0.05400463682809741, 0.13596862163785667, 0.05351085263296826, 0.07700364193371055, 0.09953488485204093, 0.08337367812699947, 0.09429405432922669, 0.11500252953005032, 0.14243068606412207, 0.14487641408893193], [0.12171869932529718, 0.09761208675287893, 0.11220742648046608, 0.13039568583616823, 0.04723760324104054, 0.1394098901225849, 0.05066674252205699, 0.11635100720503377, 0.09999864209606926, 0.08440221660501548], [0.07999854471264767, 0.13955039199887861, 0.14207179158755223, 0.14975094783705084, 0.01941599682208071, 0.10243386444622575, 0.13066574914205423, 0.06383585038523247, 0.09231169495398253, 0.07996516811426746], [0.12683585171082193, 0.09596149012879655, 0.10260621087379115, 0.008735873837942675, 0.08607019964445754, 0.06582329504156244, 0.14549126815796434, 0.11403033195943944, 0.13720258520257309, 0.11724289344264473], [0.14366124624330195, 0.13029467878407036, 0.0741476615211805, 0.054611938677206845, 0.14644816299876484, 0.10074420078133957, 0.12437167891376248, 0.05831828556903075, 0.11136588489965069, 0.056036261596985625], [0.07368155746599821, 0.057718365411055524, 0.15372045503612886, 0.07003878697926443, 0.17180718369939543, 0.12201022148211364, 0.08115642089745956, 0.10073590513815175, 0.06614850920260879, 0.1029825946880195], [0.11228306156436299, 0.09112918639758621, 0.028556308745964005, 0.1484353040838775, 0.12105616433719907, 0.05658807349439344, 0.06063679980896043, 0.1885018286904616, 0.09094279151971624, 0.10187048135809286], [0.14193108808054408, 0.216008921846902, 0.11257545428576458, 0.149765711856052, 0.10977566778690775, 0.08819819041066827, 0.0253012193708013, 0.023535428137495904, 0.016684776865502314, 0.11622354135918302]], [[0.11061752862172283, 0.10347102386485171, 0.10908667876987234, 0.10289072464939303, 0.1278144888400602, 0.0685188410419481, 0.02267927534601239, 0.0744422449059134, 0.1374981463548099, 0.14298104762139613], [0.10612594274690428, 0.09746663489858766, 0.060632277704169055, 0.11554210329139716, 0.0685413412441167, 0.07610757273018377, 0.08694371508742117, 0.12442427357792052, 0.16279702959502212, 0.10141910912424482], [0.03639919366535081, 0.13832445735736587, 0.08541442792174661, 0.10948934969557314, 0.13286918476723122, 0.13787108013490365, 0.15008640207779983, 0.046091245714620484, 0.11144029297348622, 0.05201436569179695], [0.1198975457584675, 0.031090911981618594, 0.16508198908777724, 0.05972722637638318, 0.1226150076831569, 0.1245854294058737, 0.10909924940102918, 0.17763289697204573, 0.010244867412918374, 0.08002487592068624], [0.09092146126997475, 0.1168293385256808, 0.18264183201202758, 0.08857748717244276, 0.0925786536169257, 0.09104561670099706, 0.10567622026953241, 0.06891683517036178, 0.04326401154265054, 0.11954854371939523], [0.06871722586888632, 0.11307321778333086, 0.14778145171660378, 0.12334874192204807, 0.09204730837343451, 0.11803904266691394, 0.07348937365890974, 0.04972766808400463, 0.10701217751646339, 0.1067637924090772], [0.0898259849882111, 0.1259095591839242, 0.15610682067871318, 0.0003490227204036736, 0.08430178183888747, 0.11637846202671856, 0.128651899136392, 0.07422656959483077, 0.08709294334958008, 0.1371569564824263], [0.12592320277814598, 0.10484376011700043, 0.09910650165099884, 0.09534824624599655, 0.14724218980341597, 0.15139278356469973, 0.10896154322276724, 0.06035035540532444, 0.0858005195727521, 0.021030897639643806], [0.05662535300695728, 0.09496062700926887, 0.1447458906654125, 0.11822753275981786, 0.09208788665087868, 0.08541599718034293, 0.12535930817644833, 0.10709736026846635, 0.07035458205874306, 0.10512546222357726], [0.09931670819752283, 0.07098140537465712, 0.11712161788100038, 0.13169510981470414, 0.09971239918818309, 0.10191195037323858, 0.09174561227416979, 0.10214567444622007, 0.11476004348316107, 0.07060947896715405], [0.13804511990335336, 0.11904510074045065, 0.11780350958740424, 0.06492527286343351, 0.15515686901750195, 0.11054687279776627, 0.03682595464237639, 0.05375147461348501, 0.09188424407113618, 0.11201558176316054], [0.1140165207170546, 0.05996452412967348, 0.08650998924731512, 0.07317515179918474, 0.12106893735687244, 0.1308996826998696, 0.16910891912744486, 0.120552372502431, 0.11494650157647567, 0.00975740080932106], [0.0955929869939386, 0.10710770773376309, 0.1169423383099067, 0.029550000930921794, 0.11046384131517616, 0.028934566622990536, 0.1186689804446467, 0.1813450105954066, 0.08275857663024089, 0.12863599042302085], [0.11773084521137919, 0.07142907373709331, 0.18246166281855708, 0.10641241203524412, 0.09198822321603758, 0.16607294265523895, 0.033960730709720374, 0.11047818347690488, 0.027518515184213495, 0.09194741095558458], [0.11753560543484785, 0.09139895953682446, 0.08847306809449489, 0.07756391725716612, 0.09104054793695225, 0.1360510475489658, 0.09439989946791959, 0.14163851477748482, 0.08580904481031075, 0.0760893951347771], [0.10562784691930006, 0.145576409461313, 0.08772529023993984, 0.08843470934575155, 0.11034680056210261, 0.0776566096356904, 0.08147910972191011, 0.14113659737095255, 0.028136819428592887, 0.1338798073142682], [0.14218190157520819, 0.07281589226978649, 0.09638258383188598, 0.04647812229656344, 0.07612228677074394, 0.10995682644914262, 0.1047247119697736, 0.11902648168506182, 0.14899052065710394, 0.08332067249436302], [0.096820727502643, 0.08381160446944494, 0.12090153041402592, 0.11689222858369092, 0.12473802582769167, 0.15627622572986918, 0.10648466391317439, 0.06295536246144441, 0.10279196852804119, 0.0283276625700761], [0.11722085456057703, 0.09654898600146938, 0.1070233834879273, 0.09179855511876009, 0.10684609406112605, 0.07881455851181915, 0.10701927198303891, 0.10415398813133472, 0.10023637457508049, 0.09033793356882402], [0.12416731032910851, 0.09360740577018511, 0.10115508286775103, 0.07939103662708354, 0.07769281733565221, 0.0842214060367103, 0.1270961509918019, 0.09709603247250516, 0.13696327457651125, 0.07860948299104828]], [[0.0769804853346968, 0.07303363639282098, 0.11484319924022719, 0.13436817269519316, 0.10559162116313432, 0.08230572822346566, 0.10389716712301951, 0.09676429304172644, 0.12861725591335094, 0.08359844087211213], [0.10582756795080153, 0.09099634749106497, 0.12046250435738584, 0.043458777413974775, 0.10180821393177818, 0.1308680013599854, 0.11160384139533394, 0.08696330222323283, 0.12055793002315934, 0.08745351385340562], [0.10483198820371888, 0.13957141412237953, 0.11334658356996076, 0.038386500260209275, 0.05221255577455542, 0.03551562907112306, 0.07681636327374763, 0.15619461707867452, 0.12519731036666468, 0.15792703827898755], [0.07542487174610182, 0.11994284052749693, 0.13011926341374788, 0.10959314320440401, 0.10080371405141646, 0.12418368404854484, 0.11989309316693046, 0.09946458353053848, 0.040779569363180404, 0.07979523694766194], [0.05021313235164847, 0.1332712547764767, 0.11899969337182001, 0.08763849892993193, 0.13069282940425112, 0.12719425348535168, 0.17316949916655053, 0.06468917289605809, 0.057842707311948786, 0.05628895831551943], [0.12425493957295435, 0.11408881601035847, 0.1374446804952673, 0.06658191847258066, 0.06721488501362582, 0.1167536998928034, 0.12122684956657959, 0.13124164759040532, 0.029219891299123817, 0.09197267208629206], [0.1049350546422951, 0.09342618277646914, 0.12267951490645383, 0.12933618012144685, 0.07611387740628443, 0.09625346962725849, 0.10333034800915748, 0.12158503739402163, 0.07181404839831675, 0.08052628671845134], [0.12157009355786352, 0.07120135954859606, 0.1638785495724441, 0.1496357565233656, 0.011410088362444802, 0.10186903604475918, 0.08580204850645239, 0.08023968015479886, 0.13753222145729393, 0.07686116627203317], [0.02102547733818329, 0.04795180685715628, 0.127015911184278, 0.10163951984495949, 0.11869953713145094, 0.1440553266621031, 0.13554066352894326, 0.12099616166529453, 0.11249677474378539, 0.07057882104404996], [0.13571060597780235, 0.07717239285732827, 0.14221744971101502, 0.10342234232539119, 0.09490938853057372, 0.09729378605515761, 0.02776500101272423, 0.10711631570806623, 0.09237546088867424, 0.12201725693272292], [0.10134704601068534, 0.08907169015979155, 0.048311648022400275, 0.07722233908499587, 0.06847725534558796, 0.12097093449955675, 0.1033728527300074, 0.15096625126135638, 0.15435114557372862, 0.08590883731183402], [0.1153062190620197, 0.12911920579212904, 0.12764129416467737, 0.08086854764862503, 0.10406739187628293, 0.12274163036391209, 0.11521513372146884, 0.030837912333238765, 0.10846264403038398, 0.0657400210073428], [0.1501019740073743, 0.08747102817491706, 0.10568854891557916, 0.15359510164616974, 0.13549153312689433, 0.016074289626133265, 0.10581967226301932, 0.10194203652392275, 0.13622503072482664, 0.007590784990996302], [0.036299598718242614, 0.1029676254886986, 0.07042690338264723, 0.10476667271760977, 0.11601502213191887, 0.11788648882779422, 0.0997679305064389, 0.10398606262581041, 0.1451007315716711, 0.10278296402933874], [0.1308254996971886, 0.1484308131879539, 0.13626977488660572, 0.06566048080863743, 0.13622856820050988, 0.09607760753440531, 0.10884291704297891, 0.004558930260200635, 0.09098546857291742, 0.08211993980839902], [0.13346269928258575, 0.13130590537885975, 0.06686613660799878, 0.12548553007868934, 0.1003179341565374, 0.12765172142357245, 0.022933037183677667, 0.1307213469931615, 0.06269289243550075, 0.09856279645923086], [0.04193401829135473, 0.11057658445170969, 0.16055583774901935, 0.142495551764924, 0.13024862657601302, 0.16722576854979607, 0.018985851502872277, 0.01534944817409182, 0.10589930903083696, 0.106729003909048], [0.0778521039565682, 0.08695286262905573, 0.10260146536612849, 0.10712660827077021, 0.1056354377060791, 0.10039291867233241, 0.12618002168730674, 0.0940399550833874, 0.12680306798235128, 0.07241555864580905], [0.11753843491287495, 0.045388796550120875, 0.12259940908477775, 0.06484233267375271, 0.10673628016936196, 0.1300224412485579, 0.11399210637233666, 0.09100316528201147, 0.1535754726691527, 0.054301561036770966], [0.11068842338255648, 0.1253661792710231, 0.11792367524509746, 0.1134909934597525, 0.11106497532427707, 0.08426181884411234, 0.08068059447850823, 0.07604084647560541, 0.07858533836575025, 0.10189715515337104]], [[0.11655705811349305, 0.06797123908154952, 0.10164142210971998, 0.07350700521568457, 0.11552575306208838, 0.14234028180662162, 0.07567070668828353, 0.092948276396341, 0.14400094306517272, 0.06983731446109631], [0.12505501999986898, 0.10893452717391347, 0.1175569798370833, 0.11254827053144859, 0.04846988193903043, 0.09683790923600645, 0.11147295340755509, 0.10431621851093487, 0.09643829761225416, 0.07836994175167143], [0.11585930843878592, 0.06902139225416684, 0.11894017174182021, 0.08790416544881528, 0.10681744584696433, 0.11237806501641656, 0.06902246723301274, 0.09148255705142073, 0.13747197548336557, 0.09110245148519582], [0.11193640249470453, 0.09838454618609926, 0.117181219144042, 0.11264579362412681, 0.09272429234522549, 0.09819883693840478, 0.09483617159133599, 0.09485980098467998, 0.09691399849969737, 0.08231893819185922], [0.0805020375652275, 0.11024419549820898, 0.07362173972494777, 0.11644769233493882, 0.08628480297169219, 0.07309717886323013, 0.09693671915882303, 0.11172005701431732, 0.1400522122338128, 0.11109336463494468], [0.10719961004697173, 0.10858902160486678, 0.10994248171524082, 0.09363764923232488, 0.07708031229186653, 0.12533082340277718, 0.08976190294813716, 0.09981323463260768, 0.10061317502226887, 0.08803178910890952], [0.06678542864744944, 0.1265997110449477, 0.09803682768889237, 0.10695612118719196, 0.1045025889474394, 0.08301545166256707, 0.11869837244250078, 0.10093701848741862, 0.08728274049494263, 0.10718573939671358], [0.09985217229467344, 0.126644674217296, 0.08036957538699645, 0.11252261731332755, 0.12869459724635546, 0.09935704193592512, 0.11654998583986928, 0.09206984040573146, 0.07818817932706931, 0.06575131603346798], [0.08754570250802152, 0.031131063245614137, 0.07312359395220432, 0.06544061366866977, 0.16853256764228838, 0.10513100661788448, 0.12730973219194625, 0.16858835033838943, 0.1095229383014441, 0.06367443153385882], [0.10390046786771562, 0.15707788272632994, 0.08903898099554071, 0.1263895812378203, 0.07920182519777294, 0.06720633499707142, 0.11715750959321822, 0.13044538583212678, 0.025886039580200384, 0.10369599197224719], [0.04840866772146293, 0.11799640110905704, 0.03453286095774838, 0.08174913387039019, 0.10984269801670705, 0.11003222284847633, 0.1290445458289269, 0.12826026659828954, 0.14465116872167388, 0.09548203432723026], [0.08697566248488385, 0.08155235963993716, 0.07749835724959482, 0.013979709533932431, 0.14873981759441285, 0.11133225186349009, 0.08623341145033168, 0.12446362981032459, 0.1397877616379532, 0.12943703873514448], [0.12984864739181298, 0.07103585507341474, 0.11541520532988761, 0.11531802255860842, 0.08549504812417526, 0.10773332539639915, 0.0773849728663237, 0.1160794145516007, 0.1079816025323634, 0.07370790617591269], [0.07041853501229767, 0.09191354006609895, 0.10031233101711753, 0.10128003001087515, 0.06863510436902674, 0.1089123352097472, 0.11770577369890818, 0.12382096718030981, 0.1220799711008018, 0.09492141233410371], [0.06018653274518077, 0.14677039476565823, 0.09700046626917751, 0.11395853716671676, 0.07422918199159836, 0.10052103205618364, 0.12373353281630478, 0.08227092237625419, 0.09983693004337371, 0.10149246976963323], [0.1013087450250801, 0.12572607146976789, 0.08773676630752689, 0.12638969774594483, 0.10764423302402255, 0.11173429796778202, 0.10829466252055218, 0.10193825171955616, 0.06633092292873137, 0.06289635129014716], [0.11204990488575808, 0.050394402081085574, 0.1465334790108218, 0.1115333832423149, 0.11007064141677685, 0.08017936326183084, 0.1004730601302423, 0.06711403609405536, 0.14820702946587216, 0.07344470041028807], [0.12386407654932283, 0.13062915967109795, 0.0929681508675469, 0.08404875558023231, 0.04969986474766724, 0.03091224211604696, 0.09073989358259352, 0.14362848316313348, 0.09888991042575396, 0.15461946338505425], [0.0590576980905737, 0.09756875199168805, 0.13228691918370142, 0.09862943640401217, 0.11092999879190021, 0.09831692846076193, 0.10927334536317762, 0.11855478103408434, 0.061357880172233197, 0.11402426050787962], [0.10345233341277488, 0.0441801136093725, 0.09595763133079624, 0.042405480141951744, 0.1757650306144029, 0.05447220460378662, 0.10933218843721891, 0.1279282621871604, 0.13545204202545766, 0.11105471363765085]]], "bagging_alg3_list": [[[[[0.0899652840125906, 0.11822923984538858, 0.16485121316190315, 0.13571525416513894, 0.041781940328770466, 0.10230893796925891, 0.03580364678625627, 0.06783208921855728, 0.10058788509167776, 0.1429245094204509], [0.1298168031082765, 0.1087507420260146, 0.1008898821963382, 0.2348676799840329, 0.09058328998813119, 0.016564101934467227, 0.06539499597681865, 0.1023260908803592, 0.07414326686002168, 0.07666314704553595], [0.13362633855580594, 0.06533203544495868, 0.07502241694054063, 0.06366375588056848, 0.10164482857642473, 0.09952090977883883, 0.11703599200850365, 0.16686096990076305, 0.10416595071367694, 0.07312680219992052], [0.11546255202030221, 0.09236382364525719, 0.08576535178871761, 0.1376753646520558, 0.11371542605661696, 0.08230688747192395, 0.037717432244083984, 0.11271139784712451, 0.11588594697988916, 0.10639581729404014], [0.08762223138577294, 0.12747495397706451, 0.04684677620940776, 0.11073077247471737, 0.10901513255410769, 0.1353457388317214, 0.13410825643244934, 0.08834809801230616, 0.1247614519225375, 0.035746588199929326], [0.1366613462989245, 0.13738989143238733, 0.08632088635657734, 0.02383947603471195, 0.09215787650173432, 0.08467626120773343, 0.07093784112965412, 0.15817064143055357, 0.09394709769563624, 0.1158986819086564], [0.10236290730370977, 0.10702343207668615, 0.018539248224043684, 0.10159453385641717, 0.06462043475035698, 0.09290479942631698, 0.13786764702690524, 0.12237450301708185, 0.19314990488388525, 0.05956258943470647], [0.03266479132778349, 0.15146253202924015, 0.07880025649536601, 0.08972810275610145, 0.054876917680913496, 0.15575415502336923, 0.13467548716774366, 0.07560681104277259, 0.13711313280547122, 0.0893178136710784], [0.11090985741609578, 0.12078715301690314, 0.0960196314333002, 0.07251165277485301, 0.06582882816966314, 0.15293880737260226, 0.09827895240964146, 0.09008269614697402, 0.11687989749824865, 0.07576252376171412], [0.021288956822692683, 0.11924934284632431, 0.1425959239624158, 0.15530994374710452, 0.06752492919289138, 0.10512881061183889, 0.09494269979522546, 0.04676485493181329, 0.1323512850243612, 0.11484325306528627], [0.06701793167235953, 0.12220894200997771, 0.10823640346799918, 0.1023669447328187, 0.08227392485505589, 0.09903441218238425, 0.06372176664512542, 0.1312284745672755, 0.0746467102376631, 0.14926448962934682], [0.06324550794328071, 0.13181532602656415, 0.09088678767834327, 0.12816573295224484, 0.05827437202347972, 0.1366387891442585, 0.0574265009587267, 0.030245332672488558, 0.1994695852754013, 0.10383206532524006], [0.044041256286896056, 0.03376308043524273, 0.09315805757427637, 0.09676677908060924, 0.1370284298125655, 0.09202581730946233, 0.09787024532366587, 0.1809586727929997, 0.11018481380406384, 0.11420284758037247], [0.09355873649177958, 0.0664742395745168, 0.12217234730263604, 0.09698690172176339, 0.10310962886216131, 0.12991594343774346, 0.138893100010627, 0.10609314509661687, 0.10012926932863309, 0.04266668817352411], [0.16094795165986908, 0.11202053535776256, 0.048485411769982646, 0.12711766236801886, 0.06479937901254015, 0.13753736582115328, 0.13022955401656916, 0.1386109281074313, 0.08025120957480732, 2.312007903361769e-09], [0.118399922224775, 0.1675830205776396, 0.07042879136092606, 0.07630248838347455, 0.09384275097892518, 0.09664237497648152, 0.16422435319420564, 0.09433732640299704, 0.05689182795773506, 0.06134714394147101], [0.07710925914899384, 0.10898889389385331, 0.09833903352416454, 0.03314994846833736, 0.12026626132944421, 0.08608739638551341, 0.0866083084953768, 0.20119184010478774, 0.05808796380260287, 0.1301710948440565], [0.12585857506025, 0.09843420717932018, 0.07626748237294112, 0.20528415823982005, 0.05087402192577529, 0.039001734890700857, 0.03722548375431536, 0.15510512594824755, 0.10100770908616448, 0.11094150154245902], [0.04883863620393618, 0.05654431071786219, 0.09501776394605313, 0.1380309984904531, 0.22415219452967988, 0.0541651789481597, 0.04747413941144497, 0.11599445954167557, 0.0959198941827253, 0.12386242402802042], [0.09109890279931913, 0.09955069585923311, 0.11764618440044208, 0.07727317170693625, 0.07490435318062638, 0.12609585696703557, 0.05975540812036273, 0.1123908022033086, 0.13859627224072316, 0.10268835252225449]], [[0.10685452127807778, 0.10589847972598551, 0.10546859169059677, 0.06854439491961078, 0.14765250849394168, 0.09518339308431124, 0.12024216208905651, 0.07326554863281688, 0.09895765685723824, 0.0779327432283641], [0.04194583446334121, 0.11056467404136776, 0.1499758256517535, 0.11180272328083278, 0.09987478823504815, 0.14391485773462706, 0.10259975419962761, 0.09172651509026916, 0.04954936198024362, 0.09804566532285217], [0.11679539020614156, 0.13401588383747223, 0.10538277351555338, 0.15188485245967223, 0.08064699128658678, 0.09526185008342854, 0.05373332692940092, 0.051403577666277345, 0.12367149948329767, 0.087203854551055], [0.09088939352895765, 0.113689695215748, 0.09864876377648601, 0.06414442662748225, 0.09362882033838306, 0.06185466690968169, 0.11181109488689137, 0.11144932025933979, 0.11834148352577402, 0.13554233493127713], [0.0619545323560005, 0.15565851253040613, 0.04550091766281173, 0.1217140534880839, 0.07756276215394663, 0.11697066181982087, 0.10948681790624713, 0.12072138721072634, 0.09663908825005603, 0.09379126662234326], [0.07245435198851496, 0.0738482343793123, 0.12377019487977792, 0.13228981722909344, 0.1567777470749798, 0.06953459433671215, 0.06499600487890725, 0.06909658757130152, 0.1285711134126843, 0.10866135424880977], [0.09972033682163906, 0.09595946672426052, 0.12666625374878784, 0.08203428307688815, 0.11068110281105564, 0.0820435448990005, 0.0868360119711163, 0.11473897274828852, 0.07814967472039702, 0.12317035247848743], [0.06652504291449, 0.17997017418471775, 0.041299436719517225, 0.0825949782282125, 0.09441793566996969, 0.08672978689285772, 0.0841076237365829, 0.13840484593802738, 0.09401730044831431, 0.13193287527318343], [0.10338495438396786, 0.06737348112623942, 0.0554172582186003, 0.09259650819052496, 0.03511157811126817, 0.1437656905942768, 0.10471694655774508, 0.17143668082260885, 0.16098009260344848, 0.06521680938531617], [0.1488646873627713, 0.09847348963358227, 0.054808576808258985, 0.12053433150383995, 0.10208028865004388, 0.04856139237829063, 0.05501918328658717, 0.16937927775738, 0.09934378903560488, 0.10293498352317026], [0.05217567744238706, 0.07350539052075315, 0.18547404023757116, 0.10906373375525333, 0.15675644043706874, 0.13667972093072892, 0.09107101430667579, 0.03566451005755952, 0.07914425481422518, 0.0804652174977805], [0.11856126006228895, 0.09849815239965222, 0.12470781071984828, 0.14286059210728952, 0.07080493717679924, 0.15208591032377136, 0.07657068641474603, 0.08670261670945487, 0.083376094471017, 0.04583193961505795], [0.14900173629013422, 0.14459573237227966, 0.078481746168815, 0.11391176664864301, 0.15703766284733314, 0.07247889042400185, 0.07444274874081068, 0.04300903271506113, 0.09452734349280512, 0.07251334030016116], [0.10898332873518708, 0.09155249534177479, 0.09636827244871986, 0.050440699186513796, 0.1268618660029181, 0.046678912068932814, 0.1474658858169381, 0.09831302264132663, 0.1326669166367099, 0.1006686011209668], [0.09691274716316937, 0.05253079134437001, 0.15501629379843174, 0.13624657118947808, 0.14045942064728117, 0.1067827977777986, 0.09187696582796179, 0.09371176728806402, 0.06762990707532786, 0.05883273788812588], [0.03430577580908223, 0.08153206649804266, 0.1076746360790007, 0.11126219623502243, 0.1549705490773386, 0.1081183110052624, 0.08064638953005011, 0.07451812978723531, 0.1392514672498402, 0.10772047872910195], [0.03459466553146726, 0.061234580173423564, 0.09761537187563656, 0.1112602829215845, 0.15618904361791308, 0.126035755653754, 0.16330339744545178, 0.1299288407028151, 0.07941174511600761, 0.04042631696205819], [0.04991364723404968, 0.11003662705240652, 0.0998636527298484, 0.08566085546796273, 0.09231691322609552, 0.1757345470828619, 0.07434469499129438, 0.14048334907548377, 0.0640745491049279, 0.10757116403494675], [0.12485584180946355, 0.09796265180424552, 0.1812994368472866, 0.08211861339621444, 0.01961239821591343, 0.08317609294173677, 0.12597145644704946, 0.0880063019409212, 0.08961421295130836, 0.10738299364726311], [0.05491084933098321, 0.1328831206866723, 0.13917912316894734, 0.13415203267202855, 0.0747747856210623, 0.1502943837316961, 0.0602799424146411, 0.04310870513020499, 0.10599033163799457, 0.10442672560521454]], [[0.10260757864434317, 0.09749778777984677, 0.13390603341996074, 0.09031615277731499, 0.07244451936676977, 0.08561770761449561, 0.039546450888042366, 0.1407793419375456, 0.0746268422982088, 0.1626575852819698], [0.12738656193617007, 0.10816078565189867, 0.13426105291189724, 0.1226056285332302, 0.10222433562617537, 0.11027519223924617, 0.12240316527609021, 0.0434596002509673, 0.09302260087223041, 0.036201076699390516], [0.04647873314861752, 0.10891161591493427, 0.10848687232804034, 0.15187095569389159, 0.14743064825182847, 0.06298595107415506, 0.1279541294046871, 0.09679795738048205, 0.062038049586088946, 0.08704508721728302], [0.12687191181933946, 0.0926460245939828, 0.10896477094408111, 0.09792248364720052, 0.0757477660059067, 0.11285529507899182, 0.06809294800633438, 0.09647009644705243, 0.15592008527292167, 0.06450861818031003], [0.07472698561611724, 0.12263836970592763, 0.1212048862361516, 0.12154725325677825, 0.09666188753843781, 0.12076849404448484, 0.06423524230448986, 0.1293033421102769, 0.09557867724522091, 0.05333486194211525], [0.08391182897429605, 0.04936966104772186, 0.1603692440308559, 0.1120632209131851, 0.08851446110308235, 0.0908263615812157, 0.04606308317848076, 0.10971704945623004, 0.12324094142443634, 0.13592414829069263], [0.07303939254171272, 0.053565542215002926, 0.1278321215374098, 0.11783083009427904, 0.11812567300053275, 0.10603786799067015, 0.09062335754466806, 0.11064979237184769, 0.11576390886613626, 0.08653151383779213], [0.0783726590252856, 0.15315777034388905, 0.10448807649499105, 0.12098610136804669, 0.053236447476131744, 0.04681590117483028, 0.10291329193853757, 0.06769285439863605, 0.13209436286621595, 0.14024253491233354], [0.12975290548138535, 0.15021861515113813, 0.13024841366959714, 0.05414641518029956, 0.035414340758767024, 0.13184956656162927, 0.07766298652210188, 0.09403298863941592, 0.07081997460780383, 0.1258537934278611], [0.1673263967495203, 0.08020033255091336, 0.08661501423948671, 0.05232513506258574, 0.09191393152560184, 0.15567637351246055, 0.06949511380312551, 0.122888748481981, 0.11436594176182241, 0.05919301231152278], [0.10852100485656142, 0.10247307385497197, 0.09900981764817818, 0.0612149303580638, 0.08427567005282412, 0.06346914636616495, 0.09320028868046284, 0.17244516241086041, 0.06646540230189815, 0.1489255034700407], [0.06723940557626201, 0.06814881702865203, 0.14465600327560887, 0.14058268213443295, 0.10866918800305028, 0.09860024322113571, 0.08567390517738228, 0.07874286693500344, 0.11827815874060661, 0.08940872990784092], [0.10098953228062371, 0.10609405829676209, 0.10991262673145856, 0.04584074615867146, 0.12266621104712595, 0.15534559579709412, 0.09459871339504623, 0.1298525075165348, 0.09510936283138328, 0.039590645945321155], [0.15275520753666363, 0.12079760122720078, 0.11278425304360298, 0.08945716286963973, 0.15047706134031413, 0.09288718006822219, 0.08130271266366736, 0.04204422613045547, 0.08945370002266306, 0.06804089509753868], [0.06604350028678921, 0.11714607494916078, 0.16910289436288972, 0.101768878218307, 0.07905061538660794, 0.11189707726094959, 0.07360523457318988, 0.06752045992933753, 0.07799382395125538, 0.13587144108143268], [0.09951957882056406, 0.11445528746434033, 0.14364150581124688, 0.06197618926481155, 0.10873283324160904, 0.15506539713379996, 0.09719544083413113, 0.036238919345123966, 0.10616996758478965, 0.07700488049968778], [0.09870908269280831, 0.09247216287919768, 0.07825283387985718, 0.05864092638010228, 0.13635553365997413, 0.07155747485154838, 0.06107343145835717, 0.11039383721698123, 0.14900635686657424, 0.14353836011460022], [0.05280090667786092, 0.08000619550543533, 0.10356833054214735, 0.08346605334396935, 0.11851871664023433, 0.09222924626806193, 0.1726843850468599, 0.146570707668575, 0.07246511426876602, 0.07769034403814784], [0.07363883805172748, 0.10160712283989506, 0.12943494293962574, 0.11093054883320172, 0.07269961483389335, 0.07690011928790429, 0.05095827372425977, 0.04762835052803613, 0.19026928624081468, 0.14593290270755943], [0.032323561272273024, 0.11576837251609343, 0.06986479440872355, 0.13723333626756165, 0.0949637406121781, 0.16183640903087831, 0.1259874628382229, 0.10878257536619448, 0.10276874126180112, 0.05047100642605504]], [[0.15088876604765072, 0.11241021401658766, 0.15155858913526127, 0.052527474482645393, 0.0485956541568124, 0.10543580088571579, 0.05509344963574071, 0.07864049712061941, 0.12846490742896577, 0.11638464708997871], [0.06831680028160055, 0.13799373620697022, 0.0812138676880207, 0.08316775989483077, 0.1439004397703798, 0.06324168974184645, 0.13269675581370016, 0.09307004310609485, 0.0844684150646961, 0.11193049243177405], [0.07345673547039759, 0.13255710493226283, 0.14654810875258342, 0.11823529466569752, 0.05721951753900216, 0.1249000640886757, 0.14035359908605802, 0.0655347683526147, 0.0694831195948677, 0.0717116875178396], [0.15147024608435133, 0.12530799830307796, 0.10106732713294311, 0.13450320678561387, 0.09283817971288241, 0.1326089967792043, 0.048220340859334264, 0.06185843141377544, 0.09519779456705203, 0.056927478361761735], [0.12108437798193238, 0.039946562605609866, 0.12730322332341334, 0.12293105117264083, 0.1451786891710247, 0.06259478034187434, 0.12538727050399306, 0.0824531364404967, 0.1296235453124726, 0.04349736314636343], [0.057712478682795644, 0.09016628312370527, 0.11667886697190336, 0.0856559275466998, 0.14712623043904025, 0.14949625855154908, 0.07631823986340912, 0.06187425764961376, 0.12537030419965153, 0.08960115297166428], [0.07352524320430101, 0.10068353561381045, 0.1335099174173907, 0.10113988825559915, 0.06473203035100338, 0.12085572700690833, 0.177579150881945, 0.09278207960812263, 0.0863557316220632, 0.048836696038823485], [0.1030876552869937, 0.13541642757285516, 0.07466280855334609, 0.07548983964233195, 0.05596694993495722, 0.08338041343234869, 0.0807462094685164, 0.11503335893392147, 0.13575089257660083, 0.14046544459811433], [0.10930186930535522, 0.1305691133985358, 0.16185958297683561, 0.08327750519876168, 0.03018532064808212, 0.10991788979114347, 0.09421116687941941, 0.07001579153192038, 0.08942541198627652, 0.12123634828300837], [0.15059230950563043, 0.10511789899865889, 0.09808235807859143, 0.0668540855614762, 0.08729941610547182, 0.11284067644156799, 0.04960154811114473, 0.13379036051311155, 0.08718195665563239, 0.10863939003503074], [0.1140090114767256, 0.08506971777921198, 0.13144560162631405, 0.08421433015855484, 0.0974863935528789, 0.0715177401539992, 0.16253837608161945, 0.1267710594189437, 0.0567862253252377, 0.0701615444254661], [0.08069032947424865, 0.13744276118240625, 0.1315288024524822, 0.06879806314066092, 0.04141539312096153, 0.09529945865315309, 0.1262677431778388, 0.11591095460538679, 0.07714036626589614, 0.12550612791870883], [0.11315345554574663, 0.09238097196167447, 0.07634576409706899, 0.12069267700394307, 0.06842553625741955, 0.13826926785115592, 0.06172890876230225, 0.07554187093361686, 0.1870089101023973, 0.06645263748477777], [0.0795935993669366, 0.0479284846185617, 0.13560181394612938, 0.11580679911932454, 0.07000461791048743, 0.10894359746165, 0.1093091944612464, 0.13657877381678907, 0.11221265917844375, 0.08402046012036608], [0.14447224517835358, 0.13986749137303786, 0.10166410770056514, 0.1138857419094215, 0.07362638732805027, 0.05886068149245191, 0.0507765624900356, 0.06125469118040853, 0.130751551810821, 0.12484053953687843], [0.03880765746485496, 0.10646704263210308, 0.09994300438249155, 0.14656151086910418, 0.08578922602708709, 0.1172510328134841, 0.06526671105629017, 0.12119273325851107, 0.09912979210333027, 0.11959128939261159], [0.10424980106026371, 0.1292362258085613, 0.10815123421213599, 0.0978675630754526, 0.06868290568447347, 0.11341197847606295, 0.11100282155958364, 0.1304035481206942, 0.0756563775532266, 0.06133754444846391], [0.031235923291261066, 0.08431568446474448, 0.11484251723476002, 0.15041932787121579, 0.14806733917966752, 0.07313186827822156, 0.11674291764244465, 0.07208080929508356, 0.12154706622324471, 0.0876165465295812], [0.09105997400549642, 0.11255889502026052, 0.11617301402665414, 0.05072999156800791, 0.1442313793615792, 0.048971113024198, 0.12261544684326284, 0.10214074495588989, 0.0856134557676975, 0.12590598542187137], [0.07944899380160715, 0.059518345535114335, 0.07800283158596921, 0.13456888214454726, 0.1232615031203995, 0.08316161730756083, 0.06942275237426872, 0.1575764993792788, 0.11395529335711709, 0.10108328139437897]], [[0.0907394775909689, 0.09841225400020301, 0.06584794282608016, 0.04853201749380847, 0.08657137799144088, 0.16568356854456637, 0.09383215465588066, 0.1446821232395915, 0.11725631165626496, 0.08844277200119492], [0.08151352349377537, 0.05334178111904453, 0.10387380500036923, 0.07177115572416268, 0.1077302854879263, 0.18681459366773642, 0.04092893567488409, 0.1585323639511361, 0.09789635856569592, 0.09759719731526431], [0.0883949398942642, 0.12479296948889267, 0.10937625282932778, 0.06602195601306385, 0.06800083762979028, 0.04188970284292951, 0.13533583434731916, 0.08196209349292022, 0.14668966231956204, 0.13753575114191277], [0.06780542057810679, 0.09392737984149951, 0.06724886894287478, 0.11840320825417751, 0.14389370291903525, 0.06517531299596324, 0.09563441314390096, 0.06571869052474896, 0.18593494198921315, 0.09625806081050846], [0.0924467515294562, 0.07949567513572896, 0.14286259862854095, 0.08078074243080044, 0.040867766434492775, 0.08177781216913478, 0.13222983924331055, 0.08679531888505508, 0.1578723149118433, 0.10487118065532382], [0.0752767934720079, 0.128626387972169, 0.1451436752256785, 0.05351121241981113, 0.07639565240718144, 0.15407647770101543, 0.08401432241713874, 0.1221156013530503, 0.09003826578299733, 0.07080161124900307], [0.13582676533722465, 0.12247306932593309, 0.13218790823197296, 0.11156550908083616, 0.13577623895681637, 0.08382738145756, 0.04939463611215096, 0.08288019024300484, 0.07226196191268523, 0.07380633934257812], [0.1683510926514932, 0.13433944075829218, 0.07611508259711774, 0.08850291846974023, 0.12975339706460554, 0.07871650682831663, 0.05863246293240473, 0.09884877302205758, 0.07160098585840495, 0.09513933981759382], [0.04118336192442586, 0.14903919352138847, 0.11844434631175861, 0.13386388146915348, 0.08579648699706538, 0.10540649891746143, 0.11072436653177484, 0.07476844081548657, 0.07184601774624887, 0.10892740576523648], [0.04939707420143087, 0.13101587672936635, 0.12839347144528995, 0.11842456687092735, 0.09353398526757443, 0.1