{"SAA_list": [[[0.19751267379762302, 0.10473470739400956, 0.0817206220059638, 0.09843014998884492, 0.0010692270460978572, 0.12486744282350723, 0.13238911089901256, 0.060689415356004424, 0.09788296045635805, 0.10070369023258904], [0.10650145872916086, 0.17177219659933357, 0.05408958372076145, 0.17910816966919185, 0.1135827711334038, 0.12012104935342592, 0.039514540955538344, 0.05313031110360511, 0.1018741615604309, 0.060305757175149834], [0.08972387451598067, 0.11663133847216929, 0.07221709083140289, 0.13406250743256462, 0.17874177783977543, 0.12268888663577641, 0.07920369511004725, 0.09145135709203578, 0.101423365826087, 0.013856106244153774], [0.07034587326768328, 0.11483337006620606, 0.13849730085111525, 0.0822987042475363, 0.10365976765707384, 0.14870815334704987, 0.013028313429522386, 0.09827740702550021, 0.16307365487015246, 0.06727745523816546], [0.10693313459332927, 0.10340292998167554, 0.11402298575918442, 0.09739389681790225, 0.14987017549136586, 0.04650451214109598, 0.05008293009140642, 0.1094728614226067, 0.1184307783957024, 0.10388579530573924], [0.046395585013802094, 0.07319262665680487, 0.07154109790735746, 0.14050387481083873, 0.18639980881593415, 0.0899782519645569, 0.15740321398536775, 0.11631085602887288, 0.08350752306110049, 0.03476716175538579], [0.12812015615426448, 0.07858261346266784, 0.12442084009081253, 0.11226742462549728, 0.0568590867110135, 0.06823849757970146, 0.12321579248482964, 0.10991723487075492, 0.17160016635822506, 0.026778187662248442], [0.055788321152138186, 0.036514841192143536, 0.19513738953068827, 0.06447618076686971, 0.12147864306676136, 0.08487352367545957, 0.12159664114364098, 0.08822748925974327, 0.11496482191410015, 0.1169421482984617], [0.12225214798679436, 0.05553260062744939, 0.1494616592738773, 0.07487318629060023, 0.10840754069660954, 0.10410127271790982, 0.11061424217539227, 0.0983944068148003, 0.09149776588342975, 0.08486517753314422], [0.1529061137564664, 0.136075958947077, 0.08627583828668706, 0.073426823598087, 0.08254488664047005, 0.13640553610842396, 0.09784616665043688, 0.10448905703375404, 0.06633691964011088, 0.06369269933848991], [0.0958534351795637, 0.04512255628744075, 0.11169659072442413, 0.07494405098200141, 0.12918576902742165, 0.17544671268186626, 0.10193696430183227, 0.03353916033712175, 0.12535844520707004, 0.10691631527124747], [0.12642499113255565, 0.1042528892457476, 0.19953083837984398, 0.14587954967317623, 0.09197625429409449, 0.12520330402638297, 0.031139485707334543, 0.07878260899976093, 0.06920833903850487, 0.027601739502577993], [0.1041100873447943, 0.10353324328049696, 0.09070216076016427, 0.16863382705526733, 0.06066919790625358, 0.050576091448583174, 0.06381839501234764, 0.17584552665670952, 0.11169627796355021, 0.0704151925718077], [0.1744424380668657, 0.13954691579527548, 0.030794150554097982, 0.048806618979820866, 0.06975331516095166, 0.08475127227905008, 0.10234828346292843, 0.09902337806074098, 0.11339309791594956, 0.13714052972431523], [0.16133410849502222, 0.034889688383118365, 0.0209571732803315, 0.11070322315335272, 0.017402000180120156, 0.109670082682038, 0.13665694821193797, 0.14555390880273536, 0.12777579422984, 0.13505707258150695], [0.11416871687892313, 0.056926978343444956, 0.03761873339430676, 0.12157588979826277, 0.1427323193553469, 0.07105429433963367, 0.09000026981521757, 0.12613519386517766, 0.12582067867427257, 0.11396692553541289], [0.07328611180329424, 0.08794607540333561, 0.017264200526321185, 0.1799034813612588, 0.012939825424855814, 0.14344996970105123, 0.14868634772747386, 0.10610309072234737, 0.13763476217107704, 0.09278613515897094], [0.049645809750367705, 0.14608524549518673, 0.06237002362136278, 0.07167087078602276, 0.10352103963497389, 0.07322415035673699, 0.08499566985245516, 0.13023473116120726, 0.15713680009531603, 0.12111565924637328], [0.11535262537212491, 0.10575495961773988, 0.1289435547842085, 0.12385448168917744, 0.0487928127856463, 0.12354167264470615, 0.04370847663447617, 0.13351048267873009, 0.11137147067597601, 0.06516946311721099], [0.08314470178823886, 0.121136456948093, 0.13417457687141726, 0.15700469517135726, 0.01905370261957059, 0.10213028357268385, 0.1424729438160553, 0.061906345023325926, 0.09146915847735194, 0.0875071357118955]], [[0.0336747817515693, 0.08872622526127373, 0.15181649436497321, 0.09763003392434966, 0.09165128403674896, 0.08989083994329512, 0.1408562133501738, 0.11369557657381427, 0.07566466642199038, 0.11639388437181286], [0.18144859119628806, 0.04699617810713442, 0.06457819420917459, 0.10261445028682768, 0.1837799351533674, 0.12264621744015017, 0.11087919114177877, 0.07929474367231822, 0.023562834275621954, 0.08419966451735926], [0.159691285513865, 0.1220168753463834, 0.08755032664587399, 0.14632927542995158, 0.05331621355243457, 0.08604802324575206, 0.06815562684114745, 0.06541197091941914, 0.08753856487408927, 0.12394183763108517], [0.11604981727827411, 0.12049120440625845, 0.028090888176647164, 0.11748646156748095, 0.12241149444876473, 0.06729095922799211, 0.09982724611282726, 0.13107952295927816, 0.12310298423922462, 0.07416942158323943], [0.05700156314887939, 0.042825210809754835, 0.146557143663329, 0.13185702052802575, 0.028317532452278693, 0.08617018524076167, 0.08580900788258436, 0.1549078201539486, 0.14356488440484763, 0.12298963171559367], [0.011670306353250297, 0.05041532309208664, 0.1850828609009734, 0.08032281570997354, 0.1842814597773637, 0.08709600640305239, 0.0960832797291242, 0.11649493570907943, 0.12207223101595625, 0.06648078130913147], [0.042057329880049295, 0.08680963446650887, 0.06667204230264447, 0.14626358656791386, 0.13898081028564943, 0.15078319592848755, 0.12705833958263388, 0.09027473850619536, 0.10755064308885422, 0.04354967939108629], [0.1048232844897227, 0.08569443749336089, 0.1558072627625081, 0.08156977113995618, 0.15156067953928057, 0.00025393457675468176, 0.07180321429929616, 0.15299736777927464, 0.11583081248603797, 0.07965923543379912], [0.08682823718342944, 0.12302658107337805, 0.14234080928368456, 0.1011583441839352, 0.07918060560152403, 0.06153784253087557, 0.11488558077057726, 0.12649464044746087, 0.08448937948432494, 0.08005797944083734], [0.055085832924852925, 0.016228027512352534, 0.1109928287422974, 0.04598781007803794, 0.17452499448133432, 0.11139535360290231, 0.146413709293786, 0.07258100914430196, 0.14564272862355265, 0.12114770559660323], [0.04916515301177876, 0.14657800947501914, 0.07417377808428761, 0.0907828513954148, 0.09453971965167202, 0.11869079230099715, 0.11000924445730217, 0.10215445963518173, 0.12677956354606504, 0.08712642844227805], [0.14159014166387254, 0.13822889155307483, 0.08646086127425809, 0.1104841199424482, 0.10768722834202835, 0.09370933551102033, 0.08690039443059873, 0.10949800475679419, 0.06445104810979008, 0.06098997441611217], [0.03353615810563249, 0.16722610614402178, 0.12258426920487157, 0.10000316528157163, 0.06260404492656864, 0.08280586933353207, 0.05363371250736746, 0.1289144659914589, 0.1096151426249064, 0.13907706588006336], [0.14383519995155547, 0.006986275642661072, 0.16585028975419577, 0.0836088052046153, 0.14456386605576765, 0.024137679775511775, 0.11913415760985711, 0.1549002638796755, 0.029862282286403502, 0.1271211798397773], [0.08547544108210003, 0.07670397485858635, 0.1098728247655835, 0.14519752831398042, 0.08137262479138441, 0.14284586571000518, 0.07768972825518532, 0.1395124798037381, 0.03573340412926889, 0.10559612829014194], [0.10520199743836434, 0.023263784289144534, 0.08120940179798396, 0.12183927796646146, 0.1068839609141838, 0.10946380298261077, 0.06981262992655027, 0.1392527115150938, 0.11214846547000597, 0.13092396769960699], [0.12318870750206942, 0.06180203924640263, 0.09822203599522304, 0.11921223613173554, 0.10795269467369224, 0.05377636350835205, 0.13599588091986622, 0.09749716673608641, 0.05488922598723826, 0.1474636492993343], [0.02832387216623393, 0.09378646027752573, 0.1598834643042577, 0.078571406408156, 0.11980300312412963, 0.09361320700830444, 0.05577143227378892, 0.10710998936750225, 0.1447113960908932, 0.11842576897921629], [0.122470930356556, 0.09281771810714037, 0.12097189441123275, 0.05852992471169613, 0.10316618719255863, 0.10567845936476587, 0.1276324000739505, 0.11192103443677445, 0.10620206441156951, 0.05060938693377734], [0.11832526750110785, 0.020951515064043188, 0.10576503429871949, 0.10020593888610098, 0.13234519304971218, 0.09856850623936583, 0.10971784330851657, 0.09494396578254993, 0.12594285379088913, 0.0932338820789883]], [[0.1345256901862502, 0.09882057106426838, 0.12993823999786047, 0.07778230839391373, 0.060862784319920774, 0.08665055908388736, 0.12806542410623387, 0.09731980454563584, 0.1148029794922804, 0.07123163880974165], [0.11456937954946256, 0.07501111788318775, 0.10256990631663247, 0.09517570655228409, 0.1036340706308007, 0.13556608077437987, 0.040210538233171875, 0.10199997928927311, 0.129748103592567, 0.10151511717823877], [0.12456474167129113, 0.15703703186948076, 0.10272170940088372, 0.12075224279815018, 0.1515042364011761, 0.12473224129547594, 0.03533966729051474, 0.060056718612905166, 0.09766647584236465, 0.0256249348177568], [0.13368506216825254, 0.10408328810822755, 0.12235329919640053, 0.061934868008118114, 0.08162527789856246, 0.08315132611760305, 0.09878325181565685, 0.11541819474531334, 0.08392207556820205, 0.11504335637366933], [0.1300175776552278, 0.06608247221252113, 0.04359093660267827, 0.0443636864064231, 0.12104282823805165, 0.12003591209791681, 0.07389708438965696, 0.1480310794940693, 0.11301662036406832, 0.13992180253938138], [0.07565367588552627, 0.055991067249814945, 0.051148082548862384, 0.12092513112948253, 0.11101287781781259, 0.13779831676676313, 0.07484619572255756, 0.07453645412688964, 0.15249005798609944, 0.14559814076619443], [0.11453215408234256, 0.025325565447294925, 0.11452078603069205, 0.12635175695705436, 0.08054354292198729, 0.10343325542585291, 0.1404328835729696, 0.0828829637121921, 0.10915069683869318, 0.10282639501091462], [0.12568540727830327, 0.07061099953386445, 0.11612382376495331, 0.11662181488247178, 0.0713592283731188, 0.16022711806187664, 0.15881921848261954, 0.010838287958621901, 0.09635807897509763, 0.07335602268909658], [0.07026020769315561, 0.13855927962642436, 0.06351252474431227, 0.019695108472365153, 0.06369958073807198, 0.1221563812619562, 0.1102414809986805, 0.13031936709090144, 0.1474102453692814, 0.13414582400485892], [0.14442487524841577, 0.11948487814896665, 0.07020962946624665, 0.13132303343945004, 0.07954936755641104, 0.13211150898962243, 0.1059621690004936, 0.10024947321771432, 0.0946741986893973, 0.02201086624329115], [0.11527887875850107, 0.09153056642912061, 0.13496035346500654, 0.1004123025545425, 0.10343478380012766, 0.04958252042871962, 0.07875969269768186, 0.07102971217202309, 0.15036604101124001, 0.10464514868303591], [0.10640520736421075, 0.11762345058521047, 0.06737757905042333, 0.10555207287634782, 0.10193393568888946, 0.09164065555100145, 0.1170353496268996, 0.06366296141329728, 0.11913736217100888, 0.10963142567271499], [0.03383941560715905, 0.10168443363230163, 0.09788485987774913, 0.14801146815359945, 0.10469532676888502, 0.11669714008448859, 0.14140031632664055, 0.1524975363846963, 0.014426382384707373, 0.08886312077976531], [0.16797217609480136, 0.11976811953976246, 0.006108681800242118, 0.09027785610919732, 0.04529767603606858, 0.0863191932260483, 0.09495955411541791, 0.13084219045240292, 0.143334057566977, 0.11512049505909518], [0.08862838977894603, 0.12170625265293526, 0.10206065576260678, 0.11263551759921688, 0.1263080935468507, 0.12122899865389604, 0.051672061023838325, 0.10775817805519643, 0.08366710114165749, 0.08433475178484288], [0.0049718366199045785, 0.08904427700583983, 0.07863426491030129, 0.16039915577620995, 0.1861320567929096, 0.07340923954883749, 0.1058653892286604, 0.1463084813615727, 0.13360241381121316, 0.021632884944569872], [0.1506283838849093, 0.05752043719364438, 0.12877933611712988, 0.04098795883568855, 0.07410015385469482, 0.1332081645489079, 0.1254030495918341, 0.12245931314691226, 0.15426048982514248, 0.012652713001138826], [0.07176628034010661, 0.0158360349407169, 0.0885271332845141, 0.13362429173582774, 0.07361302843885259, 0.10671183565187144, 0.1416324092068846, 0.11097275127869503, 0.11870645162449345, 0.13860978349804023], [0.09672591153382132, 0.13801855099629098, 0.06871016171046845, 0.1329742801956469, 0.0399283122350342, 0.10106359856350912, 0.06217396003429309, 0.09814617206127285, 0.15456258206736712, 0.10769647060229763], [0.10552743118197583, 0.10555991220141464, 0.06731552424175159, 0.13387944652615075, 0.09524492142473757, 0.11446460386068322, 0.10058295110022605, 0.13205531075466986, 0.07209635355883619, 0.0732735451495376]], [[0.09664501548817934, 0.11193462018463636, 0.06844647809910501, 0.10530535918791147, 0.07460053284417768, 0.11487063275165439, 0.12184940892585548, 0.08785668152095429, 0.09685115618350965, 0.12164011481402026], [0.08500866300548424, 0.10020930894524906, 0.11231159640219862, 0.11690455500374357, 0.10889963175902016, 0.043523614071176164, 0.10739683953138389, 0.1469104831835317, 0.09166638701004333, 0.08716892108818791], [0.0967090185154499, 0.1083149657802191, 0.07700764780542353, 0.11491939224164288, 0.09771728445933676, 0.10391915251838106, 0.09761339468374487, 0.08788971083056703, 0.0979882615975428, 0.11792117156769069], [0.11469343575832709, 0.10456680857007737, 0.09300510108416983, 0.10522745466052848, 0.10707348759308763, 0.08994085703439407, 0.10709288220254252, 0.11076280501464394, 0.08343328388186363, 0.08420388420036282], [0.09057184424783617, 0.08562201693624874, 0.11008677518792581, 0.07635953519964883, 0.1160908149333924, 0.06075993491940641, 0.07229069859994391, 0.1465542982597481, 0.11534636923477228, 0.12631771248107365], [0.10166378286377853, 0.1020597681674427, 0.11768664414534541, 0.08831727879368136, 0.09886369464384993, 0.07211189664797049, 0.11875516385700378, 0.07022637807834488, 0.13823372212661497, 0.0920816706759795], [0.08184719109405032, 0.06131973348186947, 0.12726283828552784, 0.09044801325386852, 0.13143638254563159, 0.09622989328372347, 0.08440375708826152, 0.14608412964569564, 0.10281913761974786, 0.0781489237016234], [0.10609997129957423, 0.10942357729360866, 0.1091331584776123, 0.08399307096397593, 0.11312847775038473, 0.10679604473059859, 0.10940563132515746, 0.10901406618233013, 0.09887364101362087, 0.05413236096313349], [0.080728356546227, 0.11668081916097382, 0.029020691760538807, 0.06112591749779497, 0.06962442896501343, 0.11734495919073887, 0.121336608046843, 0.15356587547269882, 0.16024349813919933, 0.09032884521997478], [0.0689426420799378, 0.11323174774866678, 0.15518197729665836, 0.09288057552814329, 0.14050987758087446, 0.0746897052605945, 0.06909475193987268, 0.1299665691788025, 0.13229440802364192, 0.023207745362856243], [0.107301721811733, 0.04707667219124381, 0.11549944450996984, 0.030105622207862146, 0.10120901462483052, 0.10744510607249481, 0.11739178947868142, 0.13865102415922628, 0.13861073647084934, 0.09670886847311598], [0.0932493437556632, 0.10427657525036083, 0.08419842975858574, 0.01038856530066735, 0.14740694843538446, 0.11449933390549451, 0.10092639373331026, 0.08770206175193557, 0.11731075450663862, 0.14004159360197313], [0.11302808815257429, 0.12324777050076016, 0.07607289948874002, 0.1221009758464337, 0.10953476725461239, 0.06902274854639529, 0.10414413152253092, 0.08342986744525482, 0.11746203417055828, 0.08195671707214451], [0.06337237457659647, 0.07342833333059218, 0.09864923875245722, 0.11220810948062056, 0.09986139731487491, 0.06419811708163234, 0.1056098902021164, 0.11596554035533968, 0.15052543135520982, 0.11618156755056513], [0.10015802532041111, 0.05988945512521703, 0.14780653542174707, 0.09374039648645766, 0.09170518860188684, 0.09740500588646037, 0.11102979326674182, 0.11203514510290562, 0.10078871190817752, 0.08544174287997752], [0.13276426282229445, 0.09272953093657609, 0.10982646873590636, 0.07913152841304527, 0.12168379412386329, 0.09688342264922431, 0.10636139738285214, 0.10885961402896764, 0.09812301061011228, 0.05363697029716312], [0.07521118925206008, 0.04987246215445385, 0.0804723082969022, 0.1155301776857595, 0.1323757685750554, 0.10126464019512009, 0.10437024081630536, 0.05683460597392463, 0.15757886622969972, 0.12648974082069267], [0.11092942984823893, 0.1391499983142161, 0.15715714111113632, 0.09002605595421034, 0.09251718050044992, 0.045362869361281075, 0.025204542616130234, 0.08367378512835799, 0.16286127195443106, 0.09311772521155366], [0.12351969966155951, 0.046399175766939756, 0.12264557234395948, 0.11428895557773684, 0.10434892220717294, 0.10271630154663698, 0.09261980838360521, 0.1150446390658657, 0.12473530739577322, 0.05368161805073925], [0.1587655885997893, 0.10538352869809091, 0.04154805213350005, 0.08141898983900694, 0.04525191501274204, 0.1445521366619565, 0.059182412963492706, 0.13207417906110033, 0.11784042167763377, 0.11398277535269348]], [[0.1137593436457188, 0.10981566233491205, 0.08322778486871284, 0.0993186125421639, 0.09676100215800067, 0.08422436045169433, 0.11793719415885644, 0.10748462428872357, 0.08511634406991142, 0.10235507148130751], [0.06012594634936283, 0.10133814024770588, 0.11395764147944784, 0.14330493224000337, 0.1531144579929056, 0.11821733291714571, 0.0392554202732628, 0.13772136017164183, 0.11464806939316341, 0.018316698935358717], [0.08467385944008939, 0.09333872479573485, 0.11733042482244302, 0.09379367111320873, 0.10221860170541874, 0.10716992892483648, 0.10728781191029381, 0.09581424844946874, 0.12601325260506838, 0.07235947623343228], [0.1463335819714591, 0.08144009049572354, 0.04527461088037865, 0.08604102040395203, 0.12903791050115895, 0.13578134339964198, 0.008427016147092929, 0.13191656859618545, 0.14578317131535784, 0.0899646862890482], [0.11541241821550695, 0.09415516668902636, 0.10396810510607776, 0.07533108500420638, 0.12202015401964846, 0.10266847921427055, 0.11411896213421215, 0.13313359306635167, 0.05602107242705, 0.0831709641236324], [0.11344352712395234, 0.12401843052277392, 0.09869320750036767, 0.07381700238162389, 0.11609605566187987, 0.10460609436575576, 0.07020149307115574, 0.10889468269648246, 0.11116850749354017, 0.079060999182471], [0.09642845428469107, 0.05840232441306107, 0.12765242510271746, 0.09235555966330018, 0.10324332666954272, 0.08863178425118344, 0.10301593271222514, 0.12231543280345221, 0.10249510393572264, 0.10545965616408765], [0.10298032408132927, 0.0356852647965911, 0.10086806465906072, 0.10895371079102818, 0.04910818389035787, 0.08255804871607084, 0.13330045647149602, 0.13117076765293, 0.13772272536519117, 0.11765245357593102], [0.09594849854074612, 0.09971136558184804, 0.12233708826485788, 0.0926073497312268, 0.13205494496289646, 0.08190868594407977, 0.09436806130848274, 0.07851267682492909, 0.13123508986534924, 0.07131623897557976], [0.11104168028595436, 0.09798678701707443, 0.112380547982911, 0.08685392873105346, 0.12529461639564357, 0.09913448068680314, 0.09916190879900715, 0.1027127157827591, 0.12100471333163945, 0.044428620987150585], [0.13240714832223066, 0.11547991056984519, 0.020907171589647906, 0.1066273398434167, 0.11875228035413739, 0.02948212119679253, 0.08821872728893507, 0.13134550037414494, 0.13080352286751493, 0.1259762775933264], [0.10951056090315119, 0.10851862896534664, 0.12845090144341526, 0.12642132990149263, 0.08687989903214469, 0.08513620046187832, 0.1000850056437296, 0.11720534633869507, 0.0768888476091913, 0.060903279700923935], [0.10318318400778513, 0.05838932041797123, 0.03593025322918644, 0.1272507960476968, 0.14007772425452392, 0.08866035565889244, 0.12489883590721168, 0.1008921378333794, 0.08945046053385577, 0.13126693210950338], [0.1371680211598317, 0.13900449548943125, 0.11708480399277815, 0.13650307144201698, 0.06699261391041395, 0.0210350688518569, 0.17230503944187342, 0.010617833997585056, 0.14306049611003704, 0.056228555604182974], [0.10715751593189811, 0.10927642790387095, 0.12864814790961454, 0.09394563927069458, 0.1273643058821647, 0.10343232570260137, 0.0902037031828148, 0.06686616862103052, 0.1139884199923249, 0.05911734560298884], [0.12266853594152013, 0.0925669097093915, 0.06325361698668835, 0.07107964038065792, 0.12460562158257746, 0.1284395453519155, 0.07480239845298328, 0.15635489734259636, 0.10146596662418111, 0.06476286762748054], [0.12774190597723664, 0.12494158635339363, 0.12654571139227344, 0.09354510558316947, 0.10448794405511388, 0.07399211949603265, 0.10594588376262302, 0.0544495831190456, 0.09398725820612984, 0.09436290205498121], [0.07184629809940753, 0.14718650703324596, 0.11856404958802191, 0.17868874259980017, 0.012305737668935718, 0.0704424045820035, 0.08427426211664915, 0.04626067373894281, 0.16704830098420723, 0.10338302358878133], [0.04929495647547622, 0.09305259744206545, 0.12018487189378178, 0.12899546373583312, 0.10332560958786571, 0.11149241140086433, 0.0824261340302469, 0.13163314100218487, 0.10188248433010637, 0.07771233010157844], [0.12536275359430846, 0.11174823899057543, 0.09857272927057267, 0.08213729791823988, 0.07740938137587082, 0.06514832927942993, 0.09867639754946973, 0.13931780097109545, 0.13732549264443322, 0.06430157840600659]]], "bagging_alg3_list": [[[[[0.15376022957043337, 0.057841575389254565, 0.12452806307385612, 0.0807652215950449, 0.08748945548073928, 0.04503149159530367, 0.06558964777575828, 0.12087862905339405, 0.1235495948738323, 0.14056609159240466], [0.08939199129059389, 0.13676062343891096, 0.13566701488291888, 0.07266687861785115, 0.0849362120465825, 0.09617141974744309, 0.1143652985869031, 0.07351830189135893, 0.12368458481906493, 0.07283767467837485], [0.09755679202702076, 0.09294173784078989, 0.12694650700660268, 0.13350712539857854, 0.06761442288131175, 0.1415996205378261, 0.1108668851025836, 0.08506020315241333, 0.12654948061463753, 0.017357225438264668], [0.13903156478303003, 0.12545759327967548, 0.16608554758592337, 0.10295239052193454, 0.09420604386719819, 0.054700091592963754, 0.08251204039089367, 0.10199925862638956, 0.08700708587178838, 0.04604838348021799], [0.07997804978586791, 0.08628568609680792, 0.09105491085382542, 0.07321341160175349, 0.03191207914363546, 0.14809232845132786, 0.20007270417791623, 0.10232701983489653, 0.10081052505968538, 0.08625328499428439], [0.03799990182250645, 0.06582326913124892, 0.23030176090182936, 0.07145278312818783, 0.11231217984924054, 0.07987409899264507, 0.07541055426469793, 0.11818029491691151, 0.16935855983690515, 0.03928659715580393], [0.09586757912824764, 0.09738814833883, 0.09575292012154754, 0.08687053180952753, 0.11188266931812914, 0.06065507348347509, 0.13678214027556485, 0.12096914826233661, 0.14384064692188753, 0.04999114234043008], [0.0698016831376178, 0.1622699730369845, 0.07083286273090203, 0.165797555814951, 0.06931895617334428, 0.10899115429446053, 0.02225721515600513, 0.10806776975237209, 0.1496808126154373, 0.07298201728788249], [0.05635847562374355, 0.12031230357511939, 0.09525315052214478, 0.11361642279777977, 0.1579397638636577, 0.1088200685458323, 0.056426194590376254, 0.12992117285281551, 0.09434057014639906, 0.06701187748214096], [0.08624897114782534, 0.0986720684321953, 0.11337805953292436, 0.09760371486555179, 0.07362042709575588, 0.08061376374647326, 0.17746538099318068, 0.10333819346941983, 0.12121782710613994, 0.047841593610537726], [0.10079179217445842, 0.1336159314660189, 0.12028149784341725, 0.03601085037077474, 0.08907826568739018, 0.10968198514602359, 0.0997702214642223, 0.1210371150995635, 0.07604200268660326, 0.11369033806152762], [0.06305568918612045, 0.09353549144119723, 0.08940924380140687, 0.11576981236524876, 0.14155915410891673, 0.10895394980555818, 0.10761923174511542, 0.14790873245005623, 0.09119274349606372, 0.04099595160031521], [0.09177756163458989, 0.08576203831297309, 0.09221407266377818, 0.15061359142219635, 0.0562618661774225, 0.09153642026344155, 0.08779157051924896, 0.14780231798125343, 0.08173095701799052, 0.11450960400710038], [0.08591547591232572, 0.10755788841832485, 0.09063354134637817, 0.08225250592876884, 0.04616701251264861, 0.0862853950614975, 0.11183208516341771, 0.1732648833477991, 0.12721152248514472, 0.08887968982369206], [0.14756223868659296, 0.05275965712104379, 0.11291651477703094, 0.06026905020453707, 0.10442998577314495, 0.08291137588481345, 0.1606179540944907, 0.039323471766887524, 0.09660271341166281, 0.14260703827980498], [0.08429047407906412, 0.14307176464234012, 0.09487653893044141, 0.08330561600447432, 0.07962667291882632, 0.08142982733000627, 0.09187163905002246, 0.1653124255984276, 0.10063842118686778, 0.07557662025948861], [0.09832255126661554, 0.128389579820015, 0.14942893417688205, 0.14458282196980582, 0.027028902484144853, 0.06410208173150839, 0.09039371628633588, 0.09220966657108791, 0.11620165035108974, 0.08934009534250864], [0.14133699906780534, 0.0617819702657042, 0.14210672980355088, 0.12259708378111239, 0.12164956002181727, 0.023535581744312997, 0.15031899669542564, 0.08714980943862391, 0.05208343044624787, 0.09743983873537924], [0.16187092296966132, 0.08907589593592591, 0.15920491526602512, 0.04442142376900946, 0.06744183669690451, 0.1303036618120334, 0.06604982854109114, 0.12755770105637518, 0.10134298377617375, 0.05273083017681938], [0.10202868803595787, 0.11596258734695063, 0.12933625519905256, 0.06922241337660863, 0.18514350821922662, 0.10169328293143413, 0.12976419012268428, 0.017889904341457315, 0.083050474622318, 0.0659086958043241]], [[0.1238361554488026, 0.09918629438208398, 0.14975398338172816, 0.1214121284002048, 0.05872767223758037, 0.080073175030484, 0.0807193980666419, 0.10161702851983283, 0.11004344930616039, 0.07463071522650094], [0.06996224475301098, 0.1088162057226328, 0.032953231752791586, 0.0730281074898545, 0.13035909909126328, 0.11513395975266147, 0.10233295376576441, 0.09469618025266835, 0.11669528174256867, 0.15602273567676964], [0.07674369705790626, 0.06350296711917931, 0.07966177815212902, 0.07903978617674967, 0.187787404275721, 0.08120479641421045, 0.13166158047574597, 0.05058856101311796, 0.14436942912280915, 0.10544000019252177], [0.13492931571696165, 0.1599087313446683, 0.12553262041736807, 0.13372675136904985, 0.0488056903387835, 0.12528648060508468, 0.07902688987225938, 0.07503318713547652, 0.08485712324131316, 0.03289320995906826], [0.17769755927137215, 0.10959348690635785, 0.1487940351418258, 0.08220903938488436, 0.07897184171513302, 0.04295531738785005, 0.08537850871840186, 0.1297043687843463, 0.07107453922849612, 0.07362130346132557], [0.09376746347963402, 0.05216577159175785, 0.09498835039123692, 0.10956820584261313, 0.10667903569518827, 0.06329920044749816, 0.17266436144213276, 0.13549099291030875, 0.09309457669805768, 0.07828204150154722], [0.15835835251717933, 0.08237206484297518, 0.0963377026570162, 0.0793291743125679, 0.09847185827774507, 0.06605476939870654, 0.20068372190461567, 0.06614924300690547, 0.06078600670815064, 0.09145710637410899], [0.1250872315323145, 0.05989158694070007, 0.11933934980025988, 0.07957868117746437, 0.07719872693819138, 0.05383385774073157, 0.11769930655098355, 0.13923532198588992, 0.12352718126905636, 0.10460875606441664], [0.14115928811329626, 0.056696476047494615, 0.07351273997848312, 0.15183989058630878, 0.10045982613144709, 0.12295279004860035, 0.06876579073545817, 0.058525762749626425, 0.10546535427971268, 0.12062208132957196], [0.07348481478713932, 0.10816913011506174, 0.08692380889328007, 0.08945340665558335, 0.12752376146913616, 0.05589935726957028, 0.08910107730544482, 0.12964159738244815, 0.15010272042578188, 0.08970032569654464], [0.09631028907638206, 0.10214613318556251, 0.08771489406338945, 0.15040445914773534, 0.12379762311276386, 0.1183871024766541, 0.09011825816406249, 0.08279535419049446, 0.1050282027924277, 0.04329768379052713], [0.17844766219527491, 0.08427362031830038, 0.04993138029194534, 0.15931773917209105, 0.06697719501606976, 0.08530830251750132, 0.12017226216644475, 0.03875501149302296, 0.09736928380529625, 0.11944754302403546], [0.13879449052991638, 0.10422682968204325, 0.03040251622082892, 0.1392114829077265, 0.11673694051175794, 0.1373282595460594, 0.09162795605377552, 0.10760969586207196, 0.05043782460816055, 0.08362400407767256], [0.11693780449263273, 0.10683701987192556, 0.08409181905902609, 0.07609006312639803, 0.10356681715917188, 0.11968503887453286, 0.04485059493729212, 0.20014423562461583, 0.0602983663582336, 0.08749824049616427], [0.14626147658769298, 0.08157075755392096, 0.10640908196693147, 0.07467330599188832, 0.12414476127691769, 0.13810425760156547, 0.06244918759771477, 0.06903017512790549, 0.10295759061212294, 0.09439940568334292], [0.05338060799069966, 0.16156908060236033, 0.07447844063746621, 0.06564252444334752, 0.11335263377052686, 0.06907841371848009, 0.060868769684178356, 0.11261022417150655, 0.16903524062013645, 0.11998406436128183], [0.041703479475002324, 0.08276859765659748, 0.10675225028436164, 0.032029065403817926, 0.09384719307253411, 0.12141632297496646, 0.1446446657401917, 0.12886325329146334, 0.09244531031308727, 0.15552986178797082], [0.10114227050535735, 0.13049776934280782, 0.07437928803486657, 0.11062297001567514, 0.13747085121980848, 0.12126422599751925, 0.055188574385292594, 0.07367122302866475, 0.08192717385305658, 0.11383565361695563], [0.10353016865354119, 0.051955181598236894, 0.10082982717920684, 0.09640795056743294, 0.1263089773080702, 0.09299085553282202, 0.16414588391125642, 0.0539296221719919, 0.09912260439806263, 0.11077892867938616], [0.11088576244397742, 0.10719449618694331, 0.07228660370795788, 0.07730822445006137, 0.1101935757982569, 0.05883875757366647, 0.09004695352611447, 0.11802871821319821, 0.12834586439605652, 0.12687104370376975]], [[0.13483558247658192, 0.14111276528084016, 0.09747672349024322, 0.04899113058141632, 0.06914029569924492, 0.08790068631924568, 0.14121496255528598, 0.1260241759373639, 0.09506892173911032, 0.05823475592066968], [0.09555811282651418, 0.15510129903538047, 0.09544487212308063, 0.04744356556263644, 0.10020266568383593, 0.09861744619549076, 0.10339655047593135, 0.04659504724956196, 0.16468529635850693, 0.09295514448906297], [0.03518961183579978, 0.1273189067019039, 0.158082937133804, 0.08244829476880865, 0.09537526062417574, 0.13593568089597086, 0.11249499049455206, 0.08111784012819971, 0.10707517206933803, 0.06496130534745713], [0.10898244971098164, 0.12158030784843699, 0.08522174373301061, 0.17032536152617914, 0.05548876068761196, 0.09815381636852068, 0.08738646536208847, 0.12122879922928212, 0.08909060207834099, 0.0625416934555509], [0.10006614226042557, 0.11513514197684682, 0.0796402556795104, 0.12984270498148423, 0.13812063142295017, 0.10805863778244838, 0.06000360957506645, 0.10116986799082593, 0.06872131861619873, 0.09924168971426346], [0.04110273452125443, 0.08357384246911502, 0.09392979958740465, 0.05891156779888704, 0.11310652974596243, 0.1200323465742183, 0.18570878775094352, 0.14501956328330864, 0.08231321976924073, 0.07630160849967718], [0.0704349137599778, 0.05999688639415388, 0.12883490382333565, 0.08595289316544388, 0.1777006061341071, 0.10460932242205617, 0.12177886459579279, 0.09353728169316158, 0.0889875435767243, 0.06816678443522639], [0.16066409811381197, 0.05843862157192746, 0.14233210358384024, 0.07712339958947409, 0.04242526524606544, 0.11394170187728163, 0.10692630093621473, 0.06128065384279055, 0.15895452496539336, 0.07791333027320199], [0.10256972642974725, 0.06269078059411198, 0.06611003510195568, 0.09979728342301321, 0.07229012862254303, 0.060996964199080676, 0.12777929100200378, 0.16987660842900668, 0.13220512330883324, 0.10568405888970923], [0.07505473469588954, 0.13844454711365836, 0.13227681514230294, 0.08701824210527107, 0.038124768723979956, 0.15899072349600296, 0.08909540874831187, 0.11053366864763872, 0.08403946139516545, 0.08642162993178734], [0.05369444176862531, 0.11497333561238722, 0.08851261482349948, 0.16147829019838716, 0.09547679517334014, 0.045837376501928796, 0.13077334204791025, 0.11867014664168211, 0.07280909140533327, 0.11777456582690807], [0.12931477272569078, 0.07049375508403362, 0.10773917936973186, 0.19428010368232293, 0.10669718911875778, 0.06834041519866442, 0.04512077181330782, 0.06142796871263667, 0.09327178656497734, 0.1233140577298729], [0.04585331287224921, 0.11051617873895968, 0.07021092520231076, 0.15334036296768838, 0.1497309650565437, 0.0808451021798002, 0.10108077626849492, 0.13417580412888308, 0.10160097655783383, 0.052645596027252106], [0.1685513291829461, 0.08068765831694605, 0.07821460005356623, 0.08441292069665125, 0.13775103616039278, 0.06681391874055809, 0.08737816357550468, 0.05292321725749758, 0.13099675533531704, 0.11227040068063059], [0.09094339857209509, 0.0663182127952796, 0.14880090465336238, 0.09113421999871195, 0.12170736894844195, 0.05566384996996909, 0.08756773643872008, 0.07235081347978199, 0.07858613816971456, 0.1869273569739235], [0.0653918267751225, 0.06720874623730494, 0.11618622760337906, 0.035518592565143496, 0.08532920868556236, 0.11903755192836647, 0.09046926478203991, 0.16928662356957297, 0.10955370606717219, 0.1420182517863467], [0.1386145635314238, 0.11304442820909895, 0.10433540186878683, 0.039380680227641414, 0.08664562668314658, 0.08775649862464083, 0.06009257046453859, 0.12301438553628062, 0.10165758603306632, 0.14545825882138302], [0.08724063223104066, 0.15484580021547023, 0.10401672308647845, 0.0797176330609055, 0.08388659528824535, 0.11118743395931782, 0.1592665215097582, 0.0966291079243817, 0.07044285001556973, 0.05276670270883394], [0.03072313141244351, 0.14347670243438246, 0.064350543676926, 0.06608737861762895, 0.15839013988252124, 0.14691669892658255, 0.1276594057356304, 0.08225574981733935, 0.10168664440973199, 0.07845360508680634], [0.1335150349931922, 0.039602740834542086, 0.13247506187659608, 0.06630367653358303, 0.08530694214057429, 0.03743600346917532, 0.06537415519798426, 0.1171703007538013, 0.1950961091511468, 0.12771997504940485]], [[0.16708243889638535, 0.08464504193750924, 0.1256619776252125, 0.1011105825082991, 0.09094387839809756, 0.054308685854166525, 0.08563863705163202, 0.08004926560803605, 0.09060631328998368, 0.11995317883067858], [0.16127176009148536, 0.10162389281113081, 0.11182465566278675, 0.1729491707198135, 0.12333777167654707, 0.029453439342195135, 0.10088468543387119, 0.08915098288077575, 0.07023701052639646, 0.03926663085505377], [0.06553134378181709, 0.16495490914878935, 0.06534239380315904, 0.08769129378502795, 0.1728297571906031, 0.038195372943053155, 0.12025100993946393, 0.1015238071230354, 0.06964145613289227, 0.11403865615215703], [0.1081371126936639, 0.05876894379210307, 0.09725074931302871, 0.08276853799541635, 0.1562610869606792, 0.06850488140354491, 0.05694889131988263, 0.04986723495403188, 0.17741247716302583, 0.14408008440461742], [0.10224811205056786, 0.058341867662953774, 0.09138617368356798, 0.10621151125785666, 0.08836244668096081, 0.04524422169548985, 0.10882486141707151, 0.16418814635662948, 0.14316762931448027, 0.0920250298804064], [0.12138523775524758, 0.13400824486697535, 0.13287533216119776, 0.060830858938000415, 0.0858031581193722, 0.03973817465197052, 0.07617063907175929, 0.11124729454852278, 0.13637989841578083, 0.10156116147116913], [0.09958961707981656, 0.16574417287050722, 0.08168292107888825, 0.0968510043647602, 0.03529966989523849, 0.11643265442448127, 0.10228339637469597, 0.08078372665083718, 0.15865854235631793, 0.0626742949044273], [0.0738032253345117, 0.050042986345976655, 0.13816369278329882, 0.10243005197424272, 0.08488002850394048, 0.036008814856467966, 0.13469015799396586, 0.1262065475103974, 0.12448627970159416, 0.1292882149956171], [0.07334697292375966, 0.10856160140093776, 0.08808466844781705, 0.08068961950155802, 0.12278035180583688, 0.13093800117214555, 0.12213162251935737, 0.10619495054292087, 0.08925791890227991, 0.0780142927834458], [0.11452310298674441, 0.09550917975715878, 0.09597853471668819, 0.1158807846426014, 0.14798126231530617, 0.0489918469621213, 0.09059405857071012, 0.06263430351287354, 0.11975275836590955, 0.10815416816987065], [0.10931081673344736, 0.07767825599601663, 0.087487940807175, 0.08193139770322248, 0.11138211525006624, 0.03032269485208124, 0.1479002339561035, 0.16653370743262266, 0.11940176332541502, 0.06805107394387812], [0.06445871161809415, 0.13284605448294579, 0.05478206002512786, 0.1521194030159786, 0.09434100530513832, 0.12967308208392408, 0.08753871108295891, 0.09241810070505327, 0.10116330559177042, 0.09065956608900648], [0.1038330068490427, 0.09179301179763255, 0.09859851853971782, 0.10436667781424701, 0.10810814341474322, 0.1702328959740409, 0.12883004268255624, 0.08881147849096786, 0.04292668138072329, 0.06249954305635178], [0.12700988697131368, 0.06449289617987021, 0.07436518402591528, 0.13934901098168848, 0.034752767138188354, 0.11398659186579436, 0.06431532209123365, 0.07379920161458425, 0.1830751708768021, 0.12485396825461181], [0.07255849953581016, 0.0669457971238509, 0.09321009713693709, 0.117529723052068, 0.17047333385985194, 0.14171358320898703, 0.0758022226292307, 0.13251167893427046, 0.04668477373119299, 0.08257029078785101], [0.08531935670945412, 0.08040780309419865, 0.1646837816505011, 0.09801909785522805, 0.0956111679400301, 0.09131589723079679, 0.1290096211303073, 0.060203377120424326, 0.07082613014903649, 0.12460376711999935], [0.07328411633920612, 0.14770313885453037, 0.05622600060403054, 0.06170688562953091, 0.11414675035820294, 0.12107979234689811, 0.10701306670268682, 0.07177677291774973, 0.152952998122215, 0.09411047812492758], [0.15967117456354554, 0.03967470230199057, 0.17841421569357246, 0.13307965529857893, 0.05457908663365342, 0.06214505197472185, 0.0642231726300346, 0.08133960173890806, 0.1448454322383983, 0.08202790692673442], [0.1457353777138831, 0.06148921897606015, 0.08569669798419396, 0.09732962667280526, 0.17423365933066995, 0.07958549420425408, 0.07368772472123371, 0.08301228306411274, 0.12534966514179743, 0.07388025219098826], [0.12673849494021963, 0.08883394999368449, 0.10196950836625279, 0.09037987730269222, 0.08329982081554155, 0.0639864943468663, 0.09169128579534609, 0.0950037995099326, 0.15875737099927648, 0.09933939793026281]], [[0.14504748146735183, 0.06877184535836166, 0.12822479594074412, 0.09195617736754073, 0.08731521287325303, 0.0813758611914914, 0.1065128378336208, 0.043368927544341865, 0.09068199270991853, 0.1567448677133608], [0.05499340982176813, 0.12421672357035236, 0.1670941575470018, 0.12610373361834284, 0.13550287101248798, 0.055157447526236955, 0.045282505513935284, 0.04991985021679181, 0.1461004333486112, 0.0956288678244749], [0.06459413952373413, 0.07359436141296902, 0.09512860323551765, 0.11310066098886734, 0.12234232710927037, 0.10739660340984007, 0.07556591992796191, 0.07098681832048778, 0.2345983431993503, 0.04269222287199591], [0.06868153851864772, 0.07729781022980232, 0.13795570630857937, 0.07772016759449579, 0.11131097643277797, 0.14780927134898073, 0.10738354705935861, 0.1412828748124032, 0.092957784003892, 0.03760032369105942], [0.05182007326533835, 0.0623311581952915, 0.10342424755674796, 0.10196039686160577, 0.10447925662989857, 0.11826064773740452, 0.1070383351918765, 0.0986605496187741, 0.07427625912258538, 0.1777490758204629], [0.09520634730436162, 0.11083591699951433, 0.10036322373987319, 0.049000553803871263, 0.18873051701867805, 0.10311915477297129, 0.10272105835724256, 0.12469108872824959, 0.07737758849778655, 0.04795455077745231], [0.13406568612008854, 0.10537622237294918, 0.11488864549195682, 0.1098976115474176, 0.13818170665438165, 0.08115315380838953, 0.08087092105082688, 0.09883016351522773, 0.05209872640050184, 0.08463716303826516], [0.0633168796236689, 0.06106798884672259, 0.08222623477812555, 0.09871308939813368, 0.1448992585815134, 0.11243257041674791, 0.09131707064028308, 0.14085632364485276, 0.04855776285195597, 0.15661282121800363], [0.0634590715471959, 0.09623611580842875, 0.13447282875736066, 0.12832642086126897, 0.09544953642849076, 0.1261832777866171, 0.09303896288950349, 0.08921358764824697, 0.0860899504701509, 0.08753024780274808], [0.06175339654717556, 0.058875940360429486, 0.04839198983001186, 0.11152702538780758, 