{"SAA_list": [[[0.0965296274168245, 0.06501301685218942, 0.08003283970310855, 0.05625983565415166, 0.10568026789962141, 0.596484412474107], [0.20916945326078376, 0.0588826894071244, 0.10472308635198885, 0.06582414072904309, 0.2486976611175525, 0.3127029691335075], [0.2176915253871873, 0.10242046376749903, 0.008551754574230665, 0.10201529506477754, 0.07425005378218413, 0.49507090742412585], [0.09749110534311621, 0.0347003114482871, 0.025014453349562517, 0.020359593037611402, 0.12957396344706748, 0.6928605733743848], [0.2843621083249412, 0.26471655168724445, 0.04850390412718933, 0.1503565432140891, 0.06322259789727422, 0.18883829474926275], [0.1665594074686278, 0.07107637966697039, 0.04612832414103745, 0.03240937796502028, 0.20906654290069998, 0.4747599678576346], [0.15100234202135338, 0.1005202765606395, 0.018821562986765458, 0.017534254177458485, 0.18513429092716321, 0.5269872733266309], [0.12788068100179203, 0.06788431997510105, 0.036574918201147416, 0.05232917293168642, 0.18414727700666925, 0.5311836308836019], [0.22357173923527957, 0.09186149000322699, 2.0307602523751648e-06, 0.10396388524327953, 0.34776678360725094, 0.23283407115071217], [0.14422766908417609, 0.07227333596966694, 0.02218851702961126, 0.020531491730967463, 0.029596364214988968, 0.7111826219706008], [0.25295025327412235, 0.026570809994719294, 0.0462645030784103, 0.02299248674278844, 0.04896157978231268, 0.6022603671276384], [0.027513744314039034, 2.858932061092782e-05, 0.05641265461705463, 0.07934952913100271, 0.2758076361854875, 0.5608878464318057], [0.04141593158137358, 0.09328617591543827, 0.11906423623891443, 0.04363431252581755, 0.268612173619789, 0.4339871701186668], [0.1007269585511034, 0.006141979454297623, 0.06270580644731306, 0.0512642398115594, 0.10193118382544478, 0.6772298319102819], [0.14913141537545135, 0.03792002803313612, 0.04551034577576269, 0.05824846614208185, 0.06271963992806047, 0.6464701047455026], [0.11325743084580174, 0.0918548704795964, 0.039112872491098474, 0.03958480302051211, 0.021108979932771468, 0.6950810432302841], [0.11199531832263096, 0.047762761510138245, 0.028386955340463, 0.06674244332914145, 0.021023663711098366, 0.7240888577865225], [0.16297814976605782, 0.09769291197136082, 0.07406959791472874, 0.029901568233191143, 0.14425921994366667, 0.4910985521709919], [0.2952735889709302, 0.03541473451422836, 0.009164703210189532, 0.03626633326035118, 0.039653080191873046, 0.5842275598524098], [0.059234791324913924, 0.10997079031852083, 0.028174248212835387, 5.064502773943516e-09, 0.09042355068484033, 0.7121966143943623]], [[0.11675625509284251, 0.06319352130197521, 0.08063716887675829, 0.05598738785207867, 0.13472824556548507, 0.5486974213108377], [0.16776489775160092, 0.0012506435625762838, 0.05248171508662426, 0.005978004412372336, 0.18354781219345231, 0.5889769269933546], [0.14580001574008764, 0.009443268405489699, 0.040619792634456905, 0.012342517889111929, 0.09912026239831027, 0.6926741429325551], [0.2486301943351335, 0.0651533190508977, 4.04329700551805e-09, 0.018833904253178255, 0.15647115044544133, 0.5109114278720364], [0.0494099282515211, 0.025130556471039994, 0.032962021897256735, 0.02672472516751583, 0.07877225581723182, 0.7870005123954407], [0.13638704172852853, 0.021242251791698114, 0.03364938636239318, 0.027392643836769252, 0.13738676121102641, 0.6439419150695904], [0.18080822921063158, 0.04541406742541676, 0.027118736959021835, 0.04345181717309362, 0.1795837115099387, 0.5236234377218814], [0.18505440772656603, 0.08177161807007044, 0.03718080659031688, 0.003434832924100905, 0.11661952513417423, 0.5759388095547746], [0.12133788907230915, 0.033396451160161496, 0.05948084853899086, 0.016464858475937854, 0.01532880263499416, 0.7539911501176239], [0.14008863764777657, 0.026370617541929334, 0.03576966873360837, 0.04349208639847456, 0.16425257793066583, 0.5900264117475484], [0.4072503859238228, 0.06146956940769742, 0.08303219833864607, 0.05679949005077848, 0.08748153489254586, 0.3039668213865131], [0.08259590348780901, 0.010140906198707066, 0.07060632340752873, 0.032736299672260535, 0.17496637553201105, 0.6289541917016976], [0.08469432775116839, 0.038229591374878934, 0.03153517369871611, 0.051606734787800854, 0.0624084229615941, 0.73152574942582], [0.2461009532821389, 0.019137038513435907, 0.03977944159436309, 0.05724664347426499, 0.13531366065979888, 0.5024222624760095], [0.035354382647886574, 0.014728315455134186, 0.08847103084040582, 0.04870115968498751, 0.14667007006009544, 0.6660750413114697], [0.09418020520999101, 0.012331001889684884, 0.022326716805911917, 2.508599131729964e-09, 0.007277376924932738, 0.8638846966608557], [0.1925967503585319, 0.05398062296610863, 0.04718425477697491, 0.047268162406755326, 0.05939393018255054, 0.599576279309042], [0.16231404956126536, 0.08834361160849619, 0.03044083427046065, 0.02951128031477229, 0.08939235377620275, 0.5999978704687864], [0.18551243769404346, 0.04120312460597524, 0.08540968904875952, 0.036829962699163395, 0.0004850252731913875, 0.6505597606788681], [0.11523897942836099, 0.05189185689462001, 0.03884232166851215, 0.014250754131749812, 0.23939833482296827, 0.5403777530537913]], [[0.1255036354290549, 0.022241688037993212, 0.04354725770379405, 0.01763266101895398, 0.1870967508434789, 0.6039780069667083], [0.16500012085950866, 0.04826245860272499, 0.04474500849307675, 0.035615009079262225, 0.1666570924787787, 0.5397203104866769], [0.12305693215555868, 0.058563701964034084, 0.016370724498418168, 0.03431772425688423, 0.14620027272855396, 0.6214906443965512], [0.13756128839530965, 0.02396728498307533, 0.05478994673080783, 0.006414603466263256, 0.13106899671100777, 0.646197879713552], [0.14367261330457545, 0.011371800264284119, 0.04580164370656119, 0.031108846373004692, 0.1543805409257536, 0.6136645554258537], [0.19485346918522833, 0.03536592192849626, 0.06586180314991925, 0.004876331486545362, 0.1554086951220407, 0.5436337791278099], [0.10625233293554075, 0.04259138005785021, 0.04959194097884283, 0.036841395637476904, 0.10930668051817356, 0.6554162698721129], [0.13106720613809666, 0.04962432619227047, 0.039161340070400785, 0.061504357970294285, 0.14703200224577842, 0.5716107673831653], [0.04950660459915792, 0.04218785822420559, 0.05285804572883118, 0.020527599439036953, 0.167452146228996, 0.6674677457797631], [0.15591244594791306, 0.040335882885062325, 0.06236250873861248, 0.022557160330979927, 0.12439050798924922, 0.5944414941081572], [0.14880823669665535, 0.0026634540702880085, 0.05874033705794401, 0.013491077989299537, 0.14208036122115364, 0.6342165329646535], [0.10451454546970898, 0.02555338773890794, 0.043968578488544664, 0.019996237897478324, 0.12167269884331855, 0.6842945515620388], [0.1452794927613325, 0.06051733809999172, 0.04600656449972601, 0.02847455393110748, 0.10879362236601187, 0.6109284283418545], [0.0770566739096504, 0.04058159944954291, 0.038190662012862496, 0.015639968583621846, 0.13500971712880358, 0.6935213789155703], [0.0924591466540035, 0.03410454806358582, 0.039121352673190085, 0.0406495790665951, 0.1448259610609588, 0.6488394124816805], [0.08054640397750472, 0.016306719197677157, 0.03961585925099637, 0.04576037619614326, 0.14045803057107523, 0.6773126108066281], [0.0542829410254122, 0.09857730914413038, 0.06984984076092403, 0.08302659004565556, 0.23761108426803995, 0.4566522347558401], [0.10887377879696007, 0.014661252289159446, 0.0378279760595282, 0.018599188736064688, 0.09168036308620346, 0.7283574410320345], [0.13377680384233398, 0.04239741466555003, 0.04133454531804124, 0.030913559908734508, 0.1771542383111068, 0.5744234379542307], [0.08256447074925458, 0.06126399197468171, 0.034711180556314586, 0.03642623602853082, 0.07118015917375707, 0.7138539615174674]], [[0.14348581774823266, 0.035574465581943486, 0.02334970574848052, 0.033479067578203445, 0.13657241221691, 0.6275385311262419], [0.09059873892107831, 0.05339291188150712, 0.04590463221819057, 0.039245546374731204, 0.14156455414339916, 0.6292936164610741], [0.09627802085435277, 0.0448523933048064, 0.03869746034585858, 0.036781267108696974, 0.08472520885348296, 0.698665649532799], [0.10291747145522623, 0.00423484107000422, 0.044554025788959006, 0.020099266540155546, 0.13727878338362598, 0.6909156117620218], [0.1358606742438102, 0.032525954469627305, 0.028585141303567613, 0.019385871516617026, 0.130661299922958, 0.6529810585433986], [0.15808952853836006, 0.033488856971074524, 0.0068526708865962556, 0.027231919699752506, 0.14951556605472335, 0.6248214578495129], [0.08718851653139019, 0.04144266788316609, 0.020717033026311414, 0.02987148573918774, 0.1395267427136203, 0.6812535541063651], [0.11795696793990976, 0.029079071232255234, 0.04650504036649079, 0.030165114340667893, 0.14246958940073837, 0.6338242167199591], [0.1040791576966935, 0.05080368682972844, 0.03640656891135128, 0.032299201915427865, 0.1129102670656998, 0.6635011175810945], [0.077286953206452, 0.03977343287293457, 0.027719219176096568, 0.030936569216598233, 0.11712308422603247, 0.7071607413018718], [0.11438294201280386, 0.042446239572611885, 0.02134559948839125, 0.024986418679827177, 0.1256624032573907, 0.6711763969889563], [0.10064538564658507, 0.04647317199982446, 0.05429533755947079, 0.053399494497230644, 0.123492776227193, 0.6216938340697493], [0.10346727501141331, 0.0424922668835857, 0.04139172661589366, 0.030017662195172656, 0.13935263659326255, 0.6432784327006678], [0.10280319748082109, 0.020139021225085766, 0.03837864742733527, 0.030835356125824328, 0.1686778347360186, 0.6391659430049421], [0.11516103700867818, 0.0250514017959105, 0.04844520316816037, 0.03002459842079001, 0.10524009715316406, 0.676077662453312], [0.07845994807793141, 0.03577500499036602, 0.032697340611350004, 0.033877385414738934, 0.12294363048518371, 0.6962466904204143], [0.13179832711117387, 0.04563365397591226, 0.03774912636806042, 0.025762873450647945, 0.09605670682750056, 0.6629993122666986], [0.08487764365434937, 0.038372990035744084, 0.014286156650344724, 0.027847514918335457, 0.16780538103039153, 0.6668103137108393], [0.1062724598825643, 0.020223372834975908, 0.05193513216786155, 0.03916710904025901, 0.10751161828399985, 0.6748903077903258], [0.11047119829572452, 0.028203508424069858, 0.02366453049829511, 0.02499091853843749, 0.14484255370096216, 0.6678272905425029]], [[0.1137040388361048, 0.032774171983922414, 0.03962872842403669, 0.032194197072160376, 0.12291350677643542, 0.6587853569073738], [0.10946418058121171, 0.030239525874171627, 0.0357631401861804, 0.02598522097178451, 0.1113349998689733, 0.6872129325176324], [0.12575923443011006, 0.020093996822468044, 0.0327920502212118, 0.028993799486011627, 0.14024309651573022, 0.6521178225244617], [0.09429212870246989, 0.016859746236878387, 0.03894860191465894, 0.03361947583607099, 0.12309468337037284, 0.6931853639395831], [0.11848617065009792, 0.03984609208592406, 0.021339091590493547, 0.019845224484504483, 0.12860554495089857, 0.6718778762380764], [0.10934662130106713, 0.017690400597031322, 0.021201569588824926, 0.033940540404205036, 0.14140465133465452, 0.6764162167742168], [0.10764559609892588, 0.040956931460179674, 0.03466189299270812, 0.03750208628139356, 0.12508960800948296, 0.6541438851573466], [0.09315794278014654, 0.03553305903103701, 0.03843266640237289, 0.02305389828046712, 0.12571027843656005, 0.6841121550694138], [0.11649104014013696, 0.04218389456104594, 0.034480858719187546, 0.030732773778730113, 0.12610162727878907, 0.6500098055221188], [0.1141946170358418, 0.034914431645388336, 0.04691648676335663, 0.017773379300935813, 0.13034460093744557, 0.6558564843170132], [0.11041523327887681, 0.010124083386240114, 0.030321762679777955, 0.02442695797891843, 0.13506060969813344, 0.6896513529780696], [0.10321675852512321, 0.035857865739875594, 0.03611672385166768, 0.023207939826652778, 0.12954185130221718, 0.672058860754492], [0.13340512896194495, 0.03223852666112665, 0.027324686882399016, 0.027453827100440333, 0.12778924043542686, 0.6517885899586711], [0.12956815549949133, 0.036335967796052915, 0.04405560939583844, 0.03111345031770738, 0.1334185346978745, 0.6255082822930601], [0.08794991148850459, 0.03570458089534191, 0.02731136779863026, 0.0262150912138678, 0.12689645314820217, 0.6959225954554633], [0.12885894181289906, 0.03403145973927637, 0.03093833866206736, 0.02677542077347471, 0.14394642301897728, 0.635449415993295], [0.1265704430404212, 0.006610316632577165, 0.039170750640759096, 0.015444473771763991, 0.1482882245243887, 0.6639157913900875], [0.11046120430010438, 0.028558394081655773, 0.02949917899158165, 0.0203840055866887, 0.14026440581377006, 0.6708328112261823], [0.10510488863143908, 0.014544943959379589, 0.031422543036108905, 0.02356973007087673, 0.16227115435155157, 0.6630867399506272], [0.11493444270679312, 0.019961020718341996, 0.037538138128906266, 0.027142383871695645, 0.10756033319119725, 0.6928636813830731]]], "bagging_alg3_list": [[[[[0.2336838756374169, 0.01641810530303322, 0.06533742236258953, 0.052857457799433, 0.09592565457293545, 0.535777484324579], [0.09551310300208304, 0.04006850479300475, 0.026405710588283317, 0.07903860071848681, 0.24021990610081687, 0.5187541747973184], [0.0737129417995695, 0.05903255081247921, 2.497450280514495e-07, 0.07613972961487459, 0.23910254828504907, 0.5520119797429973], [0.1000615579636426, 0.020700650675497333, 0.015673582572782164, 0.01789454156305304, 0.14451803408881747, 0.7011516331362291], [0.12154347983600938, 0.09736421920376653, 3.0472905230903353e-10, 0.0797335095026502, 7.076831036547062e-11, 0.7013587910820884], [0.04797238849855055, 0.033798305883186636, 0.030153013834290213, 0.006256399149108809, 0.15358548987468656, 0.7282344027601653], [0.1844175935750716, 0.09885264048140902, 0.019446732262641816, 6.416957664626824e-09, 0.11998975809073104, 0.5772932691731893], [0.23441263066598161, 0.05770724831313144, 8.569138752771819e-12, 0.049292337454968874, 0.147428256559963, 0.5111595269973894], [0.0903998658431067, 0.05421255438187611, 1.8542794051993994e-09, 0.048169829749865736, 0.20867303694073722, 0.598544711230145], [0.126337123679954, 0.030646294147313086, 0.02562521065929895, 1.9521249063243715e-09, 0.14963879906620353, 0.6677525704950942], [0.15147312184694917, 1.2320727494626882e-12, 0.03884862142567099, 0.020526020110976963, 0.025030679102684302, 0.7641215575124876], [0.029588166258185476, 6.985914448545385e-11, 0.06816338875001851, 0.05362736238470016, 0.2450131379355145, 0.6036079446016656], [0.039083321683655955, 0.11957232913245783, 0.0923390431665155, 2.0594861055644716e-09, 0.2077391272383197, 0.5412661767195538], [0.05935346092304041, 1.7476731338698644e-11, 0.11241389761251454, 0.05833602402252711, 0.09160780101616804, 0.6782888164082986], [0.08346208118720738, 3.2536299199438326e-10, 3.862539556980833e-10, 0.02358600529722602, 7.16734059051501e-09, 0.8929519056367006], [0.1723639283999061, 0.08097757111452185, 0.02427969329396608, 0.04237164279611514, 0.03329326537795876, 0.646713899017533], [0.115737134595937, 0.02789254775225439, 0.013655541787047844, 0.05576321304801738, 0.1726887079162992, 0.614262854900428], [0.0731533401243349, 0.03546975534269248, 0.04626082054244364, 0.01907607809507871, 0.08247772541462972, 0.7435622804808225], [0.30827660109987703, 0.013787155365545176, 1.2991856543681562e-10, 0.030353500046802536, 1.544680566860335e-08, 0.6475827279110563], [0.04275106700235466, 0.07063656737665769, 3.133624437186069e-10, 1.9553113390502508e-10, 0.15485723444272198, 0.7317551306693544]], [[0.10599361264775856, 1.6873335077822096e-10, 0.04342874824576897, 0.014133161235340324, 0.1485712150477783, 0.6878732626546162], [0.0669835423152678, 0.026111199674901546, 1.4780564815484314e-09, 0.05751529700807563, 0.13138806440485973, 0.7180018951188374], [0.09323057248113695, 0.0007152312572652562, 5.118979652557206e-10, 8.981286947019404e-10, 0.0319048066497412, 0.8741493882018276], [0.14056387867498496, 0.07084448466471006, 0.051805697541646316, 0.03212875826283354, 0.09298097156461065, 0.6116762092912158], [0.07174053082219442, 0.05025460457547233, 3.109554896840014e-08, 0.04652168944897341, 0.06121595677039816, 0.7702671872874384], [0.04392802492047881, 0.02054248939993716, 0.023128900940367764, 0.02773962776991946, 0.1045149271574952, 0.7801460298117722], [0.09067563184952226, 0.02124138817785384, 0.02610910487734177, 0.020600206792609085, 0.15252626565878397, 0.6888474026439109], [0.08483965193756043, 0.05727918640595038, 8.928757206012958e-09, 0.01593094977643344, 0.10290649885630486, 0.7390437040949843], [0.07966268678488544, 3.310095074059637e-08, 0.05702885425618594, 3.627126398433575e-08, 0.08146738770668586, 0.7818410018800299], [0.10479799755646843, 0.003624168180016006, 9.835130340352738e-09, 1.5030961596191925e-10, 0.1392592457589378, 0.7523185785191364], [0.13074267428286945, 0.010680676005542093, 5.4814643418075145e-11, 0.02208861670955909, 0.11771544495284819, 0.7187725879944031], [0.05477860312676979, 1.4274126801851617e-11, 0.01591431994147335, 3.364997964412495e-12, 0.07012320168618727, 0.8591838752279481], [0.05883143888340169, 0.026334784274570297, 0.0528091355888124, 0.01825780822904043, 0.04090672076918362, 0.8028601122549422], [0.13883811368624738, 0.015721494093819014, 0.04190925295802601, 0.029660643326481946, 0.08270521872829754, 0.6911652772071455], [0.15508388711762297, 0.024422455965991796, 0.04032421983987018, 7.406258843712705e-11, 0.10584245383538948, 0.6743269831670664], [0.012298771961945367, 0.05265010354090638, 1.3838712566385093e-11, 5.94977930860905e-11, 0.06557964120975983, 0.8694714832139881], [0.13705918226102884, 0.009975808311165789, 0.00865833656567043, 3.4096779828804466e-09, 0.1360803412996072, 0.7082263281528531], [0.10835671502918401, 0.022126480044297833, 0.09962814657723638, 0.01789905010149618, 2.501218800561229e-12, 0.7519896082452747], [0.12920440088279253, 4.2340174701302614e-09, 0.01226734678149756, 0.023768385955909528, 0.2824967003685158, 0.5522631617772701], [0.07325294860538221, 0.014864374954665104, 0.01366493505993568, 0.010358471432226516, 0.1850330651543507, 0.7028262047934387]], [[0.02411449386089554, 0.012283107068551008, 0.047082845644465125, 2.627451542411442e-11, 0.12039419934044475, 0.7961253540593524], [0.10282939020879574, 1.048000990197436e-08, 0.03326265548197608, 2.486796656177201e-07, 0.10029091066491844, 0.7636167844846488], [0.10754571919804815, 0.013892992414506495, 0.051433184169482955, 7.424240099769851e-10, 0.19413692693575457, 0.6329911765397656], [0.09717962182010374, 6.130028945191396e-11, 0.033680565581511605, 3.9495880539288335e-08, 0.07099962960722889, 0.7981401434339614], [0.08180211248587207, 4.5857979803084626e-08, 0.028577605092178566, 5.844872685904007e-09, 0.16256971083361293, 0.7270505198854866], [0.23111127771140377, 0.06859865297111276, 0.049283972030477866, 0.012379471274690556, 0.08148369236284819, 0.5571429336494723], [0.05167472408366793, 4.580639231641813e-09, 0.053064004891795774, 0.05914693406550381, 0.07241046670332567, 0.763703865675069], [0.06495768924081903, 1.798158053352706e-12, 2.0433932787492936e-12, 0.03362988215634186, 0.07677375379766946, 0.8246386748013833], [0.03791739419322481, 0.04466977849519109, 0.019416320049142424, 1.6636456430606755e-09, 0.14748176309493372, 0.7505147425038698], [0.0890149607833005, 0.0604286607870154, 0.015171698786852164, 0.04525599691469799, 0.12961771781141795, 0.6605109649167309], [0.036645548142030936, 0.029303208134922, 0.030094027978695766, 7.264326631880154e-11, 0.10518473747291081, 0.7987724781986135], [0.0668106573703039, 3.4400907626271204e-10, 0.016935463966608093, 5.077746554762737e-10, 0.0947743575385108, 0.8214795202727934], [0.09882708142964282, 0.011285676640884045, 0.0676631272104165, 2.7609398773109064e-12, 0.09075412127989156, 0.731469993436413], [1.6667911374702453e-08, 0.0153547942355062, 2.7898484868149416e-07, 0.07026762836084485, 0.07289759167974265, 0.841479690071144], [0.16183609856322667, 0.037219252232077206, 0.022074654223093477, 5.688926935834371e-10, 0.07541833348417076, 0.7034516609285725], [0.13269965961365307, 0.06201814140774678, 3.3756204620732297e-12, 0.053236606795561664, 0.15579577820701826, 0.5962498139726414], [0.09102187523305168, 0.04140379539259225, 0.037117281003743376, 0.011835746760256316, 0.1578605196339483, 0.6607607819763904], [0.11134287486236204, 0.06741505067345642, 2.523561702079132e-09, 2.059250636579592e-10, 0.09994064277917229, 0.721301428955501], [0.06714519504290366, 0.03438027926175062, 0.057398109835432816, 0.0269126166095273, 0.0863862833987128, 0.7277775158516706], [0.14692049388530604, 0.023726531592898222, 1.1179649444610963e-09, 0.03731247698716972, 0.059849306551072415, 0.7321911898655934]], [[0.07083740857550001, 0.03518433602294581, 0.08172762119511619, 0.033627768800924294, 0.14254305088412214, 0.6360798145213845], [0.15780170224896092, 0.033645194754081315, 0.04951987868220123, 0.0355953838753866, 0.05511795435835579, 0.6683198860809779], [0.11346104685585968, 0.022472970207110872, 0.035174739761592286, 0.02495461343021746, 0.018744958705404303, 0.7851916710397867], [0.048779885071924003, 3.956769543401966e-08, 0.03349770747510314, 9.450455379792504e-10, 0.14315310986734942, 0.7745692570728766], [0.1312610998508146, 0.03072283073728136, 0.011263814431369335, 0.014135725896687936, 0.10212612344267602, 0.7104904056411631], [0.1442626437694215, 0.038811322556636864, 0.023607369216280295, 0.03564377112342157, 0.18207529864020253, 0.5755995946940313], [0.15163305115085726, 0.05354531110410351, 0.05398036834344496, 0.011142565868392944, 0.12939836137055646, 0.6003003421626474], [0.0840237464336822, 0.03719079137854827, 0.04931419671015979, 0.05524483550854521, 0.14368493436499635, 0.6305414956040636], [0.08528680575357211, 0.02307022671854483, 0.039847717938411506, 0.024969700903144775, 0.13323572508235385, 0.6935898236039739], [0.14278355369676485, 0.026150765549970634, 0.0578383200634599, 1.1219796055539076e-10, 0.06289446614145558, 0.7103328944361467], [0.0506349831739264, 0.014658107160341854, 0.10088602931535183, 0.008787686873229256, 0.10694027992026896, 0.7180929135568914], [0.07202918364246211, 0.044754189038188286, 0.015853236329799358, 0.05607949819311027, 0.13637708882723992, 0.674906803969185], [0.1394894972117243, 0.06918378559139807, 0.015862786783268187, 0.031204990621446986, 0.19637957219406188, 0.5478793675980858], [0.10009309680715883, 0.07967240159441394, 0.021705912105994537, 0.04475345129447161, 0.08098741785112433, 0.6727877203468398], [0.04262772527868068, 0.015344917368360645, 0.030545732035773373, 0.03862016482495457, 0.06897437453701136, 0.8038870859551999], [0.1084110701462392, 0.022052368275895056, 0.05529439570703928, 5.845784264491901e-08, 0.13989408376009288, 0.6743480236528934], [0.13273758984904574, 0.019901602591083173, 0.07339371120206932, 0.03439178434623698, 0.12559727378039937, 0.6139780382311808], [0.11041917430865722, 0.04077380988876401, 0.014255079831105263, 1.2741574789384854e-10, 0.08543669417544146, 0.749115241668618], [0.08338996371909045, 0.0311104234836627, 0.03873101066674704, 0.016180291434113616, 0.11086810953302186, 0.7197202011633633], [0.09462361149935782, 0.007263743875414497, 0.03135512656784244, 0.05065749493132858, 0.13601478914094356, 0.680085233985095]], [[0.1406913537155226, 0.026198210558152513, 0.04703853811398058, 0.03872699349946645, 0.10348759663587019, 0.6438573074770084], [0.11370371925230607, 0.06265052057767298, 0.032551834408099826, 0.015177285346281965, 0.13378058715017666, 0.6421360532654599], [0.09398138152603754, 0.03875396835629721, 0.023879534127122532, 0.036549782029368864, 0.10174063661424604, 0.705094697346925], [0.12791505606035028, 0.03001066851180315, 0.050931243479725705, 0.036017803390265404, 0.15309687078393938, 0.6020283577739046], [0.10282185418623882, 0.029346721260026513, 0.0405109051433739, 0.019065364746394472, 0.12196842562691082, 0.6862867290370624], [0.08602500154933343, 0.040193886785178545, 0.0357618514073218, 0.027812013732866542, 0.16127996334844744, 0.6489272831768408], [0.09076183622470058, 0.03137273500527276, 0.02735053749739274, 0.02337963091351482, 0.12662259317955793, 0.7005126671795671], [0.08228423514491276, 0.019871354022419307, 0.03128024435508977, 0.04119637630993681, 0.13777663677177107, 0.6875911533958473], [0.12442623339035348, 0.03384773671761334, 0.05274612909386149, 0.026317164934364735, 0.09236159444960411, 0.6703011414141375], [0.13983026849321056, 0.045206838102809524, 0.061317059079653784, 0.03494531912165305, 0.08524269523336013, 0.633457819969314], [0.12851280179068345, 0.04080415382983554, 0.03511897336163962, 0.02722947087849465, 0.11484808594043136, 0.6534865141989038], [0.0815209739114714, 0.03226114304291562, 0.04849628728790428, 0.02453285090624798, 0.07849739395086099, 0.7346913509005911], [0.1684988626666595, 0.03355315347345096, 0.02501979911778624, 0.03740773509962956, 0.14841925777296663, 0.5871011918695012], [0.16396542371641074, 0.04047416572073022, 0.04238958376896011, 0.03350039909449655, 0.1490794090790022, 0.5705910186203896], [0.16577186915969333, 0.03680255376918589, 0.021798828175100572, 0.017676019849717128, 0.11696910651957321, 0.6409816225267305], [0.1352932414742427, 0.019350486279865197, 0.03064101959832227, 0.026234101350746376, 0.09601403324994214, 0.6924671180468503], [0.11776057324325948, 0.03653145976956211, 0.05147324413719271, 0.02676386742157999, 0.1047786873104126, 0.6626921681179818], [0.11049682906999729, 0.019767073588183543, 0.02784131631512806, 0.037977005424203104, 0.10867467180167556, 0.69524310380081], [0.10520317449181402, 0.04547686958957514, 0.04351086581120015, 0.013386911801484741, 0.17845820179696079, 0.6139639765089884], [0.10280998836577193, 0.016805076656059435, 0.03237481140120917, 0.024873091076820293, 0.14820359463135943, 0.6749334378687875]]], [[[0.07158291694820727, 0.07282477152011, 0.07521472402465328, 0.06541100548478918, 0.10829062302502698, 0.6066759589972202], [0.17586443515135175, 0.08299110267441988, 0.10317565896979619, 0.038120995205366645, 0.1952112488699477, 0.4046365591291199], [0.16812694103198716, 0.10655159610316943, 2.4913345968888126e-09, 0.08174410503700483, 0.02554262688280114, 0.6180347284537053], [0.111386980125575, 0.028312398388910587, 0.03472577071998496, 0.02729169755356097, 0.11932793240826829, 0.6789552208036927], [0.15657365614722832, 0.13116235821086858, 0.029355736657886815, 0.12235668819701455, 2.0317150054328894e-06, 0.5605495290720095], [0.15645572369111563, 0.06155705238610256, 0.00970847445948816, 0.01432597438095576, 0.17572090267141915, 0.5822318724109348], [0.11898767728377184, 0.09619543702466447, 0.017976341531114947, 3.387211272941777e-08, 0.20278064673918544, 0.5640598635491394], [0.11353469041919044, 0.05572191547853029, 0.009900409668753142, 3.943942524704341e-11, 0.1542431287189627, 0.6665998556751237], [0.08308027883291956, 0.05392053476205274, 3.190053750207402e-08, 0.039150624726179445, 0.16816941162473026, 0.6556791181535805], [0.1031117493569752, 0.0638243141928835, 0.03318962526777121, 0.009604402423173843, 0.19346153641383979, 0.5968083723453617], [0.12545414176597258, 0.027793995599287722, 0.028573414933404453, 0.015522136701130103, 0.029507606827179827, 0.7731487041730104], [0.04503169555483208, 8.741201421903183e-12, 0.0706212771169628, 0.053893556819893634, 0.2864607404208252, 0.5439927300787514], [0.01960941777477499, 0.08244380946762743, 0.1400693578617936, 0.047159785997348054, 0.2726957824773563, 0.4380218464210986], [0.08524351881698328, 2.9079403203214362e-08, 0.04189616978965037, 0.03414514204904772, 0.08161845333512897, 0.7570966869297706], [0.09787901043192891, 0.021723213046814353, 0.026589645777595153, 0.026163794141621975, 0.03539930390926371, 0.7922450326927558], [0.13885805372640994, 0.09279047969372316, 0.03162416537787693, 0.04687278841900207, 0.0062414093831922686, 0.6836131033997872], [0.14752749540443802, 0.06707151566500871, 0.005182576463043563, 0.06941896653862388, 0.20205351990265874, 0.5087459260262245], [0.11244785783907653, 0.06357533190286326, 0.046720366139735764, 1.0532204529130269e-12, 0.12411031325908536, 0.6531461308581847], [0.3214233619984023, 0.04759947087162844, 0.019609711449070286, 0.03910870489499942, 0.027293977150477308, 0.5449647736354194], [0.21214097180547556, 0.0714355268950561, 0.02420474640688242, 5.0676265333711114e-08, 0.06978606836676424, 0.6224326358495602]], [[0.10102046726370667, 0.0029457336430987273, 0.05488649188886825, 0.016652995278405695, 0.13157392543106025, 0.6929203864948631], [0.08484114845592437, 0.028043485517275726, 0.02779118922279957, 0.06765737391747044, 0.0841449619458744, 0.7075218409406785], [0.16683209922842826, 0.03429698768879177, 0.009220429609316412, 0.0070703509828528, 0.069326128469028, 0.713254004021572], [0.12757575995253934, 0.040653253544623395, 6.171755763667899e-12, 0.024369960312128514, 0.11457775002696789, 0.6928232761575615], [0.04165271779512579, 0.02492502802997, 0.07138509576058656, 0.0231143518833311, 0.08674278200274285, 0.7521800245282418], [0.16132161773675385, 0.0173333667311661, 0.02151215850196691, 0.014069472927244316, 0.06693692442584687, 0.7188264596770324], [0.16441653430004322, 0.05086248650358736, 0.02893620976438109, 0.0613635951366398, 0.11437724876439131, 0.5800439255309798], [0.1390728284349838, 0.06137995046133993, 0.023589318702508754, 7.98796382266562e-09, 0.13145139026277422, 0.6445065041504278], [0.09219286850423061, 0.025613393987310787, 0.05089457210788711, 0.0007166350660610601, 0.11713798185688461, 0.7134445484776356], [0.07964262308610047, 0.003808248746037516, 0.10773953353436905, 0.04169498144567104, 0.1714719772041065, 0.5956426359837376], [0.2788331812063991, 0.016041066157718734, 0.04878393303185293, 0.05829367208767551, 0.17441297845567266, 0.42363516906067605], [0.04550783081479832, 1.0990198357493612e-11, 0.071165215361675, 0.0059551321513083115, 0.16977832534370133, 0.7075934963175264], [0.059487826530066124, 2.03265820908332e-10, 0.030246409836272938, 0.030856481996895665, 0.07108788121459068, 0.8083214002189155], [0.19690081136759077, 0.0077872127153755955, 0.025712205869945857, 0.016631484387295007, 0.16832914637076413, 0.584639139289023], [0.12461273808187597, 0.06949310786934998, 0.044232089042801376, 3.289590520475084e-10, 0.10836537249576736, 0.6532966921812442], [0.05940234028504122, 0.04316635857161775, 1.519406983171623e-11, 2.9878485516820474e-10, 0.09981594257982475, 0.7976153582495092], [0.08621934479504288, 0.03869327360679574, 0.032063653535211664, 0.04596753079629372, 0.05363404447834024, 0.7434221527883552], [0.0878826372345822, 0.059730370831648574, 0.033554605635570514, 0.0059946670768328, 7.563566100914728e-10, 0.8128377184650082], [0.07830616821224032, 0.015029054639888096, 0.017814343719494974, 0.022376654264718007, 0.08920540750223453, 0.7772683716614082], [0.15453400746687299, 0.016762954562984312, 5.7005308509704965e-09, 0.007858465311834668, 0.22043727570126134, 0.6004072912565098]], [[0.11187247508983891, 1.5621234530427705e-08, 0.04592549504828405, 0.0263526444499428, 0.12160730914518239, 0.6942420606455153], [0.11390987609899808, 0.04367305107402544, 0.050388083480631334, 0.04440562227428629, 0.1412956448098715, 0.6063277222621857], [0.11551697827038193, 0.04816434778218758, 0.022819532834249975, 0.03371120200655494, 0.10770727358664134, 0.6720806655199482], [0.10862446726276045, 0.008497735536769165, 0.003691904595104895, 0.014893007900312503, 0.12349304893195338, 0.7407998357730636], [0.08770996588232513, 6.959964929244465e-07, 0.04801605091009473, 0.022515017864198374, 0.1085486256191463, 0.7332096437277402], [0.150359875297881, 0.0263849251386705, 0.08812989469579499, 2.92017643896221e-13, 0.20392534117682512, 0.5311999636905417], [0.07887130847453801, 0.030222515389904666, 0.04240689128989549, 8.399783902053239e-09, 0.11516693583792402, 0.7333323406079326], [0.09661173626303331, 0.05717398214027982, 0.04684465354986938, 0.041435887396318115, 0.11262986631642284, 0.6453038743340771], [0.09740035230765011, 0.05187744202039685, 0.03254859081503823, 4.695614236875943e-09, 0.10567739000554369, 0.7124962201557559], [0.1885623871769763, 0.021851026681847317, 0.02972668846680537, 0.046625205211414805, 0.11506909877948693, 0.5981655936834772], [0.1299968631898989, 8.978310196657051e-11, 0.008117309633639226, 6.418431309525585e-10, 0.20074774249911384, 0.6611380839457279], [0.10180437027492936, 0.04162208383698033, 0.024167776611122852, 0.032672100170406934, 0.0827899586824073, 0.7169437104241576], [0.1373625384453604, 0.03285911905721517, 0.022634543188116012, 0.021439388391050324, 0.14861890363840669, 0.6370855072798491], [0.0912165005577395, 0.019471755976534742, 0.03934501568387787, 0.04028119141082534, 0.10041515416532339, 0.7092703822057055], [0.037380199282780024, 1.654644424046107e-11, 0.03222739604971561, 0.0310094573898913, 0.13289677996815014, 0.7664861672929134], [0.14038927581799746, 0.041391528849925495, 0.027014806218876395, 0.06033851270956964, 0.21854252315779676, 0.5123233532458408], [0.07384900206519024, 0.05456666049477802, 0.01902693060348612, 0.07132275808026194, 0.1889419087346237, 0.5922927400216755], [0.0717049403800039, 0.02451595280440909, 0.004683454164156633, 0.024052670897606872, 0.06338806081344528, 0.8116549209403898], [0.07813329559630602, 0.061085941507080896, 0.05028782043110325, 0.0035588699151590897, 0.10728647489171227, 0.699647597658648], [0.0809266429356244, 0.01598510376461835, 0.02336718604800334, 0.030249199792899133, 0.09003597796883733, 0.7594358894900544]], [[0.11812034788105454, 0.025890018438347397, 0.013535460459948412, 0.012047232176968462, 0.16645275780680727, 0.663954183236854], [0.0960740014288567, 0.04662081286818017, 0.03920868091957554, 0.022158847229760054, 0.1435563064209961, 0.6523813511326263], [0.16571371188931086, 0.03933882205346064, 0.03382327493496944, 0.022184603065798236, 0.08347930551217779, 0.6554602825442865], [0.14589557373579068, 0.02458767401502245, 0.046533876955728276, 0.019304488961368566, 0.10055008407943572, 0.6631283022526712], [0.126656988470209, 0.06032953931254468, 0.020382740136188363, 0.020401706254715598, 0.09833084284087755, 0.6738981829854719], [0.11518685731169846, 0.03842489548649562, 0.033700583925321076, 0.04038773795097645, 0.1754755916103949, 0.5968243337151183], [0.13222799993677173, 0.03099830739988678, 2.0567544372641008e-10, 0.042512001412432374, 0.06260655501961132, 0.7316551360256208], [0.1641697656074214, 0.025498612678825798, 0.07836914453798433, 0.032091167673528764, 0.11480499868293884, 0.5850663108193024], [0.15686149399189334, 0.03621398015592028, 0.03702467240077206, 0.0339254399668727, 0.15682921768854266, 0.5791451957960178], [0.1216814821211134, 0.015313954433079357, 0.05079599906989374, 0.025211080047368915, 0.08236289195047988, 0.7046345923780599], [0.07137263527496374, 0.05654183408521162, 0.02921221946289433, 0.04484653103071854, 0.11267260949560363, 0.6853541706506081], [0.10898019373249535, 0.051365267084299344, 0.02709839396994628, 0.020734624816343594, 0.1270640621284012, 0.6647574582685016], [0.06588370687375426, 0.03379947500291199, 0.021405453317374125, 0.019909319678033898, 0.1533097750691577, 0.7056922700587722], [0.12481519373051402, 0.03130453888202541, 0.022828622278063468, 0.02659429749020397, 0.17202561310879969, 0.622431734510381], [0.10177462821414122, 0.02840978238263163, 0.02989822886797603, 0.001178219140238379, 0.07660524629075974, 0.7621338951042522], [0.13275859114674377, 0.05092595081940716, 0.03002251795107227, 0.03276148882848477, 0.11488313341433094, 0.6386483178399653], [0.08721390794226137, 0.023025030491755454, 2.671044007694206e-06, 0.017600376674379935, 0.13861032215855762, 0.7335476916890368], [0.12781976697008293, 0.03145253162690748, 0.029209710683399073, 0.023644653156649546, 0.13081674452747635, 0.6570565930354635], [0.12592605159420936, 0.019243402681806174, 0.06116663664585357, 0.016889445139039654, 0.15375288118388833, 0.6230215827552319], [0.07337915333319281, 0.039031516887965315, 0.004545711130990272, 0.04398854587459354, 0.09337803459102027, 0.7456770381822221]], [[0.12787907672676715, 0.03215999367891255, 0.029226597187201487, 0.01732292005965653, 0.14243033343548436, 0.6509810789119796], [0.08077618576020981, 0.054274810344447554, 0.047174744721110176, 0.03130269343784399, 0.16519121790283053, 0.6212803478335648], [0.12699923601764773, 0.02914800054980266, 0.03632201563009053, 0.03574102630387516, 0.11251237838670954, 0.6592773431118721], [0.11677499537183919, 0.02817086894425436, 0.039323650835897325, 0.040659030958608726, 0.10599477368860374, 0.6690766802007925], [0.10548843625919606, 0.022564798143222594, 0.03656375510969471, 0.013467659234398889, 0.10000629309823869, 0.7219090581552746], [0.10377252367464676, 0.030642852665166247, 0.044331702068838734, 0.019724215822675428, 0.13472323555174043, 0.6668054702169206], [0.1476017321979168, 0.04017655131978703, 0.022066761686122, 0.04666949643582256, 0.11464822952682005, 0.6288372288335259], [0.11413525186289197, 0.015038537668563369, 0.04535150044224616, 0.036396839593014124, 0.14517229106375593, 0.6439055793695225], [0.11078159443806568, 0.03884681948554528, 0.04416714908483738, 0.030583464925304314, 0.12865796850683878, 0.646963003559419], [0.08188861614374104, 0.03115053379046426, 0.050260730546673266, 0.040111762755538224, 0.1211426342613568, 0.6754457225022164], [0.0796826557318878, 0.047363000635758774, 0.03532495848558123, 0.02126734900037495, 0.11765089749746296, 0.6987111386489548], [0.1284327867104644, 0.02552062904804379, 0.04636619466312204, 0.03185330993814597, 0.09636357634411163, 0.6714635032961156], [0.1487602446433234, 0.04336811991197616, 0.022240913995374964, 0.034293058658806046, 0.14495348468122962, 0.6063841781092778], [0.14086087703569872, 0.017329744138242176, 0.04718573057718803, 0.01983830441297655, 0.16611672799902338, 0.6086686158368649], [0.10923111612825669, 0.04178691175500847, 0.046608667635716354, 0.028107413424130253, 0.1324601827187319, 0.64180570833818], [0.1300436761959836, 0.034015663161690225, 0.02639914495581603, 0.04059710900174892, 0.13721173739072556, 0.6317326692940572], [0.11837192948731508, 0.01625545294526732, 0.03482535039331238, 0.02924043914934328, 0.1593392730413473, 0.6419675549834141], [0.13533821549164082, 0.039990869707685395, 0.048826182964167304, 0.04268854808908097, 0.14647067546036854, 0.5866855082870559], [0.10030931923063614, 0.01684866930977379, 0.03885145722434296, 0.0258128719689227, 0.1685419500388015, 0.6496357322275205], [0.13136273777376123, 0.020910673139185466, 0.03942832290042278, 0.038193596532998, 0.1373267048421281, 0.6327779648114783]]]]], "bagging_alg4_list": [[[[[0.20906757572585546, 0.07371346089166746, 0.04450710377638808, 0.0533895170310111, 0.09082997234683994, 0.5284923702282383], [0.13305877287711682, 0.09738385912401787, 0.07551536652371521, 0.05009790374317211, 0.19491962410097152, 0.44902447363100384], [0.005423699919107503, 0.09617882083632269, 1.259620327439621e-11, 0.05081196092335665, 0.43161736064852774, 0.41596815766009315], [0.08395134124158128, 0.06794313712662381, 0.020155072528684526, 0.04148923448380886, 0.17481476310724875, 0.6116464515120388], [0.006458931262906836, 0.17937546064784746, 7.44440105121087e-10, 0.03862257338138169, 0.09085319652645538, 0.6846898374368255], [0.14804505232895934, 0.07011314233569385, 0.01702771888506109, 0.019765894729210882, 0.17727281958969854, 0.5677753721313756], [0.2533475251966768, 0.07233122682782184, 0.025962701564843652, 0.056588996757684154, 0.19929439706619442, 0.39247515258677396], [0.23957131282046001, 0.07007082749214585, 0.05081303812230547, 1.916309814154428e-10, 0.11781835877693987, 0.5217264625965173], [0.04179612017826007, 0.03458560509405182, 0.007594886462738462, 0.04248221126734667, 0.23364138783586844, 0.6398997891617306], [0.1833000650763672, 0.07051323919627292, 0.02317318024050149, 0.024931498300922693, 0.021926989191328617, 0.6761550279946119], [0.106879160473553, 0.03032456394411587, 0.06139948729102553, 5.719415826056353e-10, 9.070530950583202e-10, 0.8013967868123023],