{"SAA_list": [[[0.026577518466025674, 0.03336822021015253, 0.3608902143465527, 0.037711405701304455, 0.02661747333574515, 0.5148351679402149], [0.06613407907537668, 0.06080070984356891, 0.5159232975681912, 0.04821528236496528, 0.05534331807891686, 0.2535833130689737], [0.056789573430661384, 0.08277906434221226, 0.3297666879283121, 0.06971852224154618, 0.015114435520311416, 0.4458317165368859], [0.026717650280691764, 0.02747067115772672, 0.19914660038174956, 0.03015433819408608, 0.035454593509946106, 0.6810561464758035], [0.04524766140214103, 0.18540968620300743, 0.5106948508103833, 0.1111205705912641, 1.1732889136882094e-07, 0.14752711366429588], [0.04476071064140185, 0.027091864592679798, 0.40820046081946826, 0.02151918589895252, 0.03957404695231599, 0.45885373109518984], [0.06330118655450968, 0.09420250526908354, 0.13731129096279815, 0.013755756537767415, 0.07338523828551291, 0.618044022390345], [0.032108937198737766, 0.056145984293883906, 0.3177773550350056, 0.05144248955498892, 0.035956329691471375, 0.5065689042258983], [0.07287475319439239, 0.09378101594167011, 0.2922052840363848, 0.10721470394609281, 0.08538650277110305, 0.348537740110357], [0.047347864670029674, 0.04941891076847338, 0.2151673332154048, 0.018148587426346972, 0.004813175362354854, 0.6651041285573949], [0.08718929323535683, 0.0207171626289615, 0.2950796266921793, 0.020811656883122025, 0.011256520515396743, 0.5649457400449808], [0.00035700806564235133, 2.976844834313396e-10, 0.37861102106083205, 0.05357592409276408, 0.06928083230007975, 0.4981752141830744], [2.941728852977775e-07, 0.04896536625693283, 0.49285097198100425, 0.04277491480762102, 0.07499274825343999, 0.34041570452808206], [0.035856079387625056, 4.2376415425839747e-10, 0.31848290575517885, 0.04331339747191937, 0.02708068613335822, 0.5752669308281165], [0.024943176977681294, 0.04293659495071671, 0.3514533728551479, 0.03589331299948282, 1.0796680732654753e-09, 0.544773541137334], [0.025625456071492258, 0.06432058551072639, 0.24650845968492346, 0.021456409665991695, 1.5299846712071798e-07, 0.642088936068406], [0.02932076069171608, 0.03578370975749326, 0.2153985693263139, 0.05803898205221832, 0.0032911154954719003, 0.6581668626768032], [0.051272767910817876, 0.05959805999642799, 0.416732754411599, 0.013028354594132426, 0.026366349695088564, 0.43300171339196447], [0.13006895981528357, 0.021958602483417935, 0.19044821749016322, 0.03690249122935103, 9.660449445546924e-08, 0.6206216323773174], [0.017964043182892978, 0.04722868215124666, 0.4156408668942185, 5.3677819695573376e-11, 3.643620906948186e-07, 0.519166043355843]], [[0.016769440246157057, 0.03282733597589757, 0.4732644163402763, 0.0287586867031799, 0.01696577733539728, 0.4314143433990937], [0.05124769947638374, 1.082578850142612e-09, 0.3417371593845283, 1.4061559545210941e-06, 0.05164885500133289, 0.5553648788991956], [0.040608255174712, 0.004549011283909625, 0.3684689031957552, 0.008601502343696292, 0.013358106382564718, 0.5644142216193792], [0.060147618078905514, 0.049749583789910255, 0.28922015722183325, 0.015903661532518727, 0.03025503499610761, 0.5547239443807332], [0.0029850512122934123, 0.019835690107690925, 0.2468603156947092, 0.018923733853092865, 0.010133184386401331, 0.7012620247458901], [0.039211019553125004, 0.016169133350572865, 0.2755831942203598, 0.01712664839701927, 0.032386617653845894, 0.6195233868250856], [0.057980744819570086, 0.03682961714293217, 0.3220679346397115, 0.03262689640015482, 0.03255466932383652, 0.5179401376738083], [0.0445817692794317, 0.0529511960495799, 0.3450112106679886, 0.0018295626116095576, 0.017949033063731815, 0.5376772283276535], [0.02148460443357395, 0.01901112449124308, 0.3237138968454063, 0.004901853366168942, 5.037287554263217e-12, 0.6308885208585582], [0.03701054940327662, 0.01605441158221702, 0.32686891971543175, 0.02542148254851775, 0.03649637981445716, 0.5581482569360744], [0.11665080154516845, 0.03705326046698913, 0.5533773691470643, 0.03534314627062264, 0.009054882897409104, 0.2485205396727377], [0.007733504345115114, 0.0027004692319592748, 0.4382717865805209, 0.019592539862747067, 0.030336115197033022, 0.5013655847826161], [0.019570990313482205, 0.025398318940876016, 0.32521992455559107, 0.028668460277459656, 5.384051872840771e-07, 0.6011417675074003], [0.08486496541498616, 0.010694124725189371, 0.3283130017973551, 0.04672340976657251, 0.03068676079051739, 0.4987177375053864], [1.3635264129956568e-09, 0.009781565787254231, 0.4876350765426571, 0.023984615977296543, 0.004718704496457399, 0.4738800358329049], [0.013467928282105295, 0.006532170979046063, 0.27021887145472584, 1.0130072688211763e-09, 2.4249968430238635e-08, 0.7097810040211681], [0.04176719850206149, 0.03411213820104637, 0.35474424909306923, 0.03161117061243827, 0.00690603624540269, 0.5308592073460117], [0.034429200470971894, 0.03983568224668997, 0.41611752640892397, 0.02026803760453028, 0.007924515235338634, 0.4814250380335428], [0.026831273493204952, 0.02094737730344244, 0.4908453855314489, 0.01475708639668677, 3.5881991546913e-06, 0.4466152890761044], [0.01674675548589512, 0.036169013087521094, 0.41074132481650194, 0.012218403681196203, 0.0343549800380098, 0.48976952289085407]], [[0.01887088932622026, 0.012869224082872633, 0.43397257470625317, 0.009730653617391139, 0.026046166782971336, 0.49851049148430954], [0.03458740410873961, 0.030468245948892244, 0.45389430029163547, 0.020297307681235593, 0.024694804607614005, 0.43605793736188625], [0.023380128482073274, 0.037160729156101614, 0.28622144088615636, 0.023924649212454564, 0.03016924376553254, 0.5991438084976645], [0.022978645347842407, 0.010285780066730177, 0.4379915931464816, 0.0022355956228730994, 0.014027345260597669, 0.512481040555475], [0.03295840928816197, 0.005438086071660809, 0.3984923288470793, 0.019219218810154527, 0.024413274219381723, 0.5194786827635878], [0.03233857536343154, 0.014815291420378502, 0.5111130624624123, 0.0024039324869460097, 0.013922191623095981, 0.4254069466438079], [0.020221107492110507, 0.02663183062181452, 0.3637484783107943, 0.02532828536833943, 0.016354033919371853, 0.5477162642875743], [0.0256016134771369, 0.030103688627821753, 0.3640606243250787, 0.04563545568836563, 0.029747059928946995, 0.504851557952644], [0.001652639848655032, 0.020368019997414284, 0.39697236755814075, 0.008659869305523324, 0.026507434683935877, 0.5458396686063299], [0.02587039441524384, 0.0194100189718623, 0.4438439900506548, 0.01494089359418299, 0.011932118135815753, 0.4840025848322521], [0.03623086393157048, 3.336914756546856e-07, 0.4073484696941397, 0.007513328696159466, 0.019320665676593875, 0.5295863383100566], [0.01758985979742351, 0.009577920377417386, 0.3459849099029763, 0.014043905982174202, 0.017776328406905535, 0.5950270755331065], [0.02882645389206335, 0.0344801336814622, 0.39826117525402666, 0.01697229782233798, 0.012716340396669948, 0.5087435989534532], [0.011132067843119873, 0.023276868393311802, 0.36541831058808866, 0.005314547175133129, 0.024784548981453516, 0.5700736570188805], [0.009775234636297788, 0.013928657398543516, 0.3634753379438613, 0.02617293638846227, 0.024947081489915774, 0.5617007521429098], [0.008815785154819442, 0.007514029487400439, 0.4022328824694335, 0.022266186831078852, 0.01807184558959245, 0.5410992704677047], [0.0024371083777509736, 0.05418582779156966, 0.5104851954232619, 0.04799096209847374, 0.03244221906350803, 0.3524586872454202], [0.015752723514592577, 0.0072955670839963144, 0.3505370997565832, 0.0120558838630104, 0.008253322361631416, 0.6061054034201742], [0.02489234144851745, 0.019770617625073712, 0.40347099456662855, 0.018653410413902578, 0.02924065666073807, 0.5039719792851514], [0.007974034408123346, 0.03145891293775148, 0.40459813603447453, 0.02355247192003744, 0.0035617744580654846, 0.5288546702415423]], [[0.033232083958487216, 0.020263343988086515, 0.31656774637680835, 0.021549461182358398, 0.020118733232143148, 0.588268631262126], [0.012242989304983494, 0.032378407779831815, 0.39145978549619836, 0.025139203961306082, 0.017949084498814164, 0.5208305289588764], [0.01035856159742806, 0.024495621172567268, 0.3498299140599636, 0.024225763428908153, 0.007552623682131891, 0.5835375160589787], [0.011065551056475408, 0.0028058879374223684, 0.39622843142098363, 0.011778209384767376, 0.013619533419726616, 0.5645023867806169], [0.027107193674236495, 0.018083139656498683, 0.33619163479743175, 0.012320931324688781, 0.01770084148858609, 0.5885962590585628], [0.03941351871251446, 0.022112308956617317, 0.27824816155854354, 0.019364022779938928, 0.02816500998698962, 0.6126969780053608], [0.01140364595088457, 0.022710934732322805, 0.3203672150418385, 0.018376019590251542, 0.019389504150884935, 0.6077526805338431], [0.020436235548881628, 0.01392054301517139, 0.3987947855716502, 0.018987353909018397, 0.01889050346833901, 0.528970578486921], [0.0174254017349538, 0.030517285492162382, 0.3694647995063875, 0.018296844144561515, 0.008843691096699136, 0.5554519780252442], [0.007665984322104571, 0.023367470859462888, 0.3270160981008411, 0.017872541710575996, 0.017311293466838688, 0.6067666115401936], [0.017830379855635126, 0.022797545312445575, 0.36339334496092857, 0.015819187137736793, 0.015837872328584603, 0.5643216704046735], [0.015344149714942534, 0.025777886175283104, 0.4047566658598449, 0.0345494198888263, 0.016774549480131434, 0.5027973288809804], [0.016990689929146464, 0.02305275118492932, 0.39019196874234097, 0.01966410958974883, 0.017492775096972057, 0.5326077054568961], [0.011984564061595388, 0.00912647905875387, 0.37890439689875993, 0.019339787824512827, 0.025444675227215573, 0.555200096929145], [0.018906630190288615, 0.013293958026570548, 0.388849781847351, 0.01610577603880456, 0.010251210226293196, 0.552592643670687], [0.008418928728836962, 0.017439542100330895, 0.3547677998960005, 0.022375711980281605, 0.011552788106820203, 0.5854452291877141], [0.024011049173901972, 0.025778339086762834, 0.3673356651114473, 0.016307343001986916, 0.005401725621297277, 0.561165878004574], [0.007864073991378144, 0.020877700902495595, 0.34938592000400187, 0.01927381290243489, 0.026100267558805828, 0.5764982246408602], [0.015037878643222707, 0.010321752827972992, 0.4135169843254032, 0.021516086544349618, 0.006339673142907538, 0.5332676245161903], [0.017026394246175115, 0.014926447788963496, 0.341340735830708, 0.015209663087186291, 0.019840747178366997, 0.5916560118686216]], [[0.017695209033750974, 0.017122502523584, 0.36754717249113145, 0.018841973644572917, 0.013673927668421614, 0.5651192146385223], [0.01392196541979514, 0.01462092274009824, 0.38304317831668183, 0.014032370124713004, 0.008688154082830359, 0.5656934093158726], [0.02198485378954777, 0.008576921572425868, 0.3629462126503963, 0.017422622126412185, 0.02070783456500884, 0.5683615552961827], [0.011279255580022251, 0.00744749764893944, 0.3710293741396019, 0.02050235287504004, 0.012908740628653614, 0.5768327791277181], [0.019475728315869363, 0.02205449339894961, 0.34516208584613967, 0.011761227570301947, 0.013727502353279044, 0.5878189625155003], [0.0160424619652613, 0.00811908480883456, 0.34776250212896664, 0.02155213717548652, 0.019515153599224795, 0.5870086603222385], [0.013352951942826643, 0.022431289347069068, 0.37381220072916715, 0.02353350773876789, 0.012000259544128958, 0.5548697906980108], [0.005840087229634855, 0.018318753765309066, 0.3779956648794619, 0.012268593216381195, 0.013166359820601554, 0.5724105410886151], [0.018578238328464197, 0.023508989592328926, 0.3791353159137463, 0.018780373514393985, 0.012136646407861081, 0.5478604362432267], [0.016615100342507485, 0.01748191523750831, 0.4041112996334272, 0.009156916842484826, 0.014563867903042297, 0.5380709000410275], [0.015585747091974722, 0.003082545163843235, 0.3591557877614747, 0.013935115807272936, 0.01633598768195968, 0.5919048164934744], [0.013596681161746789, 0.017589371349026436, 0.392671125183185, 0.01267218534796756, 0.014235165675016263, 0.5492354712830626], [0.024015663158497937, 0.018367539421929816, 0.3551165435982767, 0.0169855038217276, 0.010679176573314297, 0.5748355734262347], [0.018400658176595655, 0.01954391740441443, 0.41220509863203786, 0.018471009322869655, 0.013736261156883742, 0.5176430553072089], [0.006488009262372364, 0.019362550748037218, 0.355105307333274, 0.01580916280571384, 0.014317169655899905, 0.5889178001946582], [0.01890459446104136, 0.01818053432300837, 0.38064272637313756, 0.01662401389121228, 0.01790140502801549, 0.5477467259235363], [0.02196509787446579, 0.0024555419767188134, 0.37587433989171937, 0.007571282727238242, 0.020555144586931313, 0.571578592942935], [0.018972643816838695, 0.01532628561708779, 0.35774134581944583, 0.011422740773216759, 0.01882932242973228, 0.577707661543665], [0.012022833252024728, 0.0020951629607271456, 0.390800069084201, 0.013307967761098233, 0.02233585163363092, 0.5594381153083223], [0.017081264698459834, 0.008908280857652892, 0.37573905232033633, 0.01439724495434178, 0.008780182512156339, 0.5750939746570234]]], "bagging_alg3_list": [[[[[0.024428347472892038, 3.877251418280903e-09, 0.42147421351053743, 0.02721497932484406, 0.02760227681881281, 0.4992801789956515], [0.07164314619353214, 0.03138362045026372, 0.292513436984049, 0.05349932070656858, 0.0410558952013163, 0.5099045804642728], [0.012593159944121841, 0.11323170375607673, 0.16253179794148134, 0.05626685482812186, 0.03240593761882133, 0.6229705459113863], [0.0036172501741566637, 0.0047819384208963095, 0.3344596977085571, 0.03307926497892579, 0.021662478513212003, 0.6023993702042397], [1.2628458539713681e-09, 0.08347210157233316, 0.12551777952335674, 0.03974751577204711, 1.0695926421981156e-10, 0.7512626017624523], [0.005343853790714142, 0.017336290343896957, 0.37466422083601275, 0.011196169731436556, 0.06949271064637412, 0.5219667546516384], [0.023386017191046545, 0.07997127491366766, 0.07710449071985459, 2.345406101819529e-09, 0.03329123892516126, 0.7862469759048585], [2.3906434418275893e-09, 0.07609237014959622, 0.335490922479212, 0.09188433002269103, 0.008462084685421723, 0.48807029027245985], [2.3459362850203413e-08, 0.051698615495546815, 0.11583641391199154, 0.04703231693961037, 0.0545856859824671, 0.7308469442110348], [0.043854770141982316, 0.0169485061667212, 0.22419883475738323, 0.01115709394651711, 8.385349320265462e-08, 0.7038407111339015], [0.02601800737638087, 0.02991734526635684, 0.14009979916038298, 0.015377251794980307, 6.189059395802751e-11, 0.788587596339815], [6.898799203926959e-10, 6.709559234872321e-10, 0.3187088660585697, 0.03857032528917414, 0.014966030493725227, 0.6277547767977081], [7.681575190971125e-11, 0.07772376907531746, 0.39129997666263, 0.0021370308860788555, 0.05558752822824814, 0.4732516950710328], [0.01904647023151697, 3.831363430423855e-10, 0.499466181782447, 0.023887014719741178, 0.01841350441562353, 0.43918682846752316], [0.027307010427054915, 0.011564196946238772, 0.21643342234805624, 0.014473071787603183, 2.4614722732674596e-10, 0.730222298244874], [0.05590866761739191, 0.056447874701834176, 0.18025573373109402, 1.6263170241549875e-11, 1.082201485000984e-12, 0.707387723932318], [0.03349443798973556, 0.03358427294182914, 0.3223049766337164, 0.03912719332653419, 2.0447011094028725e-08, 0.5714890986611737], [0.023741267728844325, 0.022226033897154544, 0.23901717838928357, 0.02021060429744751, 7.731978687421262e-08, 0.6948048383674799], [0.10609741829879712, 0.011481467921511055, 0.0937978885220498, 0.0398933354192628, 2.5526788879262727e-10, 0.748729889583112], [0.013802072968867717, 0.034020220960684, 0.3317661922594285, 0.016904925731933248, 5.612742830143613e-12, 0.603506588073482]], [[1.2541476189052082e-10, 0.016213516553717645, 0.36013079972235496, 0.01961014483749654, 1.1245115260256237e-06, 0.6040444142494996], [0.03433129609932605, 1.1073820657799877e-07, 0.2478276922186826, 0.04249594125920552, 0.02861726134367434, 0.6467276983409223], [0.02917000090578903, 8.426540308344309e-12, 0.31168958665703733, 5.095934365282465e-10, 3.183843381578238e-11, 0.6591404118873443], [3.808257420376277e-10, 0.04017209594831546, 0.40321805389509324, 0.00707017974705779, 1.2928779854720628e-08, 0.5495396570999241], [7.652207734206485e-11, 0.03845273893989609, 0.15428586960271876, 0.020456876315906525, 0.011138957440594125, 0.7756655576243627], [0.01894044009921093, 1.039030288679717e-08, 0.20323645407621455, 0.017276848915310585, 7.518214228397323e-11, 0.7605462464437772], [0.06793131064614584, 7.797567225992235e-10, 0.29958233117380684, 0.027473981845770316, 0.03820981387903428, 0.5668025616754723], [0.011702923672280527, 0.03438390324678002, 0.1871065702281748, 0.04606448114168657, 0.015455666306585526, 0.7052864554044607], [1.0996499431658186e-10, 0.01102827060145402, 0.27165995474088783, 6.807282680947287e-11, 1.2574946486990676e-09, 0.7173117732221715], [0.009032438170737437, 0.003847848537681522, 0.3325300117483813, 1.9000038576581473e-06, 0.04023753748169799, 0.614350264057696], [0.0423121885084219, 0.04370647031965226, 0.26660917113920024, 0.032837284436445784, 0.06149659548469802, 0.5530382901115697], [1.5820288280383125e-10, 0.0056507305284085926, 0.24877978137703505, 1.2887051101038353e-10, 0.030531510151006656, 0.7150379776564854], [0.015633577583474716, 0.007600004007794761, 0.4032373448136516, 2.2786210964323244e-10, 8.713500247063841e-12, 0.5735290733584175], [0.050240629299339326, 0.010685023050432922, 0.27177889515123066, 0.00560617512320831, 0.015108374118350027, 0.6465809032574359], [3.872955396403095e-07, 0.026604114812261513, 0.31578611520284466, 3.0490626663682364e-10, 3.590793339965882e-10, 0.6576093820253233], [2.2663234209688913e-10, 3.024825522012442e-11, 0.42165681103192615, 1.549436725496174e-12, 9.173199282008307e-12, 0.5783431887004498], [1.6548448912301735e-10, 6.9668430997615284e-12, 0.19556285625960865, 0.021933194404895738, 3.009380819378045e-12, 0.7825039491600632], [2.999226814947155e-10, 0.011307994064802297, 0.4436204831364443, 0.01348073156579032, 6.990546035255439e-10, 0.5315907902340185], [2.574660436524237e-08, 5.338354993000952e-11, 0.318717906239487, 0.022223321710931228, 8.558954129621401e-11, 0.6590587461638884], [0.004191198591179501, 0.016609771288557958, 0.37720810199417837, 5.807736062596966e-10, 2.3570022665282323e-10, 0.6019909273096179]], [[0.0004963445281367956, 0.03222803366393852, 0.22768256562086248, 5.065765970721098e-10, 0.024865705663478142, 0.7147273500170168], [4.2928149840293355e-10, 1.399230345231285e-10, 0.42714547157870886, 0.0054747888012596415, 0.009883864705328206, 0.55749587434551], [0.0031707003623683257, 2.633854781158027e-10, 0.3502912106099919, 1.1705592658999167e-08, 0.027863570886086448, 0.6186745061725926], [0.004811032357580482, 0.005430380107168192, 0.2507609988520706, 0.020224052190503737, 7.392295685094114e-10, 0.7187735357534184], [7.578456179802694e-13, 0.006134540962813828, 0.24729515557371962, 0.005995220288493571, 3.4713313430594545e-10, 0.7405750828267269], [0.011728026696814315, 1.185305253782664e-07, 0.6959010895682962, 3.267188148979142e-09, 0.026599650042242566, 0.2657711118949183], [0.030514797406887163, 0.002715261825960579, 0.1783456800750785, 0.027672722829178126, 2.727920246540163e-12, 0.7607515378601472], [1.5444295053429357e-08, 0.0035595716624112384, 0.34181037729019137, 0.019025152391879827, 6.5013395300559585e-12, 0.6356048832046971], [0.014848157979741193, 0.02553186087453882, 0.3780977758199723, 7.995441722458516e-10, 0.03253510455961791, 0.5489870999665594], [0.04855424080941762, 1.9058722683833554e-07, 0.27882645317979005, 1.6612591250964952e-10, 0.017921053960177052, 0.6546980612972653], [0.019669224431907866, 5.966912130497083e-12, 0.2759371020508904, 4.1479577874678454e-10, 0.03596615943972505, 0.6684275136567523], [0.0024067759185581045, 3.5016998016813e-10, 0.2467255344068995, 0.017444526390219876, 0.023776061810413997, 0.7096471011238433], [6.392863271400292e-12, 0.011766000091277052, 0.3218526347849679, 1.2757767850915174e-11, 0.005910812644579013, 0.660470552459988], [5.0557214920731485e-09, 0.02049429950171033, 0.24753934751500384, 0.05134325291220022, 0.012412529449580193, 0.668210565565788], [1.8027425746750513e-09, 0.00989197848659125, 0.3017604265239431, 0.04896683568878717, 0.011310672745619968, 0.6280700847522995], [8.641495953987135e-11, 0.05628932951127094, 0.5170760502583671, 0.010707988146654695, 2.0830180758437297e-10, 0.41592663178900424], [3.676634392007776e-08, 3.789660201408254e-09, 0.4152559221466505, 0.02606270053533305, 6.412576306857624e-11, 0.5586813366978977], [8.57176531272209e-12, 8.75912209967005e-12, 0.4084415047740347, 0.016710688046053065, 0.0016187330237481593, 0.5732290741389442], [0.00721176752252529, 5.406342646836479e-12, 0.2993575256240847, 0.0141091331924729, 5.270598583151211e-10, 0.6793215731284654], [0.02478383682505743, 0.03056170656146091, 0.1660503453425268, 0.016610307048609718, 8.983303839658223e-09, 0.761993795239036]], [[0.03589774434525432, 4.063929218763964e-11, 0.3358310444767107, 0.01738554488121551, 0.038747451623701974, 0.572138214632479], [3.5527927967214856e-11, 0.010639123568435712, 0.29532466691133286, 0.015269474674640588, 0.0038134339049749047, 0.674953300905419], [0.0038453058468497178, 0.028649717599222566, 0.48401460761207216, 8.68431808958512e-11, 5.912262734194574e-10, 0.4834903682637322], [0.016435012975287412, 2.816271786587795e-10, 0.4355551092847934, 0.004214345981498803, 0.02849391303493723, 0.5153016184418178], [0.03028902992107974, 0.008649258056490047, 0.2749545252178718, 6.7626898377967826e-09, 0.027632704157571346, 0.6584744758842986], [0.024418650302417202, 0.010027584411484136, 0.3802202310968547, 0.004744122065103174, 3.085719138350698e-08, 0.5805893812668286], [0.03436278634827562, 0.030425934964294625, 0.3273053955037468, 0.0407295933921797, 0.0033484971944077995, 0.5638277925971098], [0.006979292552755956, 0.003661100270615819, 0.35186129486649764, 0.013696826037976367, 0.03152526234472843, 0.5922762239274074], [0.03908992916497163, 0.013949395039830191, 0.3478214209685982, 5.493068773242787e-09, 0.02492309774480941, 0.5742161515887535], [0.03239160319030591, 0.00493156604820892, 0.3246372596319119, 0.015889917147780142, 1.1030127915881526e-10, 0.6221496538714836], [0.012723106101836445, 0.015144826030949961, 0.3842215531409745, 0.00043922392602537284, 0.0057254528616596375, 0.5817458379385131], [0.0030195415263694924, 0.0063376193737948935, 0.31800083654795575, 0.03539145049280271, 0.017501101150791884, 0.619749450908303], [0.02450799193848999, 0.003321367770853075, 0.36423395123237795, 0.036086559652483474, 7.131615071531327e-09, 0.5718501222741857], [0.02802904858856543, 1.3394744429564803e-07, 0.40613596939631796, 0.05815661757926695, 0.010813967026162484, 0.49686426346224083], [0.015569606057734092, 0.013192371932536305, 0.31226948479981925, 0.010653143327077563, 0.002294465118023703, 0.6460209287648656], [0.008079934759277405, 0.017322611546190008, 0.40304194249338726, 5.348722990548297e-10, 4.2681627209232173e-10, 0.5715555102394162], [0.010273900712348027, 0.017555658493303036, 0.4223038255387424, 2.6489499632332075e-12, 0.009783231405946018, 0.5400833838469912], [0.006937467030774094, 0.03083513907250095, 0.3241346539173488, 0.03042636320317424, 0.007033666761847536, 0.6006327100143252], [0.005572192912711013, 3.2498125786630713e-12, 0.35528212454369906, 0.006243953492099169, 6.821765530659742e-10, 0.6329017283661144], [0.04145744140712235, 0.013842062689112486, 0.28272463384005975, 0.03467307780324242, 0.00944285839776946, 0.6178599258626883]], [[0.0185986646514015, 0.02331531069844102, 0.40737247452117326, 0.004415195237645634, 0.01648121552194321, 0.5298171393693999], [0.019636570133785728, 0.0369997706014752, 0.294522081489635, 0.01701995504507928, 0.01617362314384611, 0.6156479995861993], [0.0249704968652652, 0.018270952591778706, 0.3385058521738699, 0.024041163027102432, 0.020134331786345137, 0.5740772035556414], [0.022352049527058455, 0.02271746913737997, 0.4329227113284709, 0.027736941768137208, 0.012166552197960711, 0.48210427604098927], [0.025540842830707976, 0.020021568186640082, 0.3454865741910419, 0.004505196507216586, 0.0067812903470560095, 0.5976645279373535], [0.03721219542224869, 0.0263514485782355, 0.3409124214133057, 0.010395934833065569, 0.010244063446874912, 0.5748839363063042], [0.01558941709474226, 0.01158159546717658, 0.32246042511450457, 0.015469707394637319, 0.022079543860501667, 0.6128193110684267], [0.022024963650737993, 0.006414709836527398, 0.3324336836475791, 0.02035294972045328, 0.010323889258084903, 0.6084498038866102], [0.03703729585634699, 0.017019599558330562, 0.3145197339270067, 0.02105687174907652, 0.016251991671120982, 0.5941145072381367], [0.02825321584225812, 0.016201525240837483, 0.354990379616438, 0.03080433488542057, 0.002587761524018123, 0.567162782891003], [0.009051144764077187, 0.014988943038549167, 0.42272483070588046, 0.010072547403856687, 0.016047790196507518, 0.5271147438911402], [0.018517251740017227, 0.020650610207832255, 0.3562156734571311, 0.014093700914777286, 0.011225521170120045, 0.5792972425101223], [0.015242480143005792, 0.01959189766578185, 0.4363776393875351, 0.006105300260496403, 0.015421741343236614, 0.5072609411999929], [0.032499894535071475, 0.04444197466881685, 0.3102832996560051, 0.01743000953942656, 0.026739333416255808, 0.5686054881844184], [0.013436199570149703, 0.016674122028538896, 0.38477155030490784, 0.009943462612296967, 0.003668643592565492, 0.5715060218915257], [0.02940033900234511, 0.010840175862006024, 0.356330656335512, 0.020734754585413174, 0.033488967910327745, 0.5492051063044214], [0.03397619440943382, 0.030820204397477617, 0.4273932876637193, 0.009085814437636834, 0.007810021307878222, 0.4909144777838287], [0.014358641116114332, 0.005379745096162142, 0.3657461595649596, 0.02117437726201188, 0.01940724088375456, 0.5739338360770213], [0.005849218494888493, 0.028244061104175197, 0.468614473900435, 0.012596253473540459, 0.024066794718530935, 0.46062919830842664], [0.017757891487662904, 0.022179272235043936, 0.36704416192078426, 0.028455441265544165, 0.02100225158971947, 0.5435609815012141]]], [[[0.02713913929327158, 0.016311374220266486, 0.40132958146832176, 0.027478838166068102, 0.023063082189131414, 0.5046779846629416], [0.06621069351961538, 0.05432438644177299, 0.343083374778791, 0.0022821186985232398, 0.06698480402403872, 0.46711462253726277], [0.042998588333671796, 0.07955479604544265, 0.2675153773480141, 0.01958868804640533, 0.016652122753127368, 0.5736904274733402], [0.021707017256140073, 0.021742040804551176, 0.17238337073948798, 0.047609981616120206, 0.03409013412998443, 0.7024674554537103], [3.048696543199037e-11, 0.16132705679451181, 0.24469561278933052, 0.07402507629203275, 2.5222254489988682e-08, 0.5199522288713876], [0.06707408778482483, 0.03684401363947656, 0.20784509778149038, 0.011804828598616141, 0.04454503699464616, 0.6318869352009345], [0.04204850103608121, 0.07553297385599159, 0.11658457428866144, 7.1018939219207e-08, 0.07116159831733078, 0.6946722814829625], [0.0234963527001285, 0.046995160733732604, 0.251453868910031, 0.022750672948526705, 0.029180667885440638, 0.6261232768221546], [0.019723976652389712, 0.007738979381077789, 0.08746817939440021, 0.03501713263730166, 0.04143152918365038, 0.8086202027512319], [0.037661501303387294, 0.017522739614598593, 0.19466441510284072, 0.010498163079372062, 9.04729135959413e-10, 0.7396531799950902], [0.06495562392028628, 0.025234516231973363, 0.2237901764269118, 0.012889663149777143, 2.0157651870350024e-10, 0.6731300200694755], [0.0007477753510867105, 6.986487483668992e-11, 0.3635628978798288, 0.06817518484358476, 0.05974582045525696, 0.5077683214002534], [0.002223893926827096, 0.039849947824705155, 0.4379271341294402, 0.031101619228296344, 0.06109071018691897, 0.4278066947038366], [0.02977812913909195, 6.08281052858697e-10, 0.4696766772101274, 0.032137377592742336, 0.02738463041821434, 0.4410231850315462], [0.019323534862776492, 0.021759647093591312, 0.2857406920311284, 0.0168933524762325, 4.1374104633470686e-08, 0.6562827321621119], [0.0067198401396788825, 0.07526246940858379, 0.23655633671027357, 0.010628833788304037, 2.4426151358983776e-10, 0.6708325197089221], [0.016874413948455375, 0.01967317596833315, 0.13580140818858766, 0.053724930703868724, 0.004963383946116984, 0.7689626872446338], [0.029536301331764252, 0.048621087832675505, 0.2659869642503904, 6.724383329451947e-06, 0.015539649637552949, 0.6403092725642869], [0.09584141428444129, 0.01581672803651797, 0.18247317820764875, 0.021975716750153224, 5.569462860149536e-10, 0.6838929621642879], [0.014136164981737991, 0.04980817659671686, 0.4370944883786473, 4.447188522461936e-12, 1.545435455191782e-11, 0.4989611700229901]], [[0.013439227620516928, 5.271244617629358e-10, 0.2787681116518786, 0.019092122037276806, 0.0035863234460291184, 0.6851142147171511], [0.021245650251855288, 0.03409111715544165, 0.28976319471333206, 0.03086702841640379, 0.030404920319225363, 0.5936280891437333], [0.031098043672421007, 2.6357585795670176e-09, 0.3594861158464578, 8.453642558579059e-10, 1.7499145399509296e-05, 0.6093983378547385], [0.06153551056468894, 0.028900179015133944, 0.4401090465752791, 1.0836575578619448e-09, 0.024978670416818775, 0.444476592344432], [2.7594034165986578e-08, 0.011722958362771142, 0.24875325192364267, 0.01293451935836745, 4.6746453002861994e-12, 0.726589242756644], [0.0202336038892967, 0.017999165863595346, 0.3777879679467039, 0.0476386991119418, 0.01551442122602602, 0.5208261419625069], [0.04992270813248108, 0.02531823621298148, 0.27576028753952886, 0.018066787064675568, 0.011506042056677586, 0.6194259389936495], [0.06074390483315966, 0.04064842395102097, 0.31619033226643234, 9.225182726994795e-09, 0.038731233904188006, 0.5436860958200148], [0.007797069465686332, 0.027869421681140764, 0.3985547905540583, 4.841585453792445e-12, 4.811923516206896e-13, 0.5657787182937944], [0.020317976262026447, 0.005645498018484825, 0.4500580866628921, 7.74544954988497e-11, 0.04624856685636242, 0.47772987212277124], [0.04958972746852955, 1.6346581574487863e-09, 0.30159108762820924, 0.027961476512096774, 2.8412876957388704e-10, 0.6208577064723582], [1.6985585807420218e-10, 0.014858550400637913, 0.5688458424631077, 0.014975780315847283, 0.04623063969715775, 0.3550891869533876], [0.01697068238011326, 0.020681911149094095, 0.3927998636672484, 0.012610035339536882, 1.016793239001417e-10, 0.5569375073623238], [0.08321308306359758, 7.590443969328495e-07, 0.3884689791146533, 0.04508394020152337, 0.04140625527480159, 0.4418269833010297], [0.0013949213411355512, 0.009635987899697624, 0.3545282956590983, 1.328473634637124e-11, 0.0005795896396602934, 0.6338612054471325], [3.1054878463348744e-08, 0.03468771379381656, 0.3902504626012607, 3.133400734039636e-12, 4.318493451506149e-11, 0.5750617925037531], [0.04764524553664561, 0.019577534800976744, 0.27887138088130964, 0.03486788070178021, 0.005826283526222768, 0.6132116745530645], [0.030893835492825452, 0.037778049956772954, 0.5287411557811875, 1.1625251404920483e-08, 1.6244626330008496e-11, 0.4025869471277041], [0.036692178803801066, 0.01828759577242968, 0.3825132281671318, 0.007983365357025403, 5.562672426096949e-11, 0.5545236318439878], [3.878574974185724e-10, 0.01376029839989134, 0.48669654675828633, 2.9985074321766995e-08, 8.253710618107528e-10, 0.4995431236435587]], [[0.01839045099778957, 0.03254547520375395, 0.3710951977907437, 7.587668733953595e-09, 0.00682147452842082, 0.5711473938916366], [0.03268031966165328, 0.025280089084349405, 0.3173215568156567, 0.0013508215565644994, 0.038779001688755796, 0.5845882111930006], [0.01935619830104556, 1.7826070414246882e-12, 0.29668313954080955, 0.04637102424413916, 0.027743256372044847, 0.6098463815401727], [0.022827922930991444, 0.005915824469276142, 0.31365562375401046, 0.0010435214154819906, 0.02291012245104639, 0.6336469849791799], [0.025132338819804177, 3.651494902923114e-09, 0.3491264690871362, 1.0044116754707222e-12, 0.02350139032304024, 0.6022397981175632], [0.008897566168207988, 1.1861516114698073e-10, 0.5793173878395227, 8.501685104899362e-08, 0.004566648744047288, 0.40721831211276566], [0.020998223897791945, 0.0168329821319241, 0.5050192280373407, 0.050243258905118486, 0.0046712249531424225, 0.40223508207473496], [0.031908774903103565, 0.038615072685622115, 0.5179547419736715, 0.026045709887402003, 2.6720892882350228e-08, 0.3854756738293229], [0.029151344343608075, 0.028829866492924135, 0.39388593677341543, 1.7671840381611762e-10, 0.02866643944492639, 0.5194664127684304], [4.938832318669097e-09, 0.008863607856671523, 0.3433746296897213, 0.010570288391942453, 7.666110131274516e-11, 0.6371914690461156], [0.03129019415776315, 0.008386211608458318, 0.4199593711898212, 1.0961025806235193e-07, 5.825173047813106e-11, 0.5403641133754568], [0.007368495363433049, 4.4951707496599516e-09, 0.2876932632806371, 0.02002864778573746, 0.01392778806556329, 0.6709818010093905], [2.3167486262116193e-11, 0.017076620094504173, 0.3293266319328543, 0.0098500425557009, 0.01746623380983806, 0.6262804715839525], [3.0303150492541246e-08, 0.014761084947465003, 0.4724769984921302, 6.402024268396445e-11, 0.014784351778671174, 0.49797753441454007], [3.4163135537518966e-11, 0.013978651212742985, 0.24290853270746326, 0.022356301962241813, 0.021929431399037313, 0.6988270826843813], [0.012979412244126805, 0.022287293355415787, 0.3582477106226464, 0.023903751633608198, 0.018650068838729723, 0.5639317633054697], [0.04437135818315703, 0.021234880789278585, 0.3959901873622956, 0.02017062799644947, 0.02303396320764862, 0.4951989824611571], [0.013428460478165354, 0.016206516481881428, 0.41909117370438903, 1.0950072744633192e-10, 2.782564588049034e-09, 0.5512738464434765], [1.151723737710779e-09, 3.192301273850285e-10, 0.35927260601926075, 0.013040923624365253, 0.035020759644119354, 0.5926657092412562], [0.03631128958641857, 0.020804175393478223, 0.23449461760573342, 0.013197533090721253, 0.0013909410485391472, 0.693801443275029]], [[0.02213231982645773, 0.00292592990656609, 0.35495894896724084, 0.023525919466086644, 0.018003533394077145, 0.5784533484395727], [0.015217845398758693, 0.025473644414943084, 0.45511454574600047, 1.899638243844006e-07, 0.0075861967817543825, 0.4966075776947494], [0.014876351543781795, 0.03542674747707178, 0.3748908016355687, 0.010052280391584649, 0.007996050777437543, 0.5567577681745427], [0.01366061657446211, 0.008288673799237633, 0.3363878815349686, 0.023994760872169056, 0.003842439251196975, 0.6138256279679662], [0.022900115170170637, 0.0260263298845483, 0.2953236468687321, 0.017745613402109724, 0.022186058836711143, 0.6158182358377303], [0.028299655203494718, 0.024161947750838988, 0.3441084794105251, 6.550667919008566e-13, 0.017088267675338695, 0.5863416499591797], [0.0058564877950023336, 0.013046664129500212, 0.31523873408699865, 0.022874017310418125, 0.015213340412069943, 0.6277707562659991], [0.008459796413021409, 0.001403771237381097, 0.4289993089084793, 0.010202423496875382, 3.161118728184911e-11, 0.5509346999126373], [0.01505582000618547, 0.012298627118931461, 0.3627800691163819, 0.023327676391229717, 0.01453931457861437, 0.5719984927886563], [0.024878519743294403, 0.011261522353136844, 0.3185943716923745, 0.009441618248369416, 5.763363731822503e-12, 0.6358239679571301], [0.024343998635010144, 0.01648667017851383, 0.4450987088786415, 0.01594864068645518, 0.019588495796239516, 0.47853348582510624], [3.035979004363307e-09, 0.018508297616431593, 0.3555593297754923, 0.02625828271010555, 0.026585749119075863, 0.5730883377429841], [0.0027750882622537202, 0.017152604308853438, 0.41336353932499886, 0.006544226344087762, 0.020887091165618744, 0.539277450594208], [0.02675104238882556, 0.018551759636500884, 0.3643984583915188, 0.005780008107843988, 0.00800440762576899, 0.5765143238495372], [0.016716094281345902, 0.006012232043110286, 0.3766529819437166, 0.02206883270063792, 0.0040581572837946394, 0.5744917017473672], [6.616245065043403e-10, 0.03808413822873737, 0.37526212421466276, 0.014318142229060141, 0.011565052822129766, 0.5607705418438004], [0.029174059952261366, 0.006409215160602247, 0.3079721455213713, 1.7371473402714533e-12, 4.7211540614486165e-09, 0.6564445746428742], [0.03741558633675729, 0.010873977386288923, 0.3815604745625398, 0.016387164840885406, 0.018984884405672732, 0.5347779124678522], [0.03465126333863386, 0.005237495547729838, 0.462429625440873, 0.02393282090710236, 0.00581789391115871, 0.46793090085450767], [1.0082432619860884e-08, 0.02110436136573373, 0.33783935944972476, 0.026707946775076187, 0.011954666727345254, 0.6023936555996819]], [[0.02161377541791351, 0.020608882519733383, 0.34480998122278844, 0.02718773950145148, 0.03268560673134714, 0.5530940146067598], [0.011208328641891524, 0.0220633934489532, 0.3693187528916958, 0.015550160661400378, 0.018962807508210822, 0.5628965568479102], [0.02543478327723947, 0.012834597821083293, 0.31967401702490134, 0.018189423486213458, 0.022862232992333715, 0.6010049453982126], [0.020704269126504447, 0.0012286424013659885, 0.32980751912564515, 0.019640493744200297, 0.021661435826902067, 0.6069576397753712], [0.025329395968435968, 0.019900053681205315, 0.3042363599905924, 0.004186712503590182, 0.019867485357078878, 0.6264799924991264], [0.023772039131456223, 0.03191564982473011, 0.3330195375748818, 0.029495341733250517, 0.013842597807195912, 0.5679548339284912], [0.014907511632360648, 0.017269082115054173, 0.4095333030622875, 0.016503762139255876, 0.01648455640594784, 0.5253017846451119], [0.02062669412054951, 0.019649553421222845, 0.3897489919626636, 0.0263289261480739, 0.019476112440653504, 0.5241697219068374], [0.020845261205865086, 0.023533911144066742, 0.3609409262771335, 0.014677580281223167, 0.022806736610675084, 0.5571955844810191], [0.025598435881630313, 0.023561598018923113, 0.37582842922652054, 0.03490239511178853, 0.01579747793451464, 0.5243116638266095], [0.009337021352240148, 0.014238907738724294, 0.34697765435795513, 0.015561318766027692, 0.019344829714336483, 0.5945402680707356], [0.02012758484860852, 0.019454415362494492, 0.37122215873494024, 0.011064614792599594, 0.01695873192911454, 0.5611724943322461], [0.022901362682080033, 0.012988695646947742, 0.4030128383186662, 0.026736253740469257, 0.024985807663399633, 0.5093750419484186], [0.034530590071291195, 0.02456987165395332, 0.35883188890896944, 0.008677912412459503, 0.012763298292773978, 0.560626438660553], [0.0228336075880786, 0.012901045849354698, 0.4099294764534368, 0.011785258280963395, 0.01170481223827606, 0.5308457995898617], [0.024670739936592558, 0.02298746001005542, 0.32985817037400095, 0.013910549736100423, 0.022054885108793387, 0.5865181948345238], [0.02867279344365948, 0.02603828063473499, 0.3853876349107984, 0.01742828745627213, 0.03096660706396555, 0.5115063964905574], [0.030489530992946084, 0.015796590410053553, 0.3533748554101283, 0.01433710416665497, 0.015126512577497631, 0.5708754064427125], [0.028532801169779343, 0.010653400270165836, 0.3419948092290865, 0.01633680220325179, 0.032330243607209326, 0.5701519435205189], [0.0072644650662990005, 0.013552829288135719, 0.3780856480626351, 0.013473443125842408, 0.019510719588711544, 0.5681128948683644]]]]], "bagging_alg4_list": [[[[[0.0813480613240199, 3.16753616522689e-07, 0.4864528809331662, 8.559917057100139e-09, 0.02705232231614233, 0.4051464101131404], [0.05437526631861174, 0.06418976994190334, 0.4363698425159015, 0.0519526431379839, 0.015858193165146906, 0.3772542849204354], [1.6482928066462556e-09, 0.019995954551159847, 0.43546662805448855, 0.05697745606532589, 0.024578509360762814, 0.46298145031997384], [0.011404602004324239, 0.04233438867588434, 0.2659587902148052, 0.038649567268382826, 0.0161858582074584, 0.6254667936291594], [3.6219409141325217e-11, 0.0794995956554323, 0.45432020579328647, 0.06559767456801939, 1.7228670452142102e-10, 0.4005825237747583], [0.012838206268744084, 0.020294248261524348, 0.3582521026657022, 0.002329043894199435, 4.2868805225967233e-11, 0.6062863988668828], [0.015456075649210872, 0.07169929457587122, 0.11988958428702132, 2.5014806305441166e-12, 0.033970487323402215, 0.7589845581619716], [0.016