{"SAA_list": [[[0.20274079036993242, 0.11325549456815047, 0.07622635722978693, 0.09286822106438412, 0.0010358085885622801, 0.13003137880392432, 0.1271969804479823, 0.0611048866876096, 0.09336481239760948, 0.10217526984206997], [0.10973942603071907, 0.1830370326557382, 0.05021997146004307, 0.17097823643244822, 0.11200753687899472, 0.1245508461960791, 0.037310092560910196, 0.05337543587491483, 0.09723396770800999, 0.061547454202144324], [0.09277506983314031, 0.1258064478514816, 0.0682108698734051, 0.12830963440955342, 0.1774283486970969, 0.1271204293843135, 0.07630435025894211, 0.09216386838680048, 0.09767157528562803, 0.01420940601962818], [0.07291313064264371, 0.12399523203293124, 0.13188859617367582, 0.07741748219348649, 0.1024896613121914, 0.15437247475605692, 0.012231200497131318, 0.09879258890357277, 0.1571628249743661, 0.06873680851394319], [0.1102303662231295, 0.11162494180174108, 0.10884129475624389, 0.09297287789808342, 0.14886523163557272, 0.04895470658222677, 0.047998528880971295, 0.11030725155722629, 0.11454921539789374, 0.10565558526691596], [0.04861718076637327, 0.08006755448246851, 0.06798768637706362, 0.13545978962211505, 0.18599868374594014, 0.0941338003590944, 0.15381490167259457, 0.11786650319252133, 0.08029887994956789, 0.0357550198322471], [0.1325881013274209, 0.08612336759808988, 0.11958474610757663, 0.10738648448777728, 0.0564537719266571, 0.07184601866715837, 0.11986988548314907, 0.1112799477134704, 0.16723583206263146, 0.027631844626070417], [0.05872263368085778, 0.04130004358652415, 0.1883792238030375, 0.06077075098496205, 0.12113918002535384, 0.09039313590890423, 0.11839933167707944, 0.08967617610395465, 0.11125385454458392, 0.11996566968473979], [0.12609578150632136, 0.06114250850575112, 0.1432993366137712, 0.07121135875668719, 0.1078523736889451, 0.10849691986625501, 0.1076347594602913, 0.09947828168390721, 0.08812552317351666, 0.08666315674455279], [0.15617331323201242, 0.1456866301545833, 0.08127428714091191, 0.06892690344721929, 0.08103435683646264, 0.1412434030939199, 0.09381575965010694, 0.10466798303512878, 0.06266927966328197, 0.06450808374637537], [0.09933202762468347, 0.049909019213497614, 0.10654256308249094, 0.07062604468715164, 0.12836359613734416, 0.18245039555258008, 0.09889810878288353, 0.034002201544768074, 0.12080679712522979, 0.10906924624937672], [0.13050769465875622, 0.1127264712698349, 0.1917368985074479, 0.1397815071247229, 0.09096440586138704, 0.13042525213378073, 0.029726150829851628, 0.07954567966340732, 0.06629559298552101, 0.02829034696528479], [0.10741994899095662, 0.11169615759305533, 0.08644679643716092, 0.16252028809616667, 0.060050867685551665, 0.05341243869623212, 0.06149104271598034, 0.1772767086378328, 0.10793844210255696, 0.07174730904450537], [0.1780142770955111, 0.14908102735269277, 0.028158794351847767, 0.04523137075789427, 0.06835852832192833, 0.08814459487965898, 0.09774682572386409, 0.0991116544564957, 0.10791687311352362, 0.13823605394658614], [0.16577752141898855, 0.038646734132922966, 0.019281657404034876, 0.10545240648474648, 0.017116460219744625, 0.11396555421745663, 0.1327949496953947, 0.14658019125322158, 0.12328722666492738, 0.1370972985085604], [0.11755614936940577, 0.06246472657390926, 0.03520231390702936, 0.11664179657905797, 0.1416847303954339, 0.07443420719446814, 0.08715012976576586, 0.12720813422730917, 0.12178340737780353, 0.1158744046098163], [0.07617136845804158, 0.09641168956892072, 0.015832893360828115, 0.17227897104066123, 0.01270586836822168, 0.148896938207307, 0.14392030746709453, 0.10679598833494541, 0.13261546426220427, 0.09437051093178442], [0.05156739743087836, 0.1563347812910457, 0.05856756878369101, 0.06757079568652054, 0.1024454957883766, 0.07635647379579637, 0.08196830887160104, 0.1309001000345649, 0.15151787067178424, 0.12277120764574061], [0.11909784650417032, 0.11415901628567104, 0.12281708190397159, 0.11807349477447247, 0.048120089510325016, 0.12844982793595336, 0.04152582653166607, 0.13434875432395504, 0.10688790026617886, 0.0665201619636308], [0.08623418279559998, 0.1305763746302879, 0.12861378524619616, 0.15101764364230233, 0.018754552874241465, 0.1064555770778788, 0.13867147063266735, 0.06250328978739148, 0.08797429264522545, 0.0891988306681983]], [[0.03559483299628181, 0.09733797677933702, 0.14537130461557476, 0.09272461092519947, 0.09096113629386414, 0.09477322344858473, 0.13703566752372795, 0.11512299918621359, 0.07208199636077, 0.1189962518704464], [0.18674189568352612, 0.052630182726248094, 0.05948952783858919, 0.09654108577219855, 0.18180579858959459, 0.12851748890411033, 0.10654281062956861, 0.07995182555869282, 0.0218954986967369, 0.08588388560073361], [0.1643188547315529, 0.13186937930924944, 0.08191308094355777, 0.1390728599253941, 0.052506491732669525, 0.09016217997967384, 0.06493837893631545, 0.06595697443621204, 0.08343254064151717, 0.12582925936385933], [0.11971993446427309, 0.13000717501413234, 0.025831264834555688, 0.11143760344191381, 0.12087524558860031, 0.07082640939014404, 0.09601715720809106, 0.1317238935804105, 0.11801076717816694, 0.07555054929970821], [0.060197379174152806, 0.04900021809601409, 0.14034880829704655, 0.1259867767786336, 0.02803530883213353, 0.0914301556335, 0.08288597824381705, 0.15717321688926478, 0.13885235272874105, 0.12608980532669845], [0.012504733487080567, 0.05745734061717602, 0.17808932432491004, 0.07578643965463384, 0.18463498849146406, 0.09279951542205017, 0.09306314698269724, 0.11879990128866137, 0.1181551375764048, 0.0687094721549305], [0.04430021687966761, 0.09548106104878185, 0.06234794210764839, 0.1398423511930824, 0.13805547495383777, 0.15734256344533826, 0.12327510843281059, 0.09131696305547228, 0.10327553780446014, 0.044762781078889924], [0.10908524573367767, 0.09416023930338349, 0.14963527190933337, 0.07734029364650505, 0.15127212587842187, 0.00028631311090762863, 0.0693754141638677, 0.15504825026618552, 0.1119449394829614, 0.08185190650474952], [0.09024364199025012, 0.1333924695982542, 0.13549453407372952, 0.09578013039936549, 0.07837433379759358, 0.06509198424053132, 0.11113941343667627, 0.12787918852989638, 0.08076104155526137, 0.0818432623784417], [0.058158691971838414, 0.01888510756973558, 0.10540292691994897, 0.04295466748718435, 0.17450813919061042, 0.11777454277526495, 0.14278323980140534, 0.07388989765987422, 0.14128870092129017, 0.12435408570286874], [0.05120727390169418, 0.15741076983043722, 0.06960493257824664, 0.08547411947689354, 0.0933367976448644, 0.12344175820606021, 0.10606576318293578, 0.10290409405808398, 0.121869102095833, 0.08868538902495372], [0.14584513295819443, 0.149303408123324, 0.08071137841508795, 0.10370372365944923, 0.10630413051331165, 0.09802752492108376, 0.08278998367972729, 0.11015763397819013, 0.06082793365691197, 0.06232915009472155], [0.03516547441603814, 0.17933904540514956, 0.11602029723763886, 0.0941739830853874, 0.06163822120885071, 0.08700890088138782, 0.05087990659419646, 0.1297188013771338, 0.10493884572246412, 0.14111652407174705], [0.1503271970750852, 0.008339770263550325, 0.15912610535994381, 0.0789928453452808, 0.144525349196451, 0.02631510786335511, 0.11544106360165926, 0.15785848900840388, 0.02809888023149496, 0.1309751920547707], [0.08888636517089368, 0.08470287121575439, 0.10371131788936448, 0.13803867404520934, 0.08023288210501918, 0.14861952698102926, 0.074472523828296, 0.14039889636298236, 0.033443442481960954, 0.10749349991949325], [0.10937927948314044, 0.026830170145119302, 0.07661698617463969, 0.11616730314323047, 0.10631070932321211, 0.11499480668140562, 0.06726597560831084, 0.14093831499856038, 0.10772754058416517, 0.1337689138582121], [0.12748445535367942, 0.06845229589107675, 0.09307897318104953, 0.1137181807412557, 0.1070944894603989, 0.05696354343577778, 0.13200934673798187, 0.09861455650622561, 0.052097056559456414, 0.1504871021330967], [0.02986393234567263, 0.10393332751705232, 0.15265916566085486, 0.07414172639208849, 0.11896656325807527, 0.09831864572204761, 0.05330408206672487, 0.10821507585949232, 0.1397244244120019, 0.12087305676598996], [0.12642956503588917, 0.10100437124491524, 0.11509002688117088, 0.0548061922153022, 0.10214526625070414, 0.11056562076198094, 0.12341904515017366, 0.11279742376065256, 0.10190793052418333, 0.05183455817502253], [0.12303406733903838, 0.024258467564834667, 0.10060808690248181, 0.09526410164417616, 0.13212486125632128, 0.10384859278708637, 0.10669965275473497, 0.09644693399486683, 0.12203054181896957, 0.09568469393748814]], [[0.13922214880261258, 0.10835598498998832, 0.12327235193027525, 0.07266858245328325, 0.06007453011633893, 0.09131159501076383, 0.1237258690711531, 0.09842704826916987, 0.10996266871507333, 0.07297922064133495], [0.11865527006893492, 0.0831532164269265, 0.09630133753693176, 0.08941920396115363, 0.10237747910145731, 0.14130018987281717, 0.03807501434643346, 0.10280408997792308, 0.12442202645871549, 0.1034921722487043], [0.12917115726464493, 0.17026740881171784, 0.0955830510412111, 0.11289316330473972, 0.14935409296613233, 0.13047846674440675, 0.03301072910882822, 0.060512506183135376, 0.09239162312874653, 0.026337801446438658], [0.13786665020687566, 0.11336554341600867, 0.11574307475064484, 0.057574348602044426, 0.08047972337596043, 0.087324905309171, 0.0948817606932629, 0.11618107036646652, 0.07956925859597215, 0.11701366468358519], [0.134300956441641, 0.07391142724994786, 0.03957608814825441, 0.04043332803243149, 0.11912150470143712, 0.12531743190835815, 0.06983429990309162, 0.14852580427934078, 0.1071025950295851, 0.141876564305911], [0.07939105687916469, 0.06365997588925826, 0.04710388178648357, 0.11390883171954311, 0.10988007535586167, 0.14443406587016858, 0.07142901084808276, 0.07542041989967468, 0.14625922247518539, 0.14851345927657653], [0.1198669329934708, 0.02965328478419623, 0.10867491537079774, 0.12044614917538615, 0.08010503357497586, 0.10956969000926192, 0.1364641256446192, 0.08447001303315528, 0.1049399676502197, 0.10580988776391334], [0.1307510505942703, 0.079613491158123, 0.10912281461029218, 0.11020898809977121, 0.0704006123914754, 0.16794203430508295, 0.15373774647376828, 0.011019837983085855, 0.09183301936635133, 0.07537040501777477], [0.07290727246610844, 0.14985739266599643, 0.05825789438516232, 0.017585559314749866, 0.06229515072059258, 0.12736361924353923, 0.1051736596430785, 0.13058304906258467, 0.1402472535649605, 0.13572914893323096], [0.14897317738577576, 0.13062360890010785, 0.06496414530773054, 0.12411922483401883, 0.07829304154525422, 0.13791216267151823, 0.10151328251166226, 0.10104457681310519, 0.089858765286149, 0.022698014744682585], [0.120464259424659, 0.10188815557126878, 0.1278365632082121, 0.09418005646343895, 0.10258323950165274, 0.05331182034259816, 0.0754612525003643, 0.07210616156874097, 0.1447406303117724, 0.1074278611072903], [0.11020265582596105, 0.12744171254012368, 0.06264834740696654, 0.09964408059329864, 0.10083059634549497, 0.09598190334026419, 0.11300429701100367, 0.06428479604544772, 0.1143694665329641, 0.11159214435847688], [0.035823243090369015, 0.11191388376545533, 0.09189401131429123, 0.1402577407922286, 0.10343171433014983, 0.12254897779508146, 0.13636183552905765, 0.15367938939531905, 0.013232115424094155, 0.09085708856395643], [0.17217365871469673, 0.13082553707825556, 0.005365954441919105, 0.08353048686845511, 0.04413090792164469, 0.09066281965036133, 0.0899615111907183, 0.1309516059577797, 0.1358073669651907, 0.11659015121097153], [0.09199880177860573, 0.13201494051019955, 0.0959000032994725, 0.10605554142846615, 0.12468323657293605, 0.12660492727679892, 0.048986839096516833, 0.10843731158876266, 0.07934172048090622, 0.0859766779673433], [0.005405918381194555, 0.10013077715549423, 0.07337022318510211, 0.1537427913292652, 0.18605150285778344, 0.07889238542482495, 0.10210596419081718, 0.14890365391609847, 0.12885027218765216, 0.022546511371753144], [0.15628022029820515, 0.0649384202327649, 0.12185692896275871, 0.03760506386393634, 0.07326265566297469, 0.13983600036305768, 0.12077940866551812, 0.12389086562654492, 0.14841137088458056, 0.013139065439662352], [0.07602214300435503, 0.0188073260150427, 0.08324733766382421, 0.12742326471593723, 0.0732426560961249, 0.11365405675609089, 0.13782176211084207, 0.11303230295447482, 0.11417216902190694, 0.14257698166138486], [0.10040201624400494, 0.1494730439694088, 0.0637361096975838, 0.1256390225841747, 0.039126120858992926, 0.10618839629821436, 0.058942066183804064, 0.0988601146142957, 0.1480932691512856, 0.10953984039823352], [0.10954118959970938, 0.11612415904646783, 0.06194743521858442, 0.12626168798593687, 0.09401488233949053, 0.11981653672993203, 0.0961685283009176, 0.13311296926520103, 0.06804043933563791, 0.07497217217812754]], [[0.1006985220829101, 0.12305322708368042, 0.06308637917788727, 0.09845439675613461, 0.07335464753218497, 0.12056791195878101, 0.11664902885715644, 0.08863392832468478, 0.09159248621917587, 0.12390947200741063], [0.0893718410328443, 0.1114743905929876, 0.10565394380323985, 0.1101262064320014, 0.10786257877790424, 0.04723429909436706, 0.10322412424487935, 0.14873312061492278, 0.08680285636580581, 0.08951663904104656], [0.10065812660574078, 0.11906409443450897, 0.07115704480103847, 0.10818304461362567, 0.0963559463021492, 0.10934402898676833, 0.09341325266404507, 0.08872344943850036, 0.09290718043899784, 0.12019383171462561], [0.11894433702571265, 0.11489671693494327, 0.08702140564193839, 0.09896790743320809, 0.10575718483054898, 0.0948461671981833, 0.10277965998283455, 0.11171683124131596, 0.07901267307491172, 0.08605711663640439], [0.0946070469787987, 0.0957630235013953, 0.10317298438215453, 0.07081678285549234, 0.11490759820804324, 0.06495913269106957, 0.06883770209249108, 0.14797818685464093, 0.1100074914526556, 0.12895005098326176], [0.10586058208303793, 0.11271855562138931, 0.11104900029054358, 0.08290642344912134, 0.09791735923948378, 0.07655590716648963, 0.11460388521374372, 0.07114615805988371, 0.13289689698645, 0.0943452318898541], [0.08597873781931648, 0.07015738025325483, 0.12003440289289342, 0.08459902679981668, 0.13047827929583827, 0.10192697878835477, 0.08071063028688681, 0.1479457542391667, 0.09776692263532372, 0.0804018869891506], [0.11033537074946392, 0.12023572122137435, 0.10208253189966718, 0.07836735030427508, 0.11180695141837256, 0.11246531879999434, 0.10506838513293594, 0.11006493022396227, 0.09399659446081557, 0.05557684578913404], [0.08441475043301987, 0.12854554400120255, 0.02579044407172888, 0.055512181334677516, 0.06812024234454918, 0.12341132292010869, 0.11555534695513271, 0.15421114510776943, 0.15225618828625098, 0.0921828345455596], [0.07277462871083003, 0.1252604344069888, 0.14731885878904608, 0.08688028290730718, 0.13954096062195356, 0.08011426692505744, 0.06581343638563812, 0.1316706321886863, 0.12650624132702104, 0.024120257737465914], [0.11201627959001295, 0.05403303741236251, 0.10852148962104774, 0.027139271831906182, 0.10008068582959741, 0.11351139941595839, 0.11280342963005542, 0.140078425669911, 0.13278962492928922, 0.09902635606985916], [0.09697737409925947, 0.11460711584351718, 0.07755075599687186, 0.009149101663100356, 0.14501096537145877, 0.11969550592260404, 0.09591838333710527, 0.08814129510086634, 0.11108128718248987, 0.14186821548272788], [0.11749870661727171, 0.1348355597625519, 0.07050009890573328, 0.11523250347396725, 0.10821705872951944, 0.07357834329871167, 0.09980581644316452, 0.08438148450238878, 0.112038583592673, 0.08391184467401877], [0.06676556664026742, 0.0824613358670508, 0.0927118891998334, 0.10634905907623222, 0.0991296993519325, 0.06868275140679966, 0.10186587240980971, 0.11762977235436327, 0.14538213794654226, 0.11902191574717194], [0.10496858810992714, 0.0685309157275422, 0.1400875203600558, 0.08767449679909933, 0.09085109752478247, 0.10355071682691747, 0.10663178841624328, 0.11371406808248176, 0.09601912116583618, 0.08797168698710876], [0.13749794831805062, 0.10296972527987783, 0.1031364131563691, 0.07372994084501093, 0.12030253259138106, 0.10222511544195516, 0.10204885303008035, 0.10981686920004646, 0.09313708878298246, 0.055135513354247885], [0.0795750103547005, 0.05795552840237716, 0.07442898339704854, 0.1086878975621771, 0.13165861873886828, 0.1077356727662009, 0.1002497024141777, 0.05792607238294455, 0.1517264153758703, 0.1300560986056393], [0.11561395282759264, 0.1521004192186564, 0.14881739625111237, 0.0837970371943922, 0.09125684247492458, 0.04878358717976651, 0.023428111195346355, 0.08465200974237562, 0.1561664306850035, 0.09538421323083178], [0.1286449494023348, 0.05321492763663893, 0.11642562216762212, 0.10832530776956337, 0.10365197570021573, 0.10858422241921568, 0.08909607280435317, 0.1167238308499313, 0.11993018779278083, 0.055402903457336485], [0.16339237023854014, 0.1162398461217389, 0.03720360255517081, 0.07471823319204232, 0.04398810979477364, 0.1507159456994573, 0.05511992261934017, 0.13226252616265752, 0.11070275405862294, 0.11565668955765808]]], "bagging_alg3_list": [[[[[0.0916241869217657, 0.05028320571704361, 0.23118980588548113, 0.06599805512723073, 0.0695194130143564, 0.09294475648045328, 0.13412665720575978, 0.1447817984129122, 0.06045557407177189, 0.05907654716323655], [0.09244086947013153, 0.1435268673722053, 0.13133182328879384, 0.06993948997347206, 0.08541178181007465, 0.09831375337092542, 0.11247862689914617, 0.07354047316920193, 0.11906225539458226, 0.07395405925147534], [0.09921597331329803, 0.09735861465572164, 0.1233029330391681, 0.13021108064287165, 0.06723271315722387, 0.14666379609175342, 0.10880728902023387, 0.08639240052872788, 0.12319091293510215, 0.01762428661588733], [0.13978790386688278, 0.13313134671883026, 0.1615298543159925, 0.1004084991797972, 0.09405413675634848, 0.05713894594604861, 0.08125966749510612, 0.10208317634965874, 0.08442320726873234, 0.04618326210259984], [0.08359152667414685, 0.09041078882869645, 0.08732574182034371, 0.06862519549655748, 0.03170541846105097, 0.15094724212072336, 0.19585208852468897, 0.10360347552741615, 0.09781027615976072, 0.09012824638661225], [0.06639226400273784, 0.12103331908772226, 0.16969753719634437, 0.11894825215804279, 0.0760133338212233, 0.11703972717204542, 0.1284646515598441, 0.0427592655364634, 0.07393774507379208, 0.0857139043917803], [0.09774075547484101, 0.10607597779041963, 0.08818361593247859, 0.0834083225011702, 0.11364613774672983, 0.06402290952819593, 0.13490388912030193, 0.1209718529505322, 0.1398246254134722, 0.05122191354186344], [0.07105859175331541, 0.16863131137436585, 0.06777215813256429, 0.16237382237476383, 0.06950392136835849, 0.11297842262469229, 0.021504828575856665, 0.1069208902797665, 0.14533199921976248, 0.07392405429655645], [0.05740969939346321, 0.12633900765205042, 0.09228657483711578, 0.11085377209919187, 0.15648641736379038, 0.11257811771947687, 0.055468046628105144, 0.13036250722180442, 0.09107199328557104, 0.0671438637994268], [0.09108019555019743, 0.1036679541072728, 0.10906980055908545, 0.0941487883800504, 0.07363617883961716, 0.0826316428552823, 0.17320657870973807, 0.10471916498758044, 0.11864518085870512, 0.04919451515247325], [0.10321288850475654, 0.1392722304358832, 0.11653310271425125, 0.03474608702223734, 0.0882215185318484, 0.11279617574070772, 0.09654320991811981, 0.12198430620197774, 0.07196099444544896, 0.11472948648477113], [0.06497931243522051, 0.09861822788072837, 0.08427730278543957, 0.11260448537669442, 0.14232780043393783, 0.11120095721371868, 0.10420878149455534, 0.15031477018835368, 0.08978709155633663, 0.04168127063501863], [0.09382050073872832, 0.09037043194665101, 0.08883432467370674, 0.14694468815238024, 0.05601883379187016, 0.09395394548583673, 0.08621344522649269, 0.14848278715553126, 0.0790557994591575, 0.11630524336964661], [0.08790103625220903, 0.11684806224399756, 0.08488347426491691, 0.07936635903802229, 0.046148692783374724, 0.08691284550539738, 0.1093132120547082, 0.17450954809881755, 0.12449939485691808, 0.08961737490164146], [0.10766107694777696, 0.1146837656070501, 0.08930243183840225, 0.10335634971310532, 0.046057253634457396, 0.09472972475644399, 0.06148340754234854, 0.09891465311870798, 0.11667830445581083, 0.16713303238589788], [0.08570707138509098, 0.14968393472808164, 0.09200983956394283, 0.08015778766475315, 0.07814775535214041, 0.08239666599573638, 0.08995638942015934, 0.16718436717832072, 0.09755198618926746, 0.07720420252250901], [0.10275417825700156, 0.13338009724885808, 0.14474658296642184, 0.14134475018599132, 0.026010186657171454, 0.06576789497852353, 0.08920329959683941, 0.09345846358559902, 0.11245316807741013, 0.0908813784461799], [0.14376383735349008, 0.0662906271417142, 0.1375330592145671, 0.11919847860451718, 0.12181684740117187, 0.025347121177911477, 0.14785785670434753, 0.08759947827824435, 0.050593136656352775, 0.09999955746766089], [0.16674901689272847, 0.0935513111810927, 0.15316407656217287, 0.042012566233391356, 0.06730758224997742, 0.13330403387900355, 0.06469396411356082, 0.12833809272000185, 0.09769312348651618, 0.05318623268154004], [0.10342910996311634, 0.12419228101847693, 0.126024074554712, 0.06686098295143102, 0.18295812191311622, 0.10445123505830159, 0.1264763695671167, 0.017965192973376277, 0.0803128385381193, 0.06732979346222544]], [[0.12719286935445623, 0.10567679463856357, 0.14454714975306374, 0.11641860786910109, 0.05850663714886276, 0.08325997342643655, 0.07890514215010794, 0.10266743354239367, 0.10728960665086419, 0.07553578546614048], [0.0721564611047108, 0.11335410157739302, 0.031616087027512146, 0.07053251429966928, 0.12942629877166864, 0.11754289785349047, 0.1006149414460869, 0.0934895626442553, 0.11391774747838572, 0.15734938779683483], [0.08083666468994419, 0.07198665009056925, 0.0767334962603737, 0.07715747049820033, 0.18559083933838572, 0.08351044538099653, 0.1263159676764663, 0.05103782780403761, 0.1405095441998693, 0.10632109406116357], [0.1390785059877328, 0.09922169785738623, 0.04219115965200885, 0.08224342873323898, 0.171658984719632, 0.10002021906902031, 0.03827881240024583, 0.11886639056353125, 0.0737291271614437, 0.1347116738557709], [0.18200241851813648, 0.11466526606650308, 0.14387796915809256, 0.07970695613643618, 0.07881516863370681, 0.044058937493606294, 0.08297026075471857, 0.12990446481871162, 0.06924383329846115, 0.0747547251216365], [0.0960390749892212, 0.05712357251786435, 0.09183977961497028, 0.1055030040790582, 0.10690646779248991, 0.06532540103779771, 0.1704964772226962, 0.13683692298087616, 0.09072352069082591, 0.07920577907419822], [0.16453322360042993, 0.08626958687050483, 0.0930699733247141, 0.07349906648123493, 0.09578579513797905, 0.06931954051412118, 0.1976526203320039, 0.06729076059387631, 0.059594602915415074, 0.09298483022970595], [0.12893992919950034, 0.06284577804163102, 0.11661487330202487, 0.07742894236616008, 0.07744043730953094, 0.055055587454915324, 0.11603830657352901, 0.14076943529749913, 0.1179251384796713, 0.10694157197553403], [0.14352141262819548, 0.06050600926097786, 0.07178662867417648, 0.14731609971822768, 0.10008009748349639, 0.12567609585317152, 0.06644351166413506, 0.05793453350913436, 0.10350730826414789, 0.12322830294433881], [0.07725521784248925, 0.1129062303152927, 0.08132793638881758, 0.08618790604142576, 0.12460231315295371, 0.05840581506264231, 0.08693646692496745, 0.13077186134568936, 0.146176219105412, 0.0954300338203069], [0.09907926870605954, 0.1083823391645413, 0.0849867736882428, 0.14672241608773628, 0.1231746493688803, 0.12144655581592581, 0.08618624630109431, 0.08313569071702631, 0.10180638513058259, 0.0450796750199085], [0.18313255969215433, 0.08855845765023093, 0.04810569899848221, 0.15570464562530262, 0.06703894125869836, 0.08837589702618684, 0.11670117032943, 0.03940148251630913, 0.09264464124917898, 0.12033650565402648], [0.14183570701620588, 0.10888047673494042, 0.02876758851216098, 0.13468602726803383, 0.1164145633448088, 0.14090355919726022, 0.08979234581117754, 0.10635235835378015, 0.04868383009109188, 0.08368354367053717], [0.11756789060020723, 0.11266123172252282, 0.08079989890742842, 0.07249902755615013, 0.10302750888221678, 0.1228686046139556, 0.04397667795863507, 0.19982907774428652, 0.05802432581798652, 0.0887457561966114], [0.14799030456751325, 0.08712876053723348, 0.10375763812927832, 0.07123086588539305, 0.12280349065761227, 0.14267834703197857, 0.06110893335378984, 0.0692388973551584, 0.0998685938457705, 0.09419416863626859], [0.05487775496536427, 0.16984621583385756, 0.07199855355458888, 0.063033959239643, 0.11389017563973398, 0.07091205316002627, 0.05991165301149036, 0.11119042710537225, 0.16272338281792617, 0.12161582467200124], [0.042748464640197555, 0.08593453653432842, 0.1032576203977055, 0.031098176799343336, 0.09351651297383613, 0.12428709454658661, 0.14165219318662026, 0.12882278501759475, 0.0905222085599989, 0.15816040734379122], [0.10209357033894237, 0.13994814221251342, 0.07161432480116017, 0.10722897357832331, 0.13459164316075092, 0.12446947956843615, 0.05252781819392969, 0.07573827333502284, 0.07622195592850782, 0.11556581888240691], [0.10629972564257571, 0.054541327730601094, 0.09812238417581946, 0.0941747444783239, 0.12613108639492002, 0.09576447618056236, 0.16112149546216262, 0.05488349449148925, 0.09703681292542723, 0.11192445251811721], [0.11359749851857039, 0.11342350401176574, 0.06913117510651473, 0.0751415344790067, 0.1095728751582671, 0.059923706020621983, 0.08766223642085258, 0.1189419459663017, 0.12505184486175638, 0.12755367945634202]], [[0.13731282549058227, 0.1515748856841062, 0.09152680775023227, 0.046002203387127086, 0.06831567166319381, 0.09042810239194775, 0.13770144372392398, 0.12505920436855056, 0.09303889007293537, 0.05903996546740592], [0.09735491445950396, 0.16263807316861034, 0.09242398702927872, 0.04559005356184558, 0.09916412624142124, 0.10189187562711864, 0.09939371673054291, 0.04672036077258362, 0.16121631537311362, 0.09360657703598067], [0.037375856734342745, 0.13318108047421365, 0.15408089386284657, 0.08055944739895737, 0.09448489845496089, 0.13936074914909197, 0.11005424052884971, 0.08156282645350775, 0.10377981755019187, 0.06556018939303533], [0.11098745110811119, 0.12810541900137318, 0.08317019090688563, 0.16738099355909797, 0.05403870937217842, 0.10090188121548252, 0.08537125128464372, 0.1222940686715157, 0.08501754628358377, 0.06273248859713496], [0.10151269575920949, 0.12145396093359158, 0.07745873910971045, 0.1257500183791452, 0.13645277809217024, 0.11173123252470184, 0.05824792220891631, 0.10105975077209804, 0.0661661860124159, 0.1001667162080448], [0.042504924177540315, 0.08765960659800834, 0.09169928905039783, 0.056328670241134415, 0.11045211282512274, 0.12484185934090311, 0.18165399162047127, 0.1458695565045995, 0.08086999624275179, 0.07811999339906832], [0.07232044924736213, 0.07084518917837411, 0.12527988650650224, 0.08328082653995529, 0.17509507784568337, 0.10717485375657174, 0.11697879688825838, 0.09171480668568438, 0.08862539748398905, 0.06868471586761452], [0.16345749212081778, 0.06164979401294928, 0.1386425139341525, 0.07479772662606698, 0.04182650759394587, 0.11816601318680187, 0.10440899332185757, 0.061778247289475514, 0.15624791757267623, 0.07902479434125555], [0.09556887373408156, 0.08706414538803134, 0.02470219349535328, 0.05833991197935058, 0.11153377473908149, 0.1081099846783517, 0.086240067973079, 0.1149005380173451, 0.18667748703270043, 0.1268630229626286], [0.07763943898099314, 0.14604324795995585, 0.12824940218742992, 0.08254199154197879, 0.038504193063874925, 0.16320075356578095, 0.08765267691176337, 0.11085601598755819, 0.07828829495698245, 0.08702398484368058], [0.054542829378326704, 0.12185298548343754, 0.08543848025343515, 0.1554321825169357, 0.09540884666904313, 0.0483005404375299, 0.1277686014674367, 0.12071144178666919, 0.0715739755695899, 0.11897011643759728], [0.13214374533280887, 0.07457719691394034, 0.10540093282461098, 0.19028267421766012, 0.10624287411485096, 0.07112990392109929, 0.04167688927348404, 0.06261568653714178, 0.09047563769970643, 0.12545445916469186], [0.046623620570769825, 0.1164570877152202, 0.0685886203394346, 0.15025941356129058, 0.1482141116256354, 0.08240597208736163, 0.09844874668215729, 0.1346985113525988, 0.100162030512521, 0.054141885553007314], [0.17190093923383354, 0.08853218682327418, 0.07523667778792945, 0.07811689753254689, 0.13572912716789987, 0.06925214741907795, 0.08662915937701299, 0.05346396215744066, 0.12796266489519148, 0.11317623760579004], [0.0931018764237262, 0.07014952541253353, 0.1460098267893943, 0.0864163789332177, 0.12120813784267084, 0.057721037356403014, 0.08572171217374239, 0.07276960486624294, 0.07717747685517186, 0.18972442334689768], [0.0661197131301602, 0.07091255375519394, 0.11345103809287152, 0.03414449182446488, 0.08464735941861329, 0.12204328767930338, 0.0886575205964818, 0.16928304446943504, 0.10723391249815543, 0.1435070785353206], [0.14061624433922945, 0.11841625740151707, 0.09720999690792875, 0.03800726365984126, 0.08573749652065696, 0.0936847634258766, 0.05843096736261515, 0.12434694461896977, 0.09710548995450387, 0.14644457580886056], [0.08835041613164647, 0.16116582572875207, 0.10087993252897706, 0.07772019710195378, 0.0832634295566647, 0.11318976004852155, 0.1563082991168899, 0.09700416417860637, 0.06890473291475481, 0.05321324269323399], [0.0356909140966973, 0.14983405641764116, 0.06017448392441169, 0.06271843696402005, 0.15789136586873062, 0.1528251231111291, 0.12405712403597134, 0.08120347221133575, 0.09526999061239008, 0.08033503275766714], [0.13602209665667506, 0.04410645733097953, 0.12724327492365953, 0.06398034759774, 0.08513331994144144, 0.039245747548847805, 0.06438977181295609, 0.11803220820022965, 0.1917402315356597, 0.13010654445183764]], [[0.17226549072398936, 0.09164548961305215, 0.11919563309335292, 0.0972617993867811, 0.08645513675802087, 0.05576175336282628, 0.08404963997982363, 0.08148467583870858, 0.08803510130669619, 0.12384527993674856], [0.16212079100238824, 0.11081102872363933, 0.10802065184376182, 0.1671137891307341, 0.1227335132272247, 0.030877231378925632, 0.09879423540767625, 0.09117824618041365, 0.06808763169039876, 0.040262881414834625], [0.06649683790358137, 0.17131399493347427, 0.06330704450043408, 0.08574885782952109, 0.171514888109499, 0.03930752364667164, 0.11796797415192933, 0.10185948138319005, 0.06802335893620842, 0.11446003860549162], [0.11154467816430959, 0.06363787592842415, 0.09227899795228821, 0.07961542231112229, 0.15639633042280576, 0.07087945173214923, 0.05594145184325693, 0.05072613769846661, 0.1745068256148682, 0.14447282833231348], [0.104391676355483, 0.061244129929083846, 0.08898791218218623, 0.10415214476286191, 0.0884318078371272, 0.046716782914590874, 0.10541800580197641, 0.1661286969643318, 0.140922039108264, 0.09360680414409689], [0.12302672058312517, 0.1412399846446777, 0.12842819960103924, 0.05842000650334081, 0.08523332355573203, 0.04354128626627529, 0.07299648870693999, 0.11049333773759666, 0.13309169766478546, 0.10352895473649529], [0.10103766866926363, 0.17397240837101266, 0.07706849442393446, 0.09467762171784017, 0.035065646333446256, 0.11859529788829447, 0.0993600573170885, 0.08174710627185798, 0.15546538179197741, 0.06301031721528193], [0.07469956845451642, 0.054749754704855554, 0.1327126429374342, 0.09918911215568002, 0.08509755222035226, 0.04274687858979398, 0.13298102644252338, 0.12489837499084744, 0.12163683509449358, 0.1312882544094965], [0.07602136040412899, 0.11371365193398537, 0.08501372078862345, 0.07791267515318853, 0.12118868788067104, 0.13368139322232842, 0.11979024939897426, 0.10675569233814867, 0.08709194086685626, 0.07883062801309827], [0.11671684419432365, 0.10097646337421282, 0.09387788599373018, 0.11101283890214876, 0.14792879502527242, 0.05000315999119051, 0.08872227881289767, 0.06277724574019018, 0.11710289272887942, 0.1108815952371519], [0.11146811366148693, 0.08126031480777908, 0.08570935188436891, 0.08023652379330529, 0.11137670642559701, 0.031052798071016872, 0.14534380390836912, 0.16730457220255973, 0.1175558949035178, 0.0686919203419954], [0.06780028083032684, 0.14861303185908642, 0.052347057884760656, 0.14325141301984404, 0.09437268051080236, 0.1348832869257259, 0.0866039963424742, 0.09338407314794499, 0.0914497645115319, 0.08729441496750152], [0.10557595244204918, 0.09579461849572041, 0.09540624592646631, 0.1007787658219378, 0.10773452026219156, 0.17420482994959238, 0.1262633512567536, 0.08902740423414725, 0.04207727952498631, 0.06313703208615667], [0.11974665915021922, 0.04716707931560621, 0.11371917336225718, 0.1059632424797442, 0.0716315477907603, 0.07183835635273904, 0.0409396447958739, 0.10977124894241698, 0.21214419353337297, 0.10707885427700459], [0.07348354526092772, 0.07023268692559605, 0.09064569843795986, 0.11463368298305733, 0.16961911510330385, 0.14480901620789557, 0.07461073954410376, 0.13307668997506988, 0.04548087389982993, 0.08340795166225831], [0.08695134878427223, 0.08748849327651405, 0.15942966713196075, 0.0958619436698433, 0.09588389232992106, 0.09397363067594758, 0.12545172340351401, 0.0604451488436273, 0.06896400330077035, 0.125550148583631], [0.07434144684440744, 0.15429492332082306, 0.0543571388100224, 0.05859089249477195, 0.11369635565577627, 0.12485374832347884, 0.10385974882735426, 0.07042987884978644, 0.1488686507408352, 0.09670721613273921], [0.163329296947394, 0.042979816098740214, 0.17344878792154061, 0.129413716073744, 0.0533768631919066, 0.06611467239188272, 0.06264532618613569, 0.08349680653297538, 0.14175201150781958, 0.0834427031478606], [0.15460016538390797, 0.06531732966513436, 0.08053366889570955, 0.09320398694432942, 0.1736885185120319, 0.08080382342643277, 0.07203311090748771, 0.08395936677640982, 0.12115556950269642, 0.07470445998587287], [0.134398103643498, 0.09422399960019764, 0.09620798120473918, 0.08755314357632686, 0.082415540033795, 0.06646320640867459, 0.09008075326538295, 0.09354589016786843, 0.1538596616026553, 0.1012517204968609]]]]], "bagging_alg4_list": [[[[[0.12322883395369666, 0.03917933786127357, 0.06697543328538526, 0.06455988616730675, 0.12205144832660601, 0.1003632269880825, 0.21543491233968942, 0.09137508566462446, 0.09097637118922458, 0.08585546422410824], [0.09788984283560871, 0.10517723497612033, 0.08157872473111936, 0.10622557587853637, 0.18180440550991497, 0.04338142788658864, 0.11694444913444152, 0.12404398560912981, 0.08777953609280503, 0.055174817345742276], [0.013779742737903241, 0.13157016172390085, 0.14199430414802205, 0.048103196874081836, 0.14971289174714608, 0.10608425699933811, 0.04996465978467142, 0.13026751570816208, 0.11197152609483481, 0.11655174418195398], [0.12860694940660372, 0.1258420220742319, 0.06618748356290977, 0.10556528707405932, 0.16090449056132705, 0.06246878718118116, 0.06589014815588878, 0.1150167739239647, 0.07383519583930767, 0.095682862220531], [0.1095872390523726, 0.12488851842286827, 0.11887859495791774, 0.07036281540417197, 0.08181058350935361, 0.05128708604025401, 0.20486276481216964, 0.09458822823294374, 0.05992468098142298, 0.0838094885865272], [0.15650850192718022, 0.1097693403723995, 0.07451539418533866, 0.036429810482735296, 0.1896473627549579, 0.08252021418381186, 0.09429101059973796, 0.05968840696275134, 0.12284001168313025, 0.07378994684796014], [0.1540862152804435, 0.02753981217841971, 0.08375000684249195, 0.05862769086558086, 0.11108530765491716, 0.12794627511707035, 0.08660355873628305, 0.16922613003705514, 0.11030167620420847, 0.07083332708352194], [0.054634434142911935, 0.16455338288606078, 0.0982998831562015, 0.0786852966811859, 0.07660359231739072, 0.1768960319922792, 0.14882535315463621, 0.03496215683948859, 0.10363050073553802, 0.06290936809431001], [0.11036688892247706, 0.1359454105105456, 0.07254010861278347, 0.09134484682449892, 0.0921451665796881, 0.052088787560310906, 0.07806266791916311, 0.11785580643966122, 0.14544112159801925, 0.10420919503285529], [0.04488004767803339, 0.07536096165982874, 0.05823066139517822, 0.06008796043513811, 0.10195844135226606, 0.11322812770174856, 0.14652701271242144, 0.14211679666288685, 0.16113394444847254, 0.09647604595402975], [0.09327494197131629, 0.10112348673935795, 0.09731956841601157, 0.06209254317439056, 0.0649883678646471, 0.1403278551516119, 0.13000129434008145, 0.14917390421726223, 0.10405100789886208, 0.057647030226459055], [0.11696887620770756, 0.10692158626779126, 0.08932685061913845, 0.09353133659421146, 0.11853769570624008, 0.10170355583766663, 0.13881942492062382, 0.11204084251083697, 0.11102721351619965, 0.011122617819599908], [0.09789859103440107, 0.06500253252580335, 0.09983771311033529, 0.07705937158318014, 0.07496901595374547, 0.12717910530290324, 0.12639548080529292, 0.13140708540973858, 0.10290881819884666, 0.09734228607575476], [0.16478420643205158, 0.09687545301381849, 0.08525260255576904, 0.08147899799967324, 0.10382031743357148, 0.08974306077290312, 0.08284546019672714, 0.1186109835477813, 0.047954460711615264, 0.12863445733609224], [0.08296906832446115, 0.16369452347255062, 0.14134505917555504, 0.04908825789214392, 0.0903977539502483, 0.06795611952313681, 0.092288404443706, 0.08059564063334733, 0.13734797444892952, 0.09431719813592059], [0.13157554785970582, 0.1697884452262148, 0.10191576282450983, 0.10330609580476179, 0.14562279804059097, 0.07031668809064313, 0.043914779149870846, 0.11156797182818488, 0.04888029327132711, 0.07311161790417861], [0.1186439315858379, 0.07698004227387459, 0.13858435513239598, 0.10382497915026626, 0.12416159422353686, 0.08142095670539934, 0.09275282407194482, 0.013324897331999845, 0.08990806867175118, 0.16039835085300977], [0.142448507633209, 0.09871918034042138, 0.07833663831658876, 0.07089028542468305, 0.07467106912375927, 0.10328268561151992, 0.1434767087123955, 0.09222187316515663, 0.07065915758425059, 0.12529389408801622], [0.1883189653483005, 0.0469913701751101, 0.1278597077656642, 0.05588576504220178, 0.08933648887324654, 0.15180847787847343, 0.08696012486960507, 0.08098734603799053, 0.10535774737734273, 0.06649400663205166], [0.07591993557194626, 0.07606276644540312, 0.06752969675305767, 0.16906330074966905, 0.09655881388234634, 0.10112717268027883, 0.1054063870780492, 0.08302573309497331, 0.08208133870697727, 0.14322485503730017]], [[0.11517490549049006, 0.09608360909537951, 0.15087152662378595, 0.15489342288781885, 0.07216891983793215, 0.10769263971825967, 0.11093037462711978, 0.046961824014590633, 0.0918264016242413, 0.0533963760803793], [0.1521757720936387, 0.036814771839297204, 0.12104159055427682, 0.09308467599841487, 0.07658030560193502, 0.1621663370490548, 0.10903010999696591, 0.08610918043504946, 0.08300112161612115, 0.07999613481526105], [0.06843404888748636, 0.07525973604820728, 0.1176554357765106, 0.09953363922632269, 0.1105663841803951, 0.10547104535066473, 0.17060551495415607, 0.13055241284666574, 0.03790854671435828, 0.08401323601523775], [0.08400287884315746, 0.05189875476217038, 0.05219734146706947, 0.06915204841448662, 0.12429921018979843, 0.11266196810385953, 0.11840379866877535, 0.19934934263733814, 0.10955050781428412, 0.07848414909906935], [0.1389505104256568, 0.08186744757315224, 0.08492107930045065, 0.0898552933880125, 0.0967932098754059, 0.18114429480660738, 0.1121481496089081, 0.058645007259841925, 0.1052447705026589, 0.05043023725930557], [0.16874192012650194, 0.055518621532045925, 0.10988193961418163, 0.18058282460987754, 0.06889699809733033, 0.08122642495659713, 0.10811259444883703, 0.04652225474215499, 0.11928096094526298, 0.0612354609272115], [0.13703689437252042, 0.11409357120259771, 0.08868602127829608, 0.0683875950792083, 0.09934030417723715, 0.08980138202873844, 0.05470766100885518, 0.13589009184184717, 0.07906729644385208, 0.1329891825668485], [0.05762608952583764, 0.07132138259539554, 0.11140018976308567, 0.05262428173079575, 0.08005393564101335, 0.2044370169007673, 0.09868445821248127, 0.10095489458583391, 0.11431883020302439, 0.10857892084176526], [0.020762188369627423, 0.13283266007159955, 0.08752154392635397, 0.08787633257049368, 0.15722379734144046, 0.0840812303717518, 0.06682880286396344, 0.13435320190221955, 0.16323538720704792, 0.06528485537549521], [0.12195214074557326, 0.1553477020447851, 0.12132167055451713, 0.10535343878893873, 0.06466775528655293, 0.0818