{"SAA_list": [[[0.20124793516126885, 0.11142265127509664, 0.07624830764917181, 0.0999151446796292, 0.0009951086808476276, 0.1275025054441926, 0.13432909591341335, 0.05600488302205862, 0.09011547973952581, 0.10221888843478591], [0.1093914190582004, 0.1810369375828276, 0.05040581383452565, 0.18126474338910734, 0.1097988609133889, 0.12263585460286172, 0.040402065858587376, 0.04910611219865027, 0.09429453483016392, 0.06166365773169194], [0.09255837532858861, 0.12456741289056207, 0.06849133306339615, 0.13653592720286353, 0.1748480316591849, 0.12571241185759044, 0.08132460728091208, 0.08659201959375538, 0.09503433719668322, 0.014335543926489254], [0.07367045087037707, 0.12354787255664083, 0.1332922225737374, 0.08470995592032463, 0.101138999387492, 0.1532351855545864, 0.013599692373503258, 0.0928197823895389, 0.15435718422577277, 0.06962865414801003], [0.11039592291133474, 0.11082725049961406, 0.10944931262890784, 0.09984657188334614, 0.14700486580686759, 0.0482742225862301, 0.0517184818974143, 0.10388606198659706, 0.1120383447524554, 0.1065589650472044], [0.048433556626128395, 0.07898621954189045, 0.06812920418784958, 0.14376853866142425, 0.1829700902420181, 0.09272298868314965, 0.1605767208475898, 0.11083616524704767, 0.07765345110974486, 0.03592306485317042], [0.13235222195420665, 0.08483702208085629, 0.11962467565005858, 0.1150337153930009, 0.0552084821764189, 0.07076380959165504, 0.12642894819965353, 0.10450243124766787, 0.1634053419432222, 0.02784335176322533], [0.058732195371538516, 0.04068464020021765, 0.1888791038240609, 0.0671131581785298, 0.11889519010501204, 0.08876271268066559, 0.1251188160681749, 0.08344007117386767, 0.1077968738334378, 0.12057723856449824], [0.12601270669405934, 0.06042633179215657, 0.1438251712714052, 0.07689765131893656, 0.10604692214944783, 0.10726056825157654, 0.1133899054574637, 0.09335149447135999, 0.08564997847291296, 0.08713927012066515], [0.15628398515202732, 0.1445195072104352, 0.08168006184591564, 0.07501339438918285, 0.07951482940793819, 0.1396317406578035, 0.09977980033155788, 0.0979323485822081, 0.060585311900700115, 0.06505902052223049], [0.09914388819187603, 0.04914181388013004, 0.10669066297271561, 0.07713328487266949, 0.12591996674959202, 0.17999859288281067, 0.10447701333154003, 0.03089467150533878, 0.11712028447358405, 0.10947982113974286], [0.13043282182190913, 0.11156050094938776, 0.19220115927287762, 0.14890982808834483, 0.08926358999484035, 0.128710573441908, 0.03212248189239333, 0.07403484435688247, 0.06422830292948108, 0.028535897251969533], [0.10741052712889126, 0.11069166246377957, 0.08689181095378061, 0.17207229867949944, 0.05889468225830308, 0.052726225534373165, 0.06562256347086327, 0.16813850250237697, 0.105311038886646, 0.07224068812149015], [0.17844465438519608, 0.14793425503530921, 0.028388637920931232, 0.049930711052028925, 0.06719304127496913, 0.08696440557687767, 0.10444450026641566, 0.0922928746665741, 0.10506609410570432, 0.13934082571600429], [0.1653547052267929, 0.038155544460146455, 0.01940967936018801, 0.11298006278785182, 0.016616973800537484, 0.11238256764394963, 0.1391614570142572, 0.13847340882390244, 0.11995263004674782, 0.13751297083562658], [0.11742353427909066, 0.06181127928288909, 0.035422464501745826, 0.12425749073337694, 0.13970138834379425, 0.07343728827706411, 0.09220119306334633, 0.12040802550283522, 0.11884492086130041, 0.11649241515454696], [0.07565282208536937, 0.09469752560711692, 0.015845397819754678, 0.1820858931929514, 0.012262413039050861, 0.1463087511933126, 0.1507182252339103, 0.09939023335597726, 0.12861524544580538, 0.09442349302675053], [0.05173155676711253, 0.15552909251944627, 0.059089590452768744, 0.07354553949485462, 0.10102848967793822, 0.07554227024823759, 0.08713380710067435, 0.12420349651714313, 0.14840425410282138, 0.12379190311899813], [0.11924737014926312, 0.1132517879865738, 0.12360400746660209, 0.12651615714923548, 0.04718756077238507, 0.12712029883486414, 0.0450461915861651, 0.12681992077278983, 0.10416701095409973, 0.06703969432801911], [0.08563674437581871, 0.128453027262984, 0.12800451414148725, 0.1591084218101013, 0.018151023288705895, 0.10431917054183255, 0.14445205372582876, 0.05783424162472019, 0.08493152933274227, 0.0891092738957798]], [[0.03555020321257465, 0.09603763061172349, 0.14549846103883002, 0.10035733366068658, 0.08897205653959715, 0.09313896928189547, 0.14426359573380695, 0.10745099055025929, 0.06933012055443304, 0.11940063881618977], [0.18600852543494759, 0.051738617693986425, 0.05970950758153113, 0.10479486588101466, 0.1781765100936894, 0.12623309749582584, 0.1132524201489743, 0.07301256766634226, 0.020796412265554502, 0.08627747573811251], [0.1634841303761406, 0.12992773654658388, 0.08193277777301632, 0.1486424550402601, 0.051041900570705095, 0.08837263724422996, 0.06985212270573041, 0.06044423642873138, 0.08044110820537387, 0.12586089510922138], [0.11976366448686605, 0.12883888437237254, 0.026039441073758104, 0.11994704174545495, 0.11886897132854962, 0.0696785334740271, 0.10204464972720519, 0.12376835439600854, 0.11486607486159306, 0.07618438453414952], [0.06015675305701904, 0.048217574878665306, 0.1406194429492522, 0.13585291256469242, 0.027177109225587606, 0.08994127604967558, 0.08907543500658219, 0.14734906327047104, 0.13482267256109462, 0.12678776043695655], [0.012539326834084614, 0.056696183970960067, 0.1789109499277903, 0.08387529351097521, 0.181689474188731, 0.09139393904240763, 0.10023605653324578, 0.11060942517974696, 0.11469498957549161, 0.06935436123654341], [0.04418124718178691, 0.09413909905945582, 0.06252438519061469, 0.14951388722044057, 0.1352732439360357, 0.15483078358823013, 0.13003034191192164, 0.08473807097870706, 0.09975823121757933, 0.04501070971522115], [0.10936116168456285, 0.09336699680284635, 0.15053858615686774, 0.08452928752123068, 0.14907604929491153, 0.00027703506605914645, 0.07449432692224554, 0.14656261237326534, 0.10911667528648233, 0.08267726889151909], [0.09015191089645669, 0.13182699431540074, 0.1359325877313254, 0.103854543687454, 0.07657326105499174, 0.06396517574371373, 0.1178846840941644, 0.11957681846490491, 0.07800399719109087, 0.08223002682051458], [0.05814007150655476, 0.01856689171757997, 0.10596179163319272, 0.048035157483825947, 0.17159391405772476, 0.11620248905970984, 0.15099312304249532, 0.06792787763529608, 0.13744817883885238, 0.12513050502478174], [0.05123891677301206, 0.1559315586790729, 0.06996233434712568, 0.09308021833523085, 0.09151720207091496, 0.12184431076746147, 0.11269734121759613, 0.09588219135770798, 0.11857503297915709, 0.0892708934727164], [0.14542682704299068, 0.14749690884464697, 0.080960595832093, 0.11300947494661526, 0.10401757645318853, 0.09630966636731972, 0.08910582099247823, 0.10251611447857235, 0.058414866535715836, 0.06274214850637416], [0.03525675953651867, 0.1779585658945196, 0.11662787986539871, 0.10275702304020642, 0.060331057149953175, 0.08578452962063184, 0.05543832210372653, 0.12162848793807854, 0.10206381055526943, 0.14215356429569567], [0.14995710857908928, 0.008151827197822144, 0.15937216627097603, 0.08685351732112681, 0.14141217761578934, 0.025633885127374703, 0.12347961154702096, 0.14696167601575105, 0.0266599023861999, 0.13151812793885093], [0.08871008008970283, 0.08348104489485447, 0.10396728538749118, 0.14797771842268778, 0.07828799433189779, 0.14640557737449578, 0.07954934392447004, 0.1317772877926472, 0.03192779991570547, 0.1079158678660415], [0.10942740749114763, 0.026354972470945384, 0.07706883494823873, 0.125240597038117, 0.10436538570987623, 0.11350485241074743, 0.07224590287183265, 0.13257817927994786, 0.10451538268177968, 0.13469848509738383], [0.12691110778261308, 0.0673552561461097, 0.0930271538497473, 0.121849528643293, 0.10461538121704983, 0.05573265283559718, 0.13887196219224276, 0.09106788954514983, 0.04990289819233004, 0.1506661695958624], [0.02997233518813503, 0.10302305617358104, 0.15373825889747528, 0.08124487179563267, 0.11727164831067523, 0.09716512377618439, 0.057830044882472564, 0.1011585781544257, 0.1365341681938293, 0.12206191462760083], [0.12654584207302028, 0.10005119976345622, 0.115637962990184, 0.06041266536614409, 0.10039450814558283, 0.10910758406583951, 0.13060888808779622, 0.10575406738320287, 0.0991302998421917, 0.052356982282589816], [0.1227557015326584, 0.023814400308300707, 0.10091063547037572, 0.10338890227074944, 0.12966444875776154, 0.10222029753563204, 0.11296774834794973, 0.08971726396927136, 0.11853669647826824, 0.09602390532903987]], [[0.13895669269324665, 0.10694472347557293, 0.12360814109496372, 0.08024172390222647, 0.05852093192167802, 0.08971762222984636, 0.13126529954865912, 0.0909038425861513, 0.10638932869800628, 0.07345169384964724], [0.11895710200533448, 0.08230726120798647, 0.0970578503533414, 0.0980055137547755, 0.1006137873471536, 0.1398194140169114, 0.04172738205674807, 0.09578144096617497, 0.12121562515144708, 0.10451462314013918], [0.12917323600414712, 0.16852224148655706, 0.09615967089578092, 0.1238774719685528, 0.1464364766245321, 0.1285309482397887, 0.036734080615419246, 0.05479721537548318, 0.08910295022390205, 0.026665708565815384], [0.13797687284365584, 0.11226849244357709, 0.11636688544298235, 0.06388024592476142, 0.0788036909459533, 0.08602740819559172, 0.10132052967322379, 0.10864112820983594, 0.07684471740119167, 0.11787002891923302], [0.13503022103145879, 0.07329175216099028, 0.04013421495524412, 0.0461519716282381, 0.11739735366530608, 0.1241548932718452, 0.07654994418846169, 0.13963485389676716, 0.10408223002045798, 0.14357256518123265], [0.07927513031616908, 0.06259519107632601, 0.04737046633791024, 0.12429388163959873, 0.10742352893098081, 0.142127932400235, 0.07725136504183429, 0.06885385427340567, 0.14165797015562734, 0.14915067982790362], [0.11919043235255977, 0.028962645372233385, 0.10861495977616338, 0.13002463484425256, 0.07775913351957829, 0.10725231137739502, 0.14445977174106556, 0.07684112943290575, 0.1009002794743494, 0.10599470210951698], [0.1293996072995371, 0.07767923733272727, 0.10858312196384494, 0.11885984030076055, 0.06785147334998784, 0.16386962383573953, 0.16132044171113955, 0.00946993407746078, 0.08771368589368256, 0.07525303423511326], [0.07344566481078708, 0.1493002372888756, 0.05909207173285633, 0.020624997404074544, 0.06106984366962514, 0.1263194837946876, 0.1132610172971605, 0.12228714711024627, 0.1370705947540699, 0.13752894213761854], [0.14865115936323403, 0.12889580751564067, 0.06527374287230216, 0.13415569733674299, 0.0762937684784, 0.13571262808996012, 0.10852193258124015, 0.09300831398637276, 0.08655102095744445, 0.022935928818680448], [0.12016899671562004, 0.10039468438238681, 0.1281692198780314, 0.10381020015774946, 0.1000373295728408, 0.052100942266487815, 0.08145849249455837, 0.06573460207055377, 0.14014662259389654, 0.10797890986788164], [0.10982936793889941, 0.1257258585613371, 0.06283747882972018, 0.10788925695804465, 0.09861938316714271, 0.09428327382849143, 0.11939788267436045, 0.05865813779146791, 0.11079880594506064, 0.11196055430546313], [0.035675933169618146, 0.11007040424830043, 0.09193784330479181, 0.1509005122416461, 0.10082058171976385, 0.12009182053985706, 0.144114661806423, 0.14280825543697367, 0.012419521879280188, 0.0911604656533353], [0.17234860822337428, 0.12946477013034172, 0.00543287387442545, 0.09253339071220114, 0.042918708804973775, 0.08917656236582949, 0.09720598336392677, 0.12163171534218065, 0.13168340032274928, 0.11760398685997885], [0.09207682834560384, 0.13075383070278604, 0.09646921673246193, 0.11548766047094541, 0.12242845978764404, 0.12493925840450343, 0.05339560660773171, 0.1010775368950485, 0.07663208917151296, 0.08673951288176174], [0.005410919945111726, 0.09875858885614147, 0.07382916153870682, 0.16565445044666574, 0.18275918502381797, 0.07737283768161057, 0.11006894780536186, 0.13858766852076404, 0.12472490270881371, 0.02283333747301527], [0.15679492251364252, 0.06423720284821578, 0.12285184341898304, 0.0428984641049978, 0.07178393685483267, 0.13833266574135109, 0.12968284744011108, 0.11542370262967122, 0.14462638801858882, 0.013368026429630916], [0.0756525522276938, 0.018358471926100406, 0.08335275802902399, 0.13772449980108567, 0.0710962351579572, 0.1112435867390084, 0.14581583677158366, 0.10413250492468763, 0.10984305994809083, 0.14278049447475397], [0.10036832224802891, 0.1478668695041488, 0.06411877953300148, 0.13592541932073637, 0.03796629780179722, 0.1043933185315269, 0.06409058998799506, 0.09116753449739073, 0.1438765775158326, 0.11022629105953351], [0.10928727087154139, 0.11446683355896646, 0.06224058721103996, 0.13699741982014677, 0.09171073268308381, 0.11777968769601437, 0.10326210684080683, 0.12359529389595691, 0.0652334605695047, 0.07542660685294335]], [[0.1004016251146791, 0.12121403568735527, 0.06332801524837758, 0.10797842134951599, 0.07122048099260844, 0.11833655131933354, 0.12472653174195912, 0.08050375679275087, 0.08790745733482777, 0.12438312441859538], [0.08932838255391445, 0.11000971227813745, 0.10614427661583734, 0.120640644809656, 0.10532573650247275, 0.04607506017989772, 0.11087981177877958, 0.138055379944652, 0.08333336047881972, 0.09020763485783262], [0.10045283048646673, 0.11742111143008627, 0.07149961303844876, 0.1177461418115883, 0.09395545164336326, 0.10738282523604493, 0.1002127650071777, 0.0811596207395558, 0.08940147633633393, 0.12076816427093193], [0.11876421321328359, 0.11339932050509081, 0.08737307271765773, 0.10797474099291862, 0.10337131936183028, 0.09313962096660877, 0.10986445988827603, 0.10348979405147875, 0.0760069524411986, 0.08661650586164556], [0.09487658388403652, 0.09473259851105621, 0.10403804496538312, 0.07934266441763264, 0.11281589589500177, 0.06384996985408281, 0.07506593941365249, 0.13850346032120994, 0.10661782804038905, 0.13015701469755525], [0.10563068057449726, 0.11115964969042048, 0.11138114589546713, 0.09098202520579499, 0.09564298986124066, 0.07504286213315346, 0.12187921315153484, 0.06464527658095241, 0.12876352899010238, 0.094872627916846], [0.08618305865739945, 0.06920927547247964, 0.1209426769079755, 0.0939249306615483, 0.1281124760019844, 0.10046051889221491, 0.0876869240693555, 0.13779971949697864, 0.09436347100426895, 0.08131694883581145], [0.11035798873733606, 0.11887733197359927, 0.10269166808986557, 0.08670138869827324, 0.10948596277699246, 0.1107248132783051, 0.11255900379659274, 0.10175169428964063, 0.09073238591730293, 0.05611776244208331], [0.08480093604003405, 0.12748839838598264, 0.026174242460123138, 0.06360612828304209, 0.06650011219054847, 0.12181862971988369, 0.12484337068441335, 0.14331140519642446, 0.14801930456586143, 0.09343747247368099], [0.07304013197470888, 0.1241739517915288, 0.14846897883699675, 0.09658203272694234, 0.13727680828546157, 0.07874162987671116, 0.07208580617662362, 0.1224649571395571, 0.12262313845081307, 0.024542564740664217], [0.11254132636287781, 0.05341855579329501, 0.10962534372493925, 0.03175467404192558, 0.09829408230066036, 0.11220385655026949, 0.12156119066365059, 0.13106094089076392, 0.12925811959900427, 0.10028191007260039], [0.09765700414492624, 0.11397987132154337, 0.07860364064640302, 0.010970538632976094, 0.1432055020823236, 0.11864091375320483, 0.10415330380690781, 0.0809695821043344, 0.10808402053455136, 0.14373562297282874], [0.11723980424869819, 0.13306009326290544, 0.07081399108300976, 0.12516721787117202, 0.10570058207045248, 0.07199997164439148, 0.10697001768734686, 0.07646664439056235, 0.10813823517433341, 0.08444344256713479], [0.06670471754602761, 0.08126789387291102, 0.09316575377173462, 0.11570468769816794, 0.09690041614899075, 0.0673063145307241, 0.10901713082783818, 0.10902092677402324, 0.14119594400061816, 0.11971621482896962], [0.10478021721241006, 0.0673497509793703, 0.14054491393795351, 0.09712556240183974, 0.08845505208063688, 0.10157870228279452, 0.11482955934251074, 0.10440472806133294, 0.09233259050426254, 0.08859892319688738], [0.13757488719180547, 0.10174360416743969, 0.10373952156282133, 0.08171387073395721, 0.11797164410739977, 0.1005990653030102, 0.10941073699587069, 0.10158705297385491, 0.08988997109599062, 0.05576964586783504], [0.07924000834291064, 0.056720456876917506, 0.07466121873782955, 0.11934113888996137, 0.12830889855164093, 0.10545169700560435, 0.10790389800681767, 0.051476581988217474, 0.14642802200423308, 0.1304680795958578], [0.11604512539801874, 0.1509959524992359, 0.15003126874104572, 0.09337313272127279, 0.08939238559306745, 0.047882918624219284, 0.026567224191056647, 0.07705454434966412, 0.15210807824400213, 0.09654936963841017], [0.12849972809997748, 0.052343452536538056, 0.11687882067289317, 0.11796112257588987, 0.1013452369404276, 0.10682041434441798, 0.09587735881153739, 0.10828524740500949, 0.11609547852379565, 0.0558931400895023], [0.1639330105737418, 0.11513556288492703, 0.037679512937573455, 0.08388842590978779, 0.04268762520270378, 0.14889869755234394, 0.06140827678812929, 0.12242694196990754, 0.10696751015588685, 0.11697443602499488]]], "bagging_alg3_list": [[[[[0.09129496357174186, 0.05099848038601874, 0.23080262264999632, 0.07148941022567758, 0.06894186053191172, 0.09154977908915825, 0.13858124883564787, 0.13742370205756918, 0.05985125231429568, 0.05906668033797694], [0.09174923277630313, 0.1420372532625486, 0.12798508697758965, 0.07343984050889006, 0.08560093880262469, 0.09906931699823422, 0.12208238028268824, 0.06957939461902823, 0.1143419848192898, 0.07411457095279841], [0.09908368206994213, 0.09706064812052337, 0.1235858217613399, 0.13498790687487042, 0.06621491665796073, 0.14537778826398648, 0.11467926329412663, 0.08014777958927617, 0.12136400341703857, 0.017498189950931678], [0.1407859649670536, 0.13206792482196753, 0.16159786880772453, 0.1044290808104007, 0.09289794747044061, 0.05671378819991422, 0.08348157489110784, 0.09859786062926833, 0.08298032517465383, 0.04644766422746561], [0.08233269394418606, 0.08950073338116903, 0.08758414052421286, 0.07358905135131805, 0.031194584028175754, 0.1505350238952022, 0.20248783430937814, 0.09844688509721276, 0.09679052133655629, 0.08753853213259631], [0.06409098521027887, 0.11978106840902282, 0.16995109503237246, 0.12448995705002448, 0.07432905649807346, 0.11436043894020315, 0.13371765282664025, 0.04081815407548035, 0.07220962657649159, 0.0862519653814202], [0.097345915133084, 0.10687324902705264, 0.09003093212421956, 0.09121526882955591, 0.11127300528344208, 0.06317064477583391, 0.14001333481904793, 0.11500839185856541, 0.13458481952589368, 0.0504844386232971], [0.07625129611438013, 0.17307472939089427, 0.04100435054856669, 0.05245981030056874, 0.11089056760422113, 0.09832164607299052, 0.1632589475754308, 0.1087355975078573, 0.06742636213627698, 0.10857669274881476], [0.05801537381026096, 0.1258841647500092, 0.09248706858504437, 0.11556683987374321, 0.1550950044503157, 0.11269088443076788, 0.057752652625926285, 0.1257191534321906, 0.08955141120570892, 0.06723744683603422], [0.0891992154251543, 0.10315339865995743, 0.10776982773435902, 0.09989905368130833, 0.07266630021518075, 0.08166830950099631, 0.1812817998033657, 0.0989725201426431, 0.11667829717381442, 0.048711277663258196], [0.10355089472958702, 0.1390627273049998, 0.117016609557025, 0.0361872607295155, 0.0874416690199041, 0.11210276163904699, 0.10290489454350467, 0.11501557781838241, 0.07108215910260234, 0.11563544555542761], [0.06472600943631686, 0.09729822014889736, 0.08662465837342054, 0.11808714242923937, 0.14010063917757798, 0.11030111206135729, 0.1095943065532308, 0.1431710202270306, 0.08818724753191, 0.04190964406102449], [0.09396726646840543, 0.08968900995510087, 0.08812829088233476, 0.1536564498065644, 0.05516166146157132, 0.09311439735380463, 0.0886450584370613, 0.1443884237473201, 0.07712360873620078, 0.11612583315163155], [0.08847653650816967, 0.11498678173865286, 0.0869481991920388, 0.0831127827706722, 0.045855294737674406, 0.08741096481150179, 0.11321039380261722, 0.167110618690793, 0.12261475196413138, 0.09027367578374662], [0.15198498586838669, 0.05669596488653536, 0.10584531607107645, 0.06204782837057269, 0.10346862594943966, 0.08403535290995862, 0.1631349885131252, 0.03803752789083087, 0.09087077583552966, 0.14387863370454526], [0.0855616214905075, 0.14864629591610468, 0.09288056988581568, 0.08402785277503136, 0.07795557623808139, 0.0820221993588968, 0.09339203714015493, 0.15972387515553516, 0.09662335676660624, 0.07916661527337306], [0.10310223120216162, 0.13296075273989616, 0.14392248391560689, 0.14696993421409446, 0.023394886867535398, 0.06580608187512674, 0.09309193296392354, 0.08950369535897641, 0.11061213388396593, 0.09063586697868635], [0.14365066356900905, 0.06536545292577688, 0.13632483307290644, 0.12471678012794105, 0.11970023868627612, 0.024981409050972167, 0.15355334579428573, 0.08262295073244508, 0.04874399989423666, 0.10034032614612168], [0.16661269131153347, 0.09375420407585092, 0.1548890003480473, 0.0448364086057387, 0.06607464875888262, 0.13241162889011904, 0.06775560244965656, 0.12451732742334284, 0.09593422459286562, 0.05321426354396055], [0.10366445122809881, 0.12342240184095879, 0.1261561417846751, 0.0709522481821812, 0.17956309272732277, 0.1034988406369367, 0.13107209239649292, 0.017064961349483446, 0.07839434553127048, 0.06621142432260015]], [[0.12706011619211022, 0.10537735020532488, 0.14470420522131075, 0.12404270784397785, 0.057796150370321354, 0.08139514562376686, 0.08240250689168234, 0.09693407481524158, 0.10550015898961813, 0.07478758384664365], [0.05637065434971042, 0.11713968416127728, 0.10063045558198253, 0.08105237345100486, 0.09390833538192563, 0.05594732259376841, 0.12192373253806729, 0.16367683326607224, 0.09449745253043841, 0.11485315614575903], [0.07784154704189301, 0.07313396555035723, 0.07720156738152366, 0.08138057564374265, 0.17855581616257377, 0.0822786361674008, 0.13649774477792995, 0.04873475102059289, 0.1370329832501073, 0.10734241300388307], [0.13757350791934675, 0.09828049718848327, 0.04192230765360508, 0.09315012917322735, 0.16901798280121658, 0.097680924040723, 0.03969229718675153, 0.11316392531342334, 0.07356422180026868, 0.13595420692296817], [0.1805265871045829, 0.11459985708343208, 0.14470566782088656, 0.08304483596084036, 0.07739681908204135, 0.043610397558145594, 0.08702332322234632, 0.12476078250700168, 0.0677224444365205, 0.07660928522419527], [0.0945183831581715, 0.0574562198393662, 0.09190616426882166, 0.11161651690124301, 0.1058901174067173, 0.06489991414697636, 0.1760076838270098, 0.12862712916530517, 0.08954293188625617, 0.07953493940012984], [0.16335659316743711, 0.08531180000162321, 0.09307748962231491, 0.07956471994120154, 0.09515324301755908, 0.06699160379172074, 0.2033502616642923, 0.062382968088567595, 0.05806085679726173, 0.0927504639080597], [0.1292733311761977, 0.06286265962730263, 0.11658517896406703, 0.08121774916018985, 0.07666731913539267, 0.05441167132486881, 0.12000078522764657, 0.1356584581381702, 0.11472161796496141, 0.10860122928119591], [0.14316989361548718, 0.0597821657657126, 0.07196901220510005, 0.15374122911551727, 0.09888707716976254, 0.12547972460829138, 0.06866943442145412, 0.0541036225820697, 0.1014142973527063, 0.12278354316391944], [0.07772157574257821, 0.1128327182419719, 0.082413034525834, 0.09044417624209461, 0.1222496262350406, 0.056886324823513516, 0.09116071177419283, 0.1267306665814197, 0.1436863249847446, 0.09587484084861006], [0.09825059297542288, 0.10722411607989293, 0.08388664649940493, 0.15188268526933177, 0.1224839453683961, 0.12095325798733535, 0.09281483370086514, 0.07837781820935723, 0.0998011596325496, 0.04432494427743668], [0.18268659763066253, 0.08743725268470658, 0.04796253003944807, 0.1614510339961456, 0.06619412298483841, 0.08691193399968851, 0.12143023009109093, 0.03645230253443223, 0.08901718981673601, 0.12045680622230223], [0.14096992178366963, 0.1098869999492979, 0.029167459040707666, 0.14015628098714886, 0.11563755459450324, 0.13861058281675204, 0.09265920649746735, 0.10053706793442407, 0.04749353873987355, 0.0848813876561526], [0.1192960332711456, 0.1121137723305748, 0.08092280358332549, 0.07697947475949271, 0.10246810463849752, 0.12308546207794424, 0.046074401774026975, 0.1929353097859275, 0.05736448274028573, 0.08876015503873595], [0.14876345563803886, 0.08580277499488916, 0.10319282615365503, 0.0748338875304042, 0.1219916461562166, 0.14125784182095297, 0.06366108013732076, 0.06684421162456645, 0.09896230497897901, 0.09468997096498155], [0.05705991961258795, 0.17163640687770687, 0.07214422888796146, 0.06926113140466528, 0.11134966229851123, 0.0709850347004454, 0.06200627897202566, 0.10239625713483977, 0.16045718891420183, 0.12270389119705415], [0.04256857350584949, 0.08571649435098383, 0.10338578251817274, 0.03298033839152264, 0.09206275994528548, 0.12429845915397396, 0.1468886182145416, 0.12362693074575767, 0.08922343611995392, 0.15924860705394334], [0.10183829838820013, 0.13882988951820607, 0.07230574010473219, 0.11288453192652641, 0.13301507217499314, 0.12340390142936643, 0.056964718650019126, 0.07080316717220776, 0.07305449323985115, 0.11690018739588963], [0.10564412490355835, 0.05438070455071818, 0.09780174373793807, 0.09865740475088414, 0.12398374286232364, 0.09454459533619784, 0.16603595976566768, 0.05081383277760415, 0.0959652070332365, 0.11217268428184861], [0.11326114740812723, 0.11351116218673618, 0.06953686010706946, 0.07851478345748197, 0.10804545732703971, 0.05955530142882422, 0.09374577699617523, 0.11434126039969009, 0.12236716172139038, 0.12712108896746846]], [[0.13726237396426996, 0.15072185623982234, 0.09112796219506966, 0.0509875961656625, 0.06708263483449961, 0.08996266156988855, 0.1420089528226301, 0.1209887479301945, 0.09156112205958379, 0.058296092218387725], [0.09810146438297332, 0.16048043705728374, 0.09199899391554824, 0.04899254878522219, 0.09631630879101102, 0.10141543126976742, 0.1052914406287936, 0.04514995953232155, 0.1583194372206727, 0.09393397841639835], [0.03795709805817431, 0.13190388193282893, 0.15392901371870102, 0.08398073161070531, 0.09381337318694384, 0.13883211999275408, 0.11377344606116421, 0.07850541461445225, 0.1016002766150672, 0.06570464420920427], [0.11065001034724518, 0.12767774146505134, 0.08393070115453304, 0.17416922518131875, 0.0533901881568975, 0.10113755134252025, 0.08739044089528107, 0.11666424597529901, 0.08176637612660814, 0.06322351935524109], [0.10195938742757357, 0.12005820485742141, 0.07657235842721405, 0.13073107146488513, 0.13556865221493872, 0.11104745007115802, 0.06299288468494725, 0.09590843511883496, 0.06406233894087045, 0.10109921679221459], [0.04224325923073469, 0.08782408439902505, 0.09212066384704416, 0.05933144452806523, 0.1099344871640672, 0.12291768024257958, 0.1891610662105725, 0.13865660334839935, 0.07971667625060247, 0.07809403477891498], [0.07269289553991705, 0.07077646540233075, 0.12457717898459214, 0.08760547148645542, 0.17099605941349563, 0.1058215849822879, 0.12376170714841969, 0.08731363179158862, 0.08768945915175906, 0.06876554609915318], [0.1640414007761375, 0.06081458943462571, 0.13883722128901368, 0.078655759625775, 0.041247724752490104, 0.11651890605349426, 0.10844981618050302, 0.05920446491300829, 0.15328201208053224, 0.0789481048944217], [0.10612281208517459, 0.06750925308899249, 0.06418558103091644, 0.10126711521449897, 0.07061552395835187, 0.06112484135113532, 0.12776495290615889, 0.1650145466531104, 0.12854368569187805, 0.10785168801978214], [0.0776259627046108, 0.1451131861220273, 0.12888099294668645, 0.08633489260891143, 0.038092613605910125, 0.16161245184482417, 0.09023652432462781, 0.10746783403459693, 0.07739944708660716, 0.08723609472120421], [0.05450800943549889, 0.11976280562733159, 0.08528773289485007, 0.16445496188727607, 0.09391039775056033, 0.04719479268472345, 0.13304867549919908, 0.11311406810363, 0.07003863183789327, 0.11867992427904156], [0.13129455354443575, 0.07373219466490324, 0.10514000921847041, 0.19556587632296918, 0.10493451849589878, 0.07034641451909895, 0.04618934271547148, 0.059036901298603554, 0.08960612972014423, 0.12415405950001605], [0.046222958282307935, 0.1154908434851335, 0.06826670933844184, 0.15600318820152784, 0.14717363938912964, 0.08216750963063084, 0.10267204852432216, 0.13090342351098894, 0.09750475558296734, 0.05359492405454067], [0.1722622684813938, 0.08731165829946588, 0.07587073899493743, 0.08644326383667793, 0.13287437514936437, 0.06702361817649459, 0.08804347147127826, 0.050892398019085135, 0.12507446902362152, 0.11420373854769672], [0.0923481423908643, 0.06919675385514355, 0.14550893703713055, 0.09321381593828866, 0.12043958237660378, 0.05696550145131219, 0.08849348593638744, 0.06941417412261433, 0.07501748689857932, 0.18940211999308523], [0.06668072240916537, 0.0707356724292072, 0.11428637898936207, 0.03590776006109705, 0.08409991072160769, 0.12201300291935471, 0.09189230050887168, 0.1622625849502112, 0.10629639242930539, 0.14582527458182246], [0.14083311408827537, 0.11810262096030509, 0.09880690526311887, 0.04014076403959754, 0.0852303594151508, 0.09240233551867515, 0.060673740860318376, 0.11936641406432622, 0.0966029688167616, 0.14784077697347273], [0.08893537535493864, 0.1604063037509284, 0.10086299159170838, 0.08109709945939889, 0.08177142187231866, 0.11190344361608033, 0.16059298163460556, 0.09349648739576354, 0.06771020547027909, 0.053223689853991014], [0.035414133342017554, 0.14978917119466287, 0.06025106912516925, 0.06694137510101598, 0.15350891776774359, 0.15178977492786966, 0.13203453742613436, 0.0786473850667822, 0.09113613076272224, 0.08048750528588133], [0.13637758070994202, 0.04412764219447087, 0.12904121101968022, 0.06668791204336229, 0.08395626665667243, 0.03845751205984286, 0.06842572997149475, 0.11426409641070152, 0.18800280838279915, 0.13065924055103045]], [[0.1734633701834606, 0.09001129876135945, 0.1182490129084059, 0.10456542271162485, 0.0861261457242098, 0.05537345786723793, 0.08670980140605915, 0.07679432685636113, 0.08527320368002915, 0.12343395990126438], [0.1627882861784703, 0.10841193279389272, 0.10812272739029585, 0.17507176105755592, 0.12157013821411804, 0.03044632916461602, 0.10163939576966524, 0.08475284864149084, 0.06744970809179178, 0.039746872697847685], [0.06667318328144375, 0.1702563154392594, 0.06278806320178847, 0.08906361572008385, 0.16978879286625237, 0.038903750628233764, 0.12143836205070832, 0.09858565281311268, 0.06707286273494738, 0.11542940126416604], [0.11073855135748048, 0.06335257234265085, 0.09342170816576303, 0.08571951653804807, 0.15361303654094396, 0.06966354008140842, 0.05749911133405964, 0.04848372724655765, 0.1717984366957794, 0.14570979969730166], [0.10458811964567306, 0.06073634056313333, 0.089474313971175, 0.1080780655480304, 0.08758754360909715, 0.04587362150347906, 0.11109921633566715, 0.16004864406560498, 0.13897490827484138, 0.09353922648330462], [0.12315426543608492, 0.14285282368166524, 0.12940654939618934, 0.06198974409924109, 0.0844552310704977, 0.042657492205429554, 0.07908823339537108, 0.10239494795711031, 0.130953596274065, 0.10304711648437162], [0.10033011896455314, 0.17333196621503805, 0.0773800832740866, 0.0982361530841597, 0.03438336955657786, 0.11818190989540711, 0.10352496544180455, 0.07634095624454247, 0.15444867065322107, 0.06384180667061724], [0.07458465881741169, 0.05456643836725653, 0.1321824740482465, 0.10536176029656819, 0.08375402889422931, 0.04298945352495899, 0.13692089652128783, 0.12003758544307211, 0.11847329256603222, 0.1311294115209373], [0.07786682164082866, 0.11282114692002504, 0.08541351202471244, 0.08169256771405592, 0.11968681134631019, 0.1326532009167682, 0.12359178698669905, 0.10079647531177525, 0.08607976721998074, 0.07939790991880621], [0.11611304454160341, 0.0998351698850624, 0.09298711716360797, 0.11747302112099131, 0.14531728112231093, 0.04958016877986748, 0.09238021343925426, 0.060525779270785986, 0.11548205711147617, 0.11030614756503505], [0.11141666163531912, 0.08086793299673821, 0.08575562073418129, 0.08329879500171918, 0.10979012314562667, 0.030972181907681758, 0.15061365554149486, 0.16254266882678203, 0.11550600684183843, 0.06923635336861546], [0.06758098301896394, 0.14662555413104203, 0.051979621290980035, 0.15782076549077334, 0.08686031362148237, 0.13401048539901939, 0.08991129619098474, 0.08974213579919971, 0.0875397795587347, 0.08792906549882426], [0.1046228747459137, 0.0953056653587393, 0.09520907434244724, 0.10656277091039261, 0.10566759502109878, 0.1737266780370714, 0.12987548252691, 0.08488371073623664, 0.041423309382944404, 0.06272283893825253], [0.14444364526269537, 0.12612205742247262, 0.10413230842810905, 0.08584805868264529, 0.07444732366179893, 0.09184697032552812, 0.12840795327825583, 0.023343473488737304, 0.16418218755320127, 0.05722602189653063], [0.07340239293144235, 0.06982085831874107, 0.09061592367979397, 0.11911520900402164, 0.16873291032317028, 0.14414604285649296, 0.07693414742122025, 0.1280506617493999, 0.044666375000494224, 0.08451547871522051], [0.08706178958922675, 0.08727051339917227, 0.15855412368108862, 0.10126773309062317, 0.09398853900565549, 0.0921939627930684, 0.13066711835017952, 0.057940435858519025, 0.0669567600436907, 0.12409902418876788], [0.13071913114119632, 0.11691462309640925, 0.10086759476244357, 0.0728262291503302, 0.0995379600805782, 0.08260022120550628, 0.16774235048920835, 0.04318522568036471, 0.10137912247185446, 0.08422754192210762], [0.16362223001262446, 0.04273189470558029, 0.17376346465166578, 0.13552393800596851, 0.053663590410989004, 0.06456496068902688, 0.06561182991028781, 0.07701755669379463, 0.14003054966042017, 0.08346998525973102], [0.15271089926762144, 0.06558502408571527, 0.08088268863273465, 0.09890375513679742, 0.17143204124246078, 0.0796636232243591, 0.07529163904077614, 0.08061904288782583, 0.11960839864731555, 0.07530288783437518], [0.13594120868051593, 0.09350061487563789, 0.09563785433645593, 0.09285349475802589, 0.07998178118164005, 0.06686539623024187, 0.09359260600514027, 0.08973637050116622, 0.14947388323448388, 0.10241679019669252]]]]], "bagging_alg4_list": [[[[[0.1226551591787037, 0.03913862092562155, 0.06790357779091938, 0.06731992147461874, 0.11976254048108347, 0.09899339996885649, 0.2228328715232114, 0.08635611877356675, 0.08894541904975768, 0.08609237083366722], [0.0976974805439841, 0.10464223422362497, 0.08158804417349336, 0.11129396750991076, 0.18042950998289767, 0.041949400962213126, 0.12263227319269832, 0.11920926251881542, 0.08509603172337439, 0.05546179516899278], [0.014157124539780214, 0.13142291936484232, 0.14167932593253577, 0.05047857453963124, 0.14949563179580724, 0.1055730637870318, 0.05291522106993664, 0.12613174618702896, 0.1108651203317409, 0.11728127245166974], [0.1297222628269055, 0.1258843641497013, 0.06635002049244917, 0.11188475188904307, 0.15955657398226517, 0.06181898656948664, 0.06746821462919027, 0.10873959622236475, 0.07259097486870408, 0.09598425436988517], [0.10979211206672278, 0.12356533351622044, 0.11848461156339711, 0.07445976427602614, 0.08080589679225608, 0.04993130782827437, 0.21386376017606587, 0.08699424443187263, 0.05877295818454398, 0.08333001116462505], [0.15648240868653182, 0.10941364765404664, 0.07406420182680888, 0.039031251171979246, 0.18646553526828527, 0.08199552870968055, 0.09999541475352434, 0.05753462493139411, 0.11974591257643848, 0.07527147442125008], [0.154205900372232, 0.030277704160527382, 0.083340549702714, 0.06687019537768918, 0.11018176625052348, 0.12588560324583004, 0.09094611458509615, 0.15904172087012292, 0.10746907103805778, 0.07178137439724089], [0.0550056175989955, 0.16263286752046283, 0.0963159966585246, 0.08405025661365059, 0.07631122897399693, 0.17459862425487205, 0.15507307812421495, 0.03229149625212268, 0.10096283545164644, 0.06275799855152642], [0.10903942712730649, 0.13545171700173247, 0.07283356323327753, 0.09708500510940477, 0.09174239440658724, 0.05201374870486323, 0.08092499218767124, 0.1123297545514367, 0.1444531442322682, 0.10412625344545988], [0.045022968372919726, 0.0753164721797203, 0.05848180731628173, 0.06343905624196487, 0.10103318331089153, 0.1123251502256158, 0.15204025984415287, 0.1381912215572481, 0.15746489221912355, 0.09668498873208699], [0.1120432399803527, 0.06875222374142642, 0.09853458294166269, 0.06624096087331519, 0.06708974165189749, 0.1962836551252802, 0.1369717958848155, 0.056176379166997796, 0.11693685013438065, 0.08097057049984349], [0.11600977965959124, 0.10586110697421626, 0.0904279664863261, 0.10529058347087684, 0.11494703439347881, 0.10171134199409995, 0.14775551667870576, 0.10312411052122351, 0.10726315279792566, 0.007609407023560019], [0.09969324857254099, 0.10258750619557586, 0.12278037254680509, 0.17063519989101222, 0.0928283484336025, 0.0819874076909836, 0.049191888951863764, 0.10543877600932787, 0.09293927853256032, 0.08191797317573668], [0.16442268673156285, 0.09547528924851843, 0.08474793825426838, 0.0907984632501495, 0.10163713565919112, 0.08721181870189744, 0.08756025547283884, 0.11368325827410035, 0.045786201143869776, 0.12867695326359008], [0.08368681198024132, 0.1627507644699994, 0.14388878101064292, 0.05161779550103703, 0.08980446965841367, 0.0679602505106407, 0.09680108540213403, 0.0735274429286464, 0.13560753167649325, 0.0943550668617589], [0.13231952192420054, 0.1685225910884222, 0.1037420506085226, 0.10912850969262895, 0.14300604207071402, 0.06954463834967028, 0.04579957224770316, 0.10786264423916647, 0.04604449747375281, 0.07402993230521547], [0.11848085021947186, 0.07591267687436667, 0.13846620229413723, 0.10943669444855342, 0.1228589203394935, 0.08043623648457586, 0.09513493393537184, 0.012166473341153564, 0.0876777572587858, 0.15942925480409928], [0.14138407788094617, 0.09779904993540746, 0.077782681090908, 0.07405261130896026, 0.07382534215315142, 0.10233754180479601, 0.15075622378268294, 0.08793037530105183, 0.06947749532925764, 0.12465460141283675], [0.18767215234292645, 0.04661996491374162, 0.1295393511537881, 0.059048950444654934, 0.08804052571634402, 0.1505919412936953, 0.0903869568544025, 0.07683072657803679, 0.10318734571040994, 0.06808208499200019], [0.07535701397478466, 0.07526125578469092, 0.0678809409066147, 0.1752486532457069, 0.09536638058684778, 0.10019620722344365, 0.10857363508617432, 0.07963186501644141, 0.07999253089330172, 0.142491517282005]], [[0.11463529937343203, 0.09583494342903874, 0.15010066666111424, 0.163428429446389, 0.06988401299333344, 0.10506488648144534, 0.11499371862745794, 0.044690494852395464, 0.08962097808192229, 0.051746570053468735], [0.15144685777452488, 0.036598160180861615, 0.12131285553463035, 0.09704433106080847, 0.07635914476697563, 0.15899650999066375, 0.11369847731296047, 0.08293553183315863, 0.081213434083603, 0.08039469746179732], [0.06909419315342064, 0.07486209066652948, 0.11794831006388862, 0.10349740491920217, 0.10959834244869403, 0.10314631821311965, 0.17484562525165956, 0.12513030635296382, 0.036490202413325984, 0.0853872065172051], [0.08409070127243444, 0.05162067173105934, 0.05268268788891856, 0.07252358125300747, 0.12410206672412986, 0.11090572911529845, 0.12348356388017703, 0.19324977018394784, 0.10837029467910458, 0.07897093327191622], [0.13923767753984545, 0.0816462252052061, 0.08366716320787916, 0.09275521112433409, 0.0957559113844718, 0.18017441921216337, 0.11742282132080276, 0.054542542167456805, 0.10387777624869558, 0.05092025258915118], [0.16738274109446954, 0.05470155447639115, 0.10970390506332145, 0.18725567294455847, 0.06764931799707394, 0.07951587637525026, 0.11113471264087921, 0.044636017943212244, 0.11686175839947903, 0.06115844306534361], [0.13596311560958732, 0.11343358134997791, 0.09013134132986257, 0.07093751852027465, 0.0993442182534049, 0.08952307287131525, 0.05719707572269686, 0.13081869550891312, 0.07863416831059697, 0.1340172125233875], [0.056816289903334136, 0.06887746826024385, 0.11880023079080697, 0.057705611624671395, 0.07990022467068487, 0.20457837109457847, 0.10548145538172203, 0.08661683742681144, 0.11058541455696147, 0.11063809629012998], [0.08154076242994003, 0.12512885269490684, 0.05270223451520381, 0.09729367429588642, 0.09158904498875609, 0.08315211391779025, 0.11935792541820393, 0.07377371826386205, 0.17002773328022522, 0.10543394019522682], [0.1229747747394221, 0.15368059222573935, 0.11438208322423589, 0.11951