{"SAA_list": [[[0.19583162741953591, 0.10760886656576168, 0.07666785219903093, 0.09600749125349615, 0.0010662039066926283, 0.12906534603994524, 0.1361571222122981, 0.05934443779898313, 0.09105548303865116, 0.10719556956561013], [0.10652330387142844, 0.1757211175106285, 0.050765858935958905, 0.17549581116643076, 0.11246354019560821, 0.12451493770528696, 0.04136392572846831, 0.05222414839535626, 0.09549936021975329, 0.06542799627107958], [0.0900734107581554, 0.12064165843851779, 0.0686924337677329, 0.13195847085847318, 0.17748258024965718, 0.12700065525294993, 0.0826663338106532, 0.0901567404031318, 0.09586512194812237, 0.015462594512618536], [0.07098068394651999, 0.11912992613691893, 0.13264058142192658, 0.08090068184919111, 0.1034573155735505, 0.1541893896573847, 0.013986108382091056, 0.09698223066179927, 0.1545309067333996, 0.07320217563721432], [0.10709122071707036, 0.10686312195063528, 0.10902284809744203, 0.09584112087473676, 0.14880690831155374, 0.04912421321753928, 0.05261569006335822, 0.10779184329236847, 0.11234253843308967, 0.11050049504219919], [0.046791544884950916, 0.07596220890548558, 0.06806552090770956, 0.13832105091801508, 0.1848919575363874, 0.09339894927339669, 0.16131098379738468, 0.11471104372523512, 0.07837884209001504, 0.038167897961419436], [0.12880737873111855, 0.08197839377696303, 0.11942294113887078, 0.11081726575798878, 0.056910617844589534, 0.0718595354236736, 0.12768636185650029, 0.1087364000112992, 0.16390160074394203, 0.029879504715034824], [0.05615434900622176, 0.038649624477174016, 0.18666225049975488, 0.06322681464922883, 0.12059300469483755, 0.08987441453274263, 0.12542496662216798, 0.08669223925677585, 0.10801081084667856, 0.12471152541440428], [0.1222878610314562, 0.05801570144374722, 0.142889748454381, 0.07367307493753092, 0.10757298440421152, 0.10789245485717973, 0.11395365924896246, 0.0968870843694947, 0.08613895726236293, 0.09068847399066], [0.15186077454834518, 0.1393502046115234, 0.08150599274040765, 0.07174934622689957, 0.08155300948479646, 0.14090841599360623, 0.10097726448637487, 0.10229172333644025, 0.06138258062561788, 0.06842068794596624], [0.0958693103553111, 0.04708231673816117, 0.10609155600857224, 0.07348440502772485, 0.1279522413544725, 0.18058255176099247, 0.10526002255371551, 0.03293026567901348, 0.11755818947732967, 0.1131891410447328], [0.12712126996344109, 0.1080221012596528, 0.19206637249308137, 0.1440595270869293, 0.09168901916352053, 0.13036275562851882, 0.032916246603805766, 0.07790954721653344, 0.0651462449639307, 0.03070691562059664], [0.10442068740295972, 0.1070188747550688, 0.08674813967083975, 0.16622194519673347, 0.06045866300427051, 0.053633761187305146, 0.0666888417980147, 0.17351018713459107, 0.10590114854861545, 0.0753977513015997], [0.17284491771152455, 0.142501093614802, 0.028483763098218363, 0.04755043632773543, 0.0688000114354509, 0.08799974435320812, 0.10562564074014053, 0.09669613621881948, 0.10567168556892352, 0.14382657093118406], [0.1604699735783682, 0.03653734289251566, 0.01954642872362468, 0.10838206599607605, 0.017298949909297447, 0.11312980789245866, 0.13981904672519427, 0.1427334676979369, 0.12029103613899775, 0.14179188044554192], [0.11400376721372833, 0.05934596044394438, 0.03547504983841116, 0.1194722954927496, 0.14134013538440404, 0.07421751113677744, 0.09290776568407152, 0.12409834138970277, 0.11902722693067251, 0.12011194648552322], [0.07317865378284051, 0.09113326211568545, 0.016029831914796337, 0.17560387290536655, 0.01288557655333465, 0.14751677870105756, 0.15195323099032307, 0.1036817307915371, 0.12929587795845238, 0.09872118428660562], [0.049884832771757974, 0.14981278529618852, 0.05901093391325386, 0.07023591640423764, 0.10277225533216888, 0.07618008545639338, 0.08787364778709543, 0.12798738283755726, 0.14848930228548832, 0.12775285791585636], [0.11574999585155202, 0.10930521250007748, 0.12326961140731986, 0.1218513572341051, 0.048709122493140425, 0.12841611229574862, 0.0458526652359044, 0.13152895307669, 0.10494523581402876, 0.07037173409143233], [0.08333475555422293, 0.12451597730308363, 0.12801228064378736, 0.15408672265632528, 0.018967422197880675, 0.10566955595511997, 0.1458701666369815, 0.06079065246704722, 0.08587699560485074, 0.0928754709807037]], [[0.03402628263965904, 0.0918537998740142, 0.14422190808032864, 0.09555397046339574, 0.09074035292878518, 0.09401655508668458, 0.14457221161538075, 0.11144187844420521, 0.06992806476335794, 0.12364497610417666], [0.17962904112994396, 0.049245590898046906, 0.059841040897443215, 0.09976691080222874, 0.1805287743301256, 0.12746167752935364, 0.1141735932439303, 0.07727991445786107, 0.021236594082836516, 0.09083686262823533], [0.15889988936082422, 0.12539329373113553, 0.08227519465966937, 0.1428254353861943, 0.05287336507137959, 0.08986146959311082, 0.07137947933080845, 0.06407615100125681, 0.08140764636883437, 0.13100807549678362], [0.11590702180379923, 0.12398638220858477, 0.026176994282511648, 0.11493730483522256, 0.1209382936117795, 0.07083528828578034, 0.1030646188341712, 0.12848182756078622, 0.11541143993960283, 0.08026082863775777], [0.05764022758479103, 0.0456964821969386, 0.13936370167876544, 0.1294619899887656, 0.02834320303297339, 0.09096922418484954, 0.09004077794827971, 0.15226196305116396, 0.13485520229635606, 0.1313672280371275], [0.011915116983223286, 0.053552071107178606, 0.1766109578956337, 0.07907676174486225, 0.18317036132571252, 0.09220489452996845, 0.10091240196148843, 0.11490325477793398, 0.11461215919246105, 0.07304202048153842], [0.0424951046136884, 0.09032243843041744, 0.06265475364202269, 0.1432453242723753, 0.1375480594423999, 0.1558013658558819, 0.13097500521219843, 0.08861462886299912, 0.10049036554972049, 0.047852954118309324], [0.10571321751649694, 0.08960254131065072, 0.14958964413025788, 0.08058005552935353, 0.15118982717606871, 0.0002924060254084112, 0.07540042843536242, 0.15132589457991422, 0.10953762651691656, 0.0867683587795796], [0.08705941273984587, 0.12685541752533513, 0.13528559588139796, 0.09921858228397831, 0.0786667257306467, 0.06505689466505393, 0.11888701382791197, 0.12425321872525291, 0.07874333954771705, 0.08597379907285277], [0.05551575091342985, 0.01746562451433069, 0.10495304343493897, 0.04509427679069157, 0.17272489584942188, 0.11637501297053715, 0.15077294352577883, 0.07121097849861353, 0.1368005564242983, 0.12908691707797024], [0.04936958492122269, 0.15009968184834535, 0.06985083803755286, 0.08876040618950502, 0.09349776200920011, 0.12270204380575288, 0.11343625746694926, 0.10003833464993694, 0.11887891669136413, 0.09336617438016966], [0.14088755123878013, 0.142015274478169, 0.0810671770895265, 0.10788694914824226, 0.10641970511343632, 0.09767091270540977, 0.09071076043850491, 0.10714362217103615, 0.059302486100110005, 0.06689556151677818], [0.033829184592025885, 0.1711914040466388, 0.11606585309160995, 0.0978486782982766, 0.062053207496598844, 0.08693617407177574, 0.05652467607628845, 0.12626541007527595, 0.10246190216654692, 0.14682351008496053], [0.14378460679001043, 0.007629168932261391, 0.15746847430889832, 0.0819382643838432, 0.14312384900117153, 0.026263076468610095, 0.12412653651295445, 0.15197346908318973, 0.027117699411383103, 0.13657485510768727], [0.08544180780295409, 0.07984552424376558, 0.10357383577719138, 0.14164063335063493, 0.08038423395794864, 0.14732126109215984, 0.0804450722834085, 0.13636015476387928, 0.03253186516975099, 0.11245561155830548], [0.1053215868125896, 0.024937772589583913, 0.07664238074477718, 0.1194156255049913, 0.10605574939262347, 0.11410443896180537, 0.07292733181144503, 0.13679416565865538, 0.10482634789775956, 0.13897460062576514], [0.12259771586763314, 0.06435295362813633, 0.09262484330947149, 0.11640678315536858, 0.10655305596121933, 0.05655691578936835, 0.13943135931126097, 0.09532078472957121, 0.05047872062263159, 0.15567686762534905], [0.028704789535589526, 0.09827257155525254, 0.15238751003885004, 0.07716921476270466, 0.11880641778287694, 0.0978921073517069, 0.05858829417489982, 0.10527980638353573, 0.13639259375087226, 0.12650669466370593], [0.12239427510568722, 0.09602492281695583, 0.11503517276501546, 0.05743419285635774, 0.10236325529639899, 0.11018817447248995, 0.13142266469216543, 0.10993581635186134, 0.09961255161535743, 0.05558897402770846], [0.11853846333280171, 0.022536300334729694, 0.10045661636206565, 0.09842136512227376, 0.13143427731749346, 0.10297387435408048, 0.11357909081137323, 0.09351489912374901, 0.11865968677679764, 0.09988542646464023]], [[0.13429337017184556, 0.10252639984179006, 0.12307427922604768, 0.0761505870998317, 0.060502222563144775, 0.0908556695564894, 0.1323598897425682, 0.09550440670109625, 0.10705556094502999, 0.07767761415215585], [0.11466058027565951, 0.07855357684648373, 0.0967101563817627, 0.09319973405397806, 0.10269737196805849, 0.14061236366060098, 0.04259649171909894, 0.1000712663396779, 0.121540036368889, 0.10935842238578884], [0.12503852271877913, 0.16240840148002342, 0.09659789263422999, 0.1183334215466371, 0.15018592442510303, 0.1306381752862498, 0.038054004180200184, 0.05901712317316106, 0.09048610498971603, 0.02924042956590417], [0.13318510854732438, 0.10752152294767067, 0.11566454777706484, 0.060502470205689135, 0.0808423716190489, 0.08705990049313764, 0.10222416390251166, 0.11295741198273994, 0.07754698696077003, 0.12249551556404402], [0.12929491086434644, 0.06928024710821917, 0.04011163560744193, 0.04313780538785135, 0.11912102951959998, 0.12457700632003123, 0.07757399069574013, 0.1441971139176392, 0.10422919734602563, 0.14847706323314042], [0.07585215885048455, 0.059237295451192454, 0.047387682528778015, 0.11781867988663555, 0.1094993309669422, 0.14286675576653984, 0.07826467104951887, 0.07282639712556885, 0.1417787395371366, 0.15446828883722027], [0.11453827422831257, 0.02729706480643315, 0.10794893297615887, 0.12358081928393831, 0.07995014604983505, 0.10812864341537816, 0.1451766180247537, 0.08125517978244015, 0.10139852832030033, 0.11072579311244474], [0.125081772561619, 0.07414913032018722, 0.10869551256973553, 0.11349631042736633, 0.07060499357957031, 0.16556357033417196, 0.16275486031236872, 0.010578202103747573, 0.08879730162834244, 0.0802783461628957], [0.07014228748016925, 0.14225412856072608, 0.05887177250503396, 0.019149080878772377, 0.06293650422261426, 0.12695985335898793, 0.11368167381364593, 0.12696670287163322, 0.13680135545478705, 0.14223664085362095], [0.14408549418298602, 0.12392135442520362, 0.06563848899494241, 0.12848530463747512, 0.0789879256194339, 0.13738694077090205, 0.11021444251494524, 0.09833083819889504, 0.08771318455659423, 0.025236026098626786], [0.11565155654374253, 0.09579634861172878, 0.12754369086520734, 0.09836146128597512, 0.10277469114670036, 0.05335003692855879, 0.08272172421669248, 0.06978022092198914, 0.14065108872190416, 0.11336918075751835], [0.10615899478756098, 0.1209242771307443, 0.06300001848550049, 0.1030428852587893, 0.10073181025030004, 0.09544908987054229, 0.12034958948284318, 0.06230844049886285, 0.11134380150328986, 0.11669109273156987], [0.03404396932497715, 0.10498595296534421, 0.09145401513608534, 0.1436335893593804, 0.10290054718074054, 0.12112032772854793, 0.14478591438133945, 0.14824454562826858, 0.012787329335939323, 0.09604380895938576], [0.1662014183057206, 0.1236646227069223, 0.005519003414820833, 0.08763481914473852, 0.04480016777850581, 0.09063672313230628, 0.09856141065020863, 0.12722560739656583, 0.13236594446491304, 0.12339028300529453], [0.0887107906983324, 0.12545142826051173, 0.09616623444254155, 0.11009544464418308, 0.12484986088411669, 0.12606778778175484, 0.05445458530709642, 0.10549392981976909, 0.0774045306118565, 0.0913054075498401], [0.005127285315925155, 0.09395051357778841, 0.07379397080302416, 0.15778836401335433, 0.18496609450863064, 0.07876381550452148, 0.11133801729632271, 0.14416641158051569, 0.12513995504553682, 0.024965572354394804], [0.15120489688542896, 0.06109341888376632, 0.12229260155328983, 0.040334762515489446, 0.07398347440405686, 0.1394999135761667, 0.13102631441211976, 0.12072136295485686, 0.14506696814437717, 0.014776286670451257], [0.0721650968036832, 0.01719373332773196, 0.08279874577508255, 0.13039427238172221, 0.07295733411875573, 0.11215724860644705, 0.1460363209467822, 0.10856226469920796, 0.1099931195648348, 0.14774186377574414], [0.0967965970124968, 0.14208137503313434, 0.06426885183351232, 0.12989366369682476, 0.03972370571636476, 0.10596392842450118, 0.06541459213011135, 0.09612934277806717, 0.14452190308864615, 0.11520604028633934], [0.10525623150593068, 0.109434180712939, 0.062422317635917, 0.13043761531666548, 0.09408974358462842, 0.11884199167909242, 0.10460828766066807, 0.1289581600039607, 0.06609987691410729, 0.07985159498608944]], [[0.0962761871974114, 0.1155617445676321, 0.06331946738345869, 0.10220935849926234, 0.07358609694299767, 0.1193772486035994, 0.12580176524079073, 0.08547424949795794, 0.08867442943162693, 0.12971945263525564], [0.08545448153714347, 0.1046133491704815, 0.10551772558042301, 0.11421094552660674, 0.10788014224920789, 0.047427990862635334, 0.11185821511479871, 0.1438095363601113, 0.08415890879426374, 0.09506870480433414], [0.09648165211900867, 0.11207985647265782, 0.07149784800225352, 0.11184909307508825, 0.09646131946709584, 0.10854171374987348, 0.10128200672300278, 0.08575902777874883, 0.09014682797018313, 0.1259006546420781], [0.11437062692048323, 0.10838238286036199, 0.08716163648639519, 0.10261692619725733, 0.10576989879761164, 0.09440329210385634, 0.11101616721357906, 0.10825819971029808, 0.07679888324151382, 0.09122198646863908], [0.09081031865952281, 0.08984981666391885, 0.10331553227995532, 0.07460911051795593, 0.11487972092224771, 0.06498945643075234, 0.07607302437731853, 0.14343372519494418, 0.10692438739503556, 0.13511490755834554], [0.10170493471313793, 0.10620313309490946, 0.11093536512231751, 0.08633680124402168, 0.09789709417227378, 0.07631159175974396, 0.12283805810971796, 0.0688332689936888, 0.12913794361676037, 0.09980180917342446], [0.08229284369796647, 0.06528200094828299, 0.1198508893153887, 0.08846491163493062, 0.1300742856567233, 0.10133626748379942, 0.08863563835187208, 0.1431406010298476, 0.09488007192190687, 0.0860424899592697], [0.10616441894853389, 0.11358231562932683, 0.10240209039770284, 0.08208959289267377, 0.1119681938380331, 0.11198296471245718, 0.11363405580812211, 0.10676768867672583, 0.09147808989620171, 0.05993058920022924], [0.08069804250984912, 0.12079583257730457, 0.02631748876958636, 0.05928602910094921, 0.06871306884310852, 0.12277665998461028, 0.12551690617620714, 0.14920555142182118, 0.14780370775009247, 0.09888671286647273], [0.06994973736085427, 0.11855828673060194, 0.1475407401222051, 0.09139966022700532, 0.1398371390365936, 0.08053459668593618, 0.07346667899298587, 0.12812617626708125, 0.12346618174971048, 0.027120802827018346], [0.1074245052930977, 0.0502192163229088, 0.10850247056672904, 0.029416582040791082, 0.10023918010323046, 0.11286245659220258, 0.1220014526830607, 0.13564146693648252, 0.12892857100174504, 0.10476409845975027], [0.09310741328588505, 0.1080548384878575, 0.07811527789863058, 0.01009825665438988, 0.14487300229890562, 0.11909468259786185, 0.10481018572537255, 0.08542931761230321, 0.10810052654016465, 0.14831649889862633], [0.11284137030081529, 0.12732997785101255, 0.07089277013745965, 0.11911861894471325, 0.10820879418842812, 0.07352700108101079, 0.10822667249744036, 0.08161552420920833, 0.10885042967864797, 0.08938884111126069], [0.06381172277478082, 0.07717809792289226, 0.09269110162562942, 0.10978603894737482, 0.09900562678642762, 0.068492831564517, 0.10981794461904831, 0.11370836955449377, 0.1410183754431185, 0.12448989076172194], [0.10025945128952271, 0.06356832925579069, 0.13920889261425776, 0.09147834357911691, 0.09086892330801773, 0.10268074368362975, 0.11586050523277294, 0.10960106304529353, 0.09285063469423419, 0.09362311329735566], [0.132489512906819, 0.09696478379206998, 0.10331382411323609, 0.07732963376348574, 0.12029018636832198, 0.10193200247533742, 0.11045152363541458, 0.10654940447198877, 0.090655867868814, 0.06002326060451339], [0.07553665260265624, 0.05334614280679301, 0.07452594139782455, 0.11253924320424379, 0.130600203757196, 0.1064596356586982, 0.10892088185531361, 0.05555270526264195, 0.14628023600138443, 0.13623835745325388], [0.11162324954594079, 0.14457271434587274, 0.1491665737402927, 0.08837829899339451, 0.09214646476366625, 0.0492356139268938, 0.027563242917791598, 0.08237795287534888, 0.1526581074105434, 0.10227778148025779], [0.12380028470815808, 0.04960512178765789, 0.11621733031209949, 0.1121767590811458, 0.10376742006006022, 0.10793451901907636, 0.09707753014638854, 0.11314006510611573, 0.11660393150090773, 0.059677038278382694], [0.15731561946751932, 0.10937397192265048, 0.03789348263516153, 0.07890613458505652, 0.044801416679108315, 0.14995809400269186, 0.06291803654801242, 0.1282842178214988, 0.10771115027885225, 0.12283787605943158]]], "bagging_alg3_list": [[[[[0.08922473923517167, 0.046686458234779134, 0.2307405899282589, 0.06792278707329592, 0.06927216697436346, 0.09254537644484258, 0.13994419082134504, 0.14296169300277212, 0.05992280638132829, 0.06077919190384174], [0.09024847310766043, 0.13884375897477091, 0.1275129010015107, 0.07179855713882574, 0.08688299172250642, 0.09949528971154618, 0.12348885519811358, 0.07149163846414071, 0.114145076119963, 0.07609245856095699], [0.09767288239133429, 0.0953411444996294, 0.12358366120491719, 0.13205794804982504, 0.06720752603457733, 0.14624663960367446, 0.11464452785627416, 0.08316539994667517, 0.12188844171776048, 0.018191828695327265], [0.1389719663644603, 0.12911810987962563, 0.16185883810213522, 0.10233481196324291, 0.09404135485835516, 0.056655770004468906, 0.0842123658426279, 0.10125501439609802, 0.08368936607025146, 0.04786240251873222], [0.08174488734421884, 0.08641135911685806, 0.08714035052810062, 0.06883928163741024, 0.031264004873324217, 0.15040135676370756, 0.20291985628622963, 0.1010962868157851, 0.0963546277448851, 0.09382798888947652], [0.06182814700554408, 0.11689074728555655, 0.1700304954138022, 0.12139582544185142, 0.07530722872043161, 0.11612340050130929, 0.13588521071255644, 0.04198174082383557, 0.07273520805838611, 0.08782199603673499], [0.0958426735784981, 0.10244906625716517, 0.08835470082033933, 0.08592336936048683, 0.11360256893125896, 0.06386853267076435, 0.1411122531554575, 0.11930459445580247, 0.136967761600438, 0.052574479169791015], [0.0699928321844529, 0.16451357996837462, 0.06790975666197571, 0.1647813916155443, 0.06958709333618285, 0.11524984792812298, 0.022795082885062354, 0.1043417407075654, 0.14362002500139462, 0.0772086497113222], [0.056382269567698935, 0.12294872749902747, 0.0922006377743099, 0.11308234343695453, 0.1567278691054752, 0.11253960185275516, 0.05792154523143719, 0.12917451324952822, 0.08997343014135127, 0.0690490621414675], [0.08535258579191253, 0.10071565379385453, 0.1078605014258174, 0.09697598128032894, 0.07388224765610805, 0.08225589838689677, 0.1811464723744131, 0.10167824698044299, 0.11725894356814842, 0.052873468742067824], [0.14998380683144313, 0.09146823287027295, 0.06202745418502723, 0.14710667297685512, 0.14406472734024922, 0.12255258823261718, 0.11176509367317118, 0.013517383019166163, 0.053016986330677224, 0.1044970545405179], [0.06355813394575575, 0.09501165271629412, 0.08519575916326286, 0.11512451970127591, 0.1421279461163289, 0.11103690142821551, 0.10979049648101072, 0.14667702888242376, 0.08853804041718373, 0.042939521148233566], [0.09221425873405407, 0.0874501234189845, 0.0871191134817565, 0.1494885793333348, 0.05575149080382568, 0.09399733683741313, 0.08943595055284269, 0.14698651483040157, 0.07834358980854059, 0.11921304219885369], [0.08381562882241014, 0.11076003919228203, 0.08714981574713276, 0.08142725172247699, 0.046350591912235374, 0.09079611418973753, 0.11344249598729504, 0.17092858270064282, 0.12278787719272896, 0.09254160253305657], [0.14577772426530386, 0.054857858103245616, 0.10522930697011176, 0.059919481887561236, 0.10441908273600398, 0.08439499375475006, 0.16607313317554673, 0.03990848373375755, 0.09190867921224337, 0.14751125616148464], [0.08380789880914595, 0.1455771750665324, 0.09260596856535047, 0.08193439495766587, 0.07832320209776844, 0.08235168238378492, 0.09379095531597627, 0.1624745921897771, 0.0966581166578024, 0.08247601395621897], [0.10029915746004785, 0.13077900513893984, 0.1435122150345618, 0.14404769081884308, 0.02503899782652965, 0.06628598524341335, 0.09350981933927834, 0.0920439079350278, 0.11164157294298967, 0.09284164826036358], [0.14029998538142519, 0.0636055729116529, 0.13513316399684586, 0.12092745112819014, 0.12045669467098487, 0.02499894060467172, 0.15560543744519367, 0.08618606586724156, 0.04887490744326225, 0.10391178055051155], [0.16382637143174653, 0.0913476110013148, 0.15458816329577107, 0.04332234314248339, 0.06744945084408299, 0.1329798927524246, 0.06777261673524357, 0.12689969895551464, 0.09673407982394623, 0.0550797720174789], [0.10148028598016727, 0.11904769400292022, 0.12589375742887227, 0.0677897459119192, 0.18292364669118857, 0.10383956356997782, 0.13190056763043415, 0.017786873210490287, 0.0794956145511663, 0.06984225102287292]], [[0.12457305324587171, 0.10204851312212972, 0.14531305968043992, 0.11932265249723278, 0.05859492620466106, 0.08292094599705079, 0.08271730398865967, 0.10125781305505319, 0.105789042261507, 0.07746268994739405], [0.06970544733820373, 0.11100355063832269, 0.03194134960449436, 0.07195361075471511, 0.12990592569860934, 0.1173618208522974, 0.10389807881339197, 0.09182115035840151, 0.11183077430868284, 0.16057829163288007], [0.07534673076643195, 0.06811346763284108, 0.0775879775513101, 0.07908530569259563, 0.1820060425282969, 0.08342779735884442, 0.13747983858750212, 0.04981471069074469, 0.1379042295770508, 0.10923389961435775], [0.13594754038058168, 0.16202858094012712, 0.12110709533999964, 0.1301890529685216, 0.04880364287361759, 0.1262621060581256, 0.08105909120261137, 0.07473910160160159, 0.0820708350974302, 0.037792953537376474], [0.17723739579010367, 0.11231435193084323, 0.14445477203897344, 0.0814883859161657, 0.07818328964062235, 0.04399482127611188, 0.088121594643554, 0.1273431889794152, 0.06801739117907274, 0.07884480860515168], [0.09316934007701075, 0.05518852506678732, 0.09191218958422298, 0.1083054159503895, 0.10649407009710231, 0.06518300808126605, 0.17589515927826058, 0.13306776904119394, 0.08965694769399844, 0.08112757512976591], [0.16066678473448878, 0.08355951627538928, 0.0934202133951201, 0.07618069793191112, 0.09642415687750754, 0.06816251386005642, 0.20394585912068713, 0.06456432063789162, 0.05814088444575315, 0.09493505272121643], [0.12654025711689848, 0.061318165212949687, 0.11591906186263408, 0.07923850810840136, 0.07751883540318155, 0.05464024134114608, 0.1201109598388337, 0.13797581031998596, 0.11513461152884762, 0.11160354926711322], [0.14101154174379946, 0.05810123228496472, 0.07187320480922399, 0.14979298932696675, 0.10000788050156519, 0.1251532421566428, 0.06903296166265864, 0.056864760034646224, 0.10131490662224442, 0.12684728085727248], [0.07546876009578592, 0.11025432128010158, 0.08097306536836361, 0.0874666750502544, 0.12261160865218271, 0.057209528404144505, 0.09139314777957629, 0.1291247995429454, 0.14446962292145438, 0.10102847090518957], [0.09573537460072552, 0.10443045801652867, 0.08329880661748369, 0.14866376364756054, 0.12398230266309529, 0.12217735609434538, 0.09486703266274306, 0.0815420850209993, 0.09988956495296, 0.04541325572356147], [0.17857625121968582, 0.08575042623056184, 0.0480495263393284, 0.15807512827129627, 0.06685491078216656, 0.08775279932066603, 0.12253319135317096, 0.03806701038638184, 0.09050253838601971, 0.1238382177107204], [0.13890085445278044, 0.10653295402885135, 0.029134739490395148, 0.13731814662224562, 0.11651089983621946, 0.13957142373371692, 0.0932502772331631, 0.10445365822188317, 0.04800349729799643, 0.08632354908278034], [0.1154990734657353, 0.10979301549538956, 0.08067790622862389, 0.0742999231770892, 0.10397447526084105, 0.12357792180967578, 0.046098030189826125, 0.19739251293475196, 0.057179716602760264, 0.09150742483530548], [0.14615728502341244, 0.0832487073688819, 0.10314891600319111, 0.07329367510454438, 0.1228300328636653, 0.14168600378803597, 0.06388683322787521, 0.06851162904911136, 0.09938706535435574, 0.0978498522169318], [0.053593563903248695, 0.16545793624680907, 0.07186433430024688, 0.06440252160970407, 0.11361321494599211, 0.07114325473576759, 0.0625951509503911, 0.1098329866993783, 0.15989882669662836, 0.12759820991183146], [0.04122582027514975, 0.08402383326831758, 0.10274718295092625, 0.03171159716602673, 0.09266180534139094, 0.12419938086730008, 0.14668535039721187, 0.12558122071606925, 0.0891852354409569, 0.1619785735766899], [0.09864139652139188, 0.1352335958289717, 0.07197098665077165, 0.1086244909853883, 0.13438877496133725, 0.1234205473081596, 0.05875084445299657, 0.07340863930519453, 0.07384589305143235, 0.1217148309343478], [0.10302422459585268, 0.052990208252376075, 0.09794431268004336, 0.09557676536111798, 0.1250124040350315, 0.09492519003729652, 0.16677795899449932, 0.0529417185792946, 0.09620916024198721, 0.11459805722249765], [0.1107966635229955, 0.11003425764735501, 0.06950793021434595, 0.07610372168319683, 0.1095684886676842, 0.05959050539994272, 0.09403424179046956, 0.11665215863247054, 0.12314474889365229, 0.13056728354789313]], [[0.1346305845389549, 0.14611022265361065, 0.09302030744829928, 0.04733570038767581, 0.06860397036239183, 0.09049973859316372, 0.1432682713600075, 0.1242228409624895, 0.09184913014544656, 0.06045923354795798], [0.09619616937261916, 0.15720342663794698, 0.0922748462735728, 0.04743439927943657, 0.09758974443128746, 0.1015052155942846, 0.10633898399637343, 0.046576798186393015, 0.15883842412286456, 0.09604199210522683], [0.03588199447784162, 0.12946059911886412, 0.1538165055478171, 0.08151156855333552, 0.09480865350899041, 0.13889693097694372, 0.11493254429084165, 0.08033536064596435, 0.10268186679330803, 0.06767397608609009], [0.03877647977530412, 0.07919098415211662, 0.09670433300515692, 0.06256159522124546, 0.15386174793951593, 0.1018996224747315, 0.1242363616308634, 0.12553815995005255, 0.08018196203989544, 0.13704875381110498], [0.09981371387282503, 0.11669231447365506, 0.07590305656437124, 0.12808307483921993, 0.1374934820051935, 0.11142483000503331, 0.06348554935392468, 0.09845625360654064, 0.06423266854955456, 0.10441505672968059], [0.04099301378948539, 0.08541385630251612, 0.09165598865863205, 0.05772118805815103, 0.1110581247573954, 0.12319689165271241, 0.18835100778994532, 0.14226984926366473, 0.07979340428828662, 0.0795466754392142], [0.09560878127427593, 0.09926277123406639, 0.11388660101074127, 0.1300904535255084, 0.14272255602529174, 0.10380934991888788, 0.0938993788176957, 0.0436662110081035, 0.053884953103597595, 0.12316894408183765], [0.14397856528219377, 0.08388372569141393, 0.12396082216559777, 0.03477217591890146, 0.0985104417234889, 0.06815104151242699, 0.12442889411459608, 0.04943008224084922, 0.11208349240287552, 0.16080075894763696], [0.10245585449981198, 0.06330694769995625, 0.06442073148095759, 0.09915812640451456, 0.07126686620199539, 0.06256867815744686, 0.12973544057158218, 0.1684895492842162, 0.12828665041764978, 0.11031115528186704], [0.0756162078594266, 0.14197420732441868, 0.12896057388694646, 0.08388538899196171, 0.03837152377889672, 0.1633370507836511, 0.09125703691714336, 0.1096838064498058, 0.07769486835924712, 0.08921933564849378], [0.053643474818389054, 0.11651408040004536, 0.08418688324102161, 0.15826360587511476, 0.09455689598402482, 0.04746705958956422, 0.1351609835402475, 0.11746789714497267, 0.07058039914620338, 0.12215872026041655], [0.1283589591111809, 0.07225938887371468, 0.10515912247459225, 0.19125115560764502, 0.10569051598596721, 0.07062822369988302, 0.04796099189615131, 0.06047512217787216, 0.09038333994599071, 0.12783318022701992], [0.04538590070574797, 0.11253866077922052, 0.0682880745388173, 0.1525174424859546, 0.14943625590011364, 0.08268222738587196, 0.10285317237673466, 0.1325748050708192, 0.0978008912468901, 0.05592256950984005], [0.16760799498426493, 0.08434634288724036, 0.07505556167369797, 0.08085980464856088, 0.13719662351973538, 0.06903978627076865, 0.09050971374927122, 0.05263993435778693, 0.12622041361644337, 0.11652382429225525], [0.09076322283132648, 0.06771810247132176, 0.14565039334903737, 0.08895104697777098, 0.12154954377284084, 0.05673488742985565, 0.08864358859023957, 0.07111613646103927, 0.0745120356640379, 0.19436104245254118], [0.06413286678823955, 0.06839305817968974, 0.11355186748374896, 0.034770648907812604, 0.0844686034691447, 0.12277507558574541, 0.09197312064809275, 0.16477378586427527, 0.10613908772945625, 0.1490218853437985], [0.13777717113007185, 0.11527085053543175, 0.09729951395276136, 0.03915139008169185, 0.08648691154063001, 0.09257678155106404, 0.06113065404965916, 0.12268432214002453, 0.09582857272731142, 0.1517938322913666], [0.02998087134596612, 0.11567315085819121, 0.1280854258553179, 0.07233561240747176, 0.06445642006884007, 0.10013709017809702, 0.09739372981535958, 0.12157647393269959, 0.11200307840789428, 0.1583581471301679], [0.0331304437143613, 0.14653722269497188, 0.059787657795252816, 0.06523649456301772, 0.15639554532673222, 0.15146920476026762, 0.13143256531757325, 0.08069583277957117, 0.0927558354068618, 0.08255919764139326], [0.13319128633293617, 0.0427175126415551, 0.12852457500051198, 0.06500365210075212, 0.08468588138645604, 0.038978485725612924, 0.06859246234440503, 0.11668029947350096, 0.18767701229267228, 0.1339488327015843]], [[0.16903053652588887, 0.08755789929051777, 0.118434560392677, 0.1002515852847764, 0.08869846997027733, 0.0558177702165826, 0.08722096577391655, 0.07955846822203481, 0.0864978583709611, 0.12693188595237528], [0.16010686824543968, 0.10539617793042302, 0.10777690201457259, 0.17090484316099283, 0.12315245187002853, 0.031189541500602776, 0.10241342384160208, 0.08904840573844904, 0.06765520596866592, 0.04235617972922916], [0.06558140443575956, 0.16683215771238014, 0.06306667321384933, 0.0869483344388941, 0.17077172401978966, 0.03898081201765198, 0.12201798717944098, 0.10019996093794085, 0.06736707330763572, 0.11823387273664694], [0.10770408145179536, 0.06077305163668201, 0.0938263673053672, 0.08166374669004306, 0.15600249979286532, 0.07016525601212407, 0.058141729190884, 0.04974094706220114, 0.1721969824949178, 0.1497853383631262], [0.10270383493041844, 0.059522770896649334, 0.08913357366203706, 0.10553489400535264, 0.08812290668862549, 0.04620205487226722, 0.1111704447739445, 0.16306770847170612, 0.1393170327126788, 0.09522477898631501], [0.1209470233652666, 0.137781534900113, 0.12876114887946433, 0.059983121634485236, 0.08526431693260968, 0.044320339717743566, 0.07824988158404284, 0.10775053943809748, 0.13147733409140183, 0.10546475945678147], [0.056814351883076764, 0.11133212917357874, 0.06806670818768605, 0.10958446553705033, 0.08165293980940093, 0.08489321052593715, 0.20309052766430513, 0.12012060909771796, 0.04738553505710006, 0.11705952306415784], [0.07322880865774041, 0.052734878742484094, 0.1322766987878751, 0.10147220107470062, 0.08467323792360255, 0.042650592853425, 0.13681108751506782, 0.12266781516780395, 0.11942490516094928, 0.13405977411634676], [0.07389714434400739, 0.11037565556735802, 0.08521396759312545, 0.07949277420063625, 0.12140385631285447, 0.1336785761751177, 0.1241019984384452, 0.10447201146341738, 0.08616585775150429, 0.08119815815352356], [0.11442609719881153, 0.09804209888471406, 0.09329447908899156, 0.113156262232258, 0.14746897324658456, 0.04969816589281351, 0.09327533210588275, 0.061830814772798184, 0.1153354246229053, 0.11347235195425476], [0.10952741080057816, 0.07885264377733385, 0.085749380800841, 0.08149778756326059, 0.11041013052283856, 0.0310442805480178, 0.1506063522146981, 0.16476760507923552, 0.11557242497762771, 0.07197198371557247], [0.06544375583716872, 0.1394915819959366, 0.052567191451396385, 0.15021598530052155, 0.09275585934378508, 0.1339186122686599, 0.09014508404086691, 0.0918517211117956, 0.09134508001847345, 0.09226512863139766], [0.1031264435211188, 0.09295139633185967, 0.09520140163107275, 0.10292792190126013, 0.10713685902667203, 0.17442160591349107, 0.13057057678828232, 0.08749472052006219, 0.0416023210095049, 0.06456675335668555], [0.14185833803545927, 0.12271665039736297, 0.10451594900643692, 0.08338780611043733, 0.07589671582350045, 0.09263283253519818, 0.131532968076456, 0.02438720926641747, 0.16431451447006623, 0.05875701627866717], [0.07234449018280922, 0.0683464526087752, 0.09043669460945927, 0.11637849925420932, 0.16983717326367068, 0.14402411352206124, 0.07741560314069712, 0.13030003166387186, 0.04453483713375981, 0.08638210462069104], [0.08353633176563804, 0.08359798004160612, 0.159537989727355, 0.09721869845434623, 0.09509360876705662, 0.09268425435543153, 0.13153772716645287, 0.06009189957175417, 0.06767724111931178, 0.1290242690310444], [0.12823032973208717, 0.11365331505158034, 0.10072902425682928, 0.07090788122310758, 0.1002289096729868, 0.08318722551847803, 0.17004978925785352, 0.04434586012043176, 0.10194481723295304, 0.08672284793369459], [0.16006722053838549, 0.04088668252801589, 0.17250606383608125, 0.13264588334350602, 0.05368671393390326, 0.06577792203334719, 0.06594374152688308, 0.08179042449669562, 0.1401982360644088, 0.08649711169876426], [0.1479063150891077, 0.06314483000923982, 0.08075801702593613, 0.09629110055203773, 0.1734736084837095, 0.08166468207252324, 0.07578553982529085, 0.08259288260205523, 0.12125962734009349, 0.077123397000031], [0.1288409899045206, 0.09133272943740281, 0.09620156529355788, 0.0903889084582406, 0.0822921070399907, 0.06666268554711154, 0.09450194260428965, 0.09293888193391753, 0.15043261215490344, 0.10640757762605106]]]]], "bagging_alg4_list": [[[[[0.11915565337706405, 0.03757657201349867, 0.06712256103812894, 0.06525213123304026, 0.12182177101027415, 0.09917396943494071, 0.22333493160006188, 0.08883112748781738, 0.0885713879991771, 0.08915989480602647], [0.09404504500905286, 0.10148046872808802, 0.0818405347495166, 0.10726389756602629, 0.18387417451782154, 0.042224463462352306, 0.12487513074148528, 0.12138567160432195, 0.08615838125693526, 0.05685223236437486], [0.013313173926998713, 0.12704082106478526, 0.14135568536165322, 0.04892967888668284, 0.15082604994401136, 0.10564075337813252, 0.05321944431011457, 0.1287771625447642, 0.1107261470066047, 0.12017108357622883], [0.12652752780206342, 0.12271008953587258, 0.06629692489029741, 0.10762461219162459, 0.1616120322009586, 0.06272966980131782, 0.06795356284437526, 0.11289672742519243, 0.0732831379827699, 0.09836571532552602], [0.10710312448256626, 0.12015356876747114, 0.11873185121379061, 0.07216174534145293, 0.08135947798524812, 0.0512845912001659, 0.21378703939673893, 0.09061921549841585, 0.05919512979190436, 0.08560425632224743], [0.15278374965828947, 0.10684389838276943, 0.07394546443366479, 0.03736189417246299, 0.18867089630098693, 0.0824878811922531, 0.10122425468966999, 0.058808385622977924, 0.12051351809634059, 0.07736005745059003], [0.14704431626632342, 0.026260356664630773, 0.08443484119373462, 0.06132862935489086, 0.11077518360169486, 0.12673813518798377, 0.09184378346882335, 0.16716810763378573, 0.10871750205621832, 0.07568914457192379], [0.05370367159005375, 0.15645707727249442, 0.09667974569124063, 0.08035457050225255, 0.07802605302689107, 0.17524551210696548, 0.1566110399779712, 0.033922117301333446, 0.10154637340919156, 0.06745383912160145], [0.10750738653533919, 0.13247528035588932, 0.07355216099535408, 0.09412238971756509, 0.09240353777202187, 0.05204032458657022, 0.08104216774415553, 0.11546159600203962, 0.14464240603774123, 0.10675275025332938], [0.04414208949136672, 0.07309778654986603, 0.05832501170682252, 0.0613020852268244, 0.10167091266384858, 0.11358888028066295, 0.15184473460516187, 0.14013742000646084, 0.15703323772090896, 0.09885784174809108], [0.08951434566649046, 0.09670546769085514, 0.09739165348873549, 0.06315286782328998, 0.06568062530328055, 0.14172550626226327, 0.1368338835186173, 0.14688663531072177, 0.1009545700020838, 0.06115444493367759], [0.11270946929185721, 0.10369467496651615, 0.09019807173318467, 0.09852702017396114, 0.1183165880870273, 0.10221749944855427, 0.14710868637021723, 0.10886068991153143, 0.10789821465213817, 0.010469085365044383], [0.09843876548929628, 0.10004808199138743, 0.12124202054974292, 0.16718931646409743, 0.09373694100014741, 0.08235989281545326, 0.04957986707877262, 0.10889662373565662, 0.09340259789624093, 0.08510589297918783], [0.16201226835870072, 0.09347709488448258, 0.08474758100911976, 0.08633170220575631, 0.10314131168143803, 0.08823700772185311, 0.08762926068830638, 0.11636068426752236, 0.04657404203040538, 0.1314890471524029], [0.08056581801559273, 0.1583760085257221, 0.14234118425068706, 0.050326098330393705, 0.09103217556563825, 0.0679103805685517, 0.09635956821144584, 0.07793620482892785, 0.13605517007857476, 0.09909739162447519], [0.12723397258115632, 0.16525618969014952, 0.10385798384988414, 0.10651349906620954, 0.1472333342978827, 0.07042937089188984, 0.046230777197194546, 0.11022549048436779, 0.04666499038088866, 0.07635439156037796], [0.1158820792162864, 0.07312002538388347, 0.13820305124980417, 0.10628393931783897, 0.12433448076781353, 0.08051844497078792, 0.09564710648545278, 0.013317147903389503, 0.08867486442325846, 0.16401886028147863], [0.13948647535305428, 0.09589785975041432, 0.07795185670141397, 0.07214470686898536, 0.07448714541809644, 0.10278837717031002, 0.1505006860055051, 0.08981327257321528, 0.06964723978600156, 0.12728238037300083], [0.1825238568660182, 0.045896975276921395, 0.12902141739649742, 0.05718965375204204, 0.08911186331901723, 0.15041922517428546, 0.09074664062251511, 0.07874760520924988, 0.10280333408967603, 0.07353942829377078], [0.07337831455003606, 0.07382175373144712, 0.0677899495489547, 0.1708280186511098, 0.0965452912519307, 0.10054375260980586, 0.10899563055571423, 0.08135958051613726, 0.07998088755749254, 0.14675682102736823]], [[0.11270296723901872, 0.09366172405618145, 0.14997663468914388, 0.1572639982030173, 0.07224734342928939, 0.10681244779734549, 0.11593675644737188, 0.046101068890209956, 0.09043496116008669, 0.05486209808832928], [0.1488530625069868, 0.03570102728331462, 0.12128597434068615, 0.09500153514041287, 0.07741612354189047, 0.15992315058956033, 0.11425957025017615, 0.08472410411323154, 0.08107548941306975, 0.08175996282068379], [0.06680177909862493, 0.07344319001332118, 0.11775632526823132, 0.1009059825636591, 0.11041049502752612, 0.10482027267831796, 0.17509978190487857, 0.12743015427442547, 0.036413886845710806, 0.0869181323252998], [0.08209493916964243, 0.050070801287617185, 0.05239608213345793, 0.06992743908807389, 0.12483928456047945, 0.1108927760590893, 0.12418480519747657, 0.19593227699619128, 0.10831265969339311, 0.08134893581462035], [0.13697493254961682, 0.07955912486736412, 0.08422578043818306, 0.089985121717884, 0.09718003045330853, 0.18064918698671772, 0.11853782493987328, 0.05618820954998627, 0.10448542039913719, 0.052214368097929], [0.16550889316800424, 0.05378819497035845, 0.11005121328301336, 0.1838133985099876, 0.06837300182847929, 0.08013190689721834, 0.11166954597853594, 0.04597113999605542, 0.1177743734720818, 0.06291833189626575], [0.13196801787896376, 0.10935661768445155, 0.089818444676232, 0.06977817337382328, 0.101262083111296, 0.09021930304418185, 0.05808109299297648, 0.13361982791231, 0.07898656930524142, 0.13690987002053273], [0.05595473241633934, 0.06535571152482793, 0.11710556907039024, 0.05501307929977275, 0.08049908615076692, 0.2045179224119033, 0.10532102965077432, 0.09204640940347, 0.11181029443449732, 0.11237616563728882], [0.02029630865074935, 0.12832732442558448, 0.08769369608303659, 0.09109352801985812, 0.15766919105823385, 0.08428353002539209, 0.07009959146324748, 0.13188146772698656, 0.16096687454797418, 0.06768848799892833], [0.11928813935325601, 0.15034094152021044, 0.11962966635341832, 0.11040530017745433, 0.06