{"SAA_list": [[[0.20131002732307976, 0.11158556345041114, 0.07658751369824832, 0.09913805722202891, 0.0009753956693906814, 0.12512428074190626, 0.13070506385567682, 0.0565156388001512, 0.09381359145011521, 0.10424486778900002], [0.10939128104835505, 0.18120587260439072, 0.050622197876083165, 0.18010541346723122, 0.10866067067658637, 0.1205204717798538, 0.03887193160413601, 0.04956282568491075, 0.09792666142407562, 0.06313267383437247], [0.09278673770813166, 0.12491150573159024, 0.0688763081596617, 0.13587469048392, 0.17369235662309304, 0.12400968010518505, 0.07913203344971265, 0.08736193128292878, 0.09859668233008173, 0.014758074125691958], [0.07346217154185863, 0.12332737828471957, 0.13326627460910145, 0.08381517705316546, 0.09971884799697506, 0.1504774421798252, 0.012978282657006431, 0.09325453727745109, 0.1588678518373134, 0.07083203656258766], [0.11023360456106007, 0.11074351040294368, 0.10958750850873654, 0.09894267667603027, 0.14539732223905477, 0.04716918940429297, 0.04997397603853432, 0.10439529857915357, 0.11539192893322237, 0.1081649846569601], [0.04858642070422823, 0.0792932555293807, 0.06851702720601156, 0.1430788921083761, 0.18176903213337545, 0.09141267669094195, 0.15759604906430366, 0.11179837761532224, 0.08106858780727395, 0.03687968114080943], [0.1322786446047941, 0.084941352541816, 0.11992626169396223, 0.11405980638912204, 0.05450114546169017, 0.06938280186581008, 0.12324737026160236, 0.10513190200874942, 0.16797437405717278, 0.02855634111526566], [0.05870025732128319, 0.040786335565283646, 0.18926235512869952, 0.06633007136404849, 0.11757027413468851, 0.08677670068102696, 0.1219171687457275, 0.08406917714689564, 0.11193140551506883, 0.12265625439726129], [0.12599616432476338, 0.06052870232469628, 0.14423806638017667, 0.07630534284940704, 0.10508025413380821, 0.10556024892212057, 0.11070003420798608, 0.09401860401735655, 0.08887482400484852, 0.08869775883485025], [0.15642703912356246, 0.14485675918451513, 0.08207331521575496, 0.07449608568592186, 0.07872275418285368, 0.13743669008128895, 0.09718754858829612, 0.09879181502277447, 0.06353452692467518, 0.0664734659903583], [0.09919331816459712, 0.049256819222012964, 0.10710899676280587, 0.07644883883043746, 0.12468361304239307, 0.177421835534576, 0.10183932586804961, 0.03124303629389786, 0.12155643638631851, 0.11124777989492902], [0.13049808549735276, 0.1117883026925099, 0.1927406291610019, 0.1479728800642903, 0.08833920960679736, 0.12670408357387988, 0.03104709024326425, 0.07464624585451056, 0.06696101875818539, 0.02930245454819656], [0.10731336555822348, 0.11063632048093373, 0.08703340343092035, 0.17077848045866204, 0.05819833028828905, 0.051495089681461124, 0.06364748021313353, 0.16886545728502458, 0.10863963451523283, 0.07339243808810571], [0.178152797648608, 0.14790683460320508, 0.028528207036441544, 0.04940667215629908, 0.06629893081870952, 0.08523574721214412, 0.10135355215344143, 0.09291527541747319, 0.10897637740835228, 0.1412256055453219], [0.1651858406404156, 0.03817016474826063, 0.019497586883512406, 0.11202183963659101, 0.01635899451645112, 0.11048717179357473, 0.13593767082327207, 0.13913577536213348, 0.12382735789809758, 0.1393775976976955], [0.1173649702822542, 0.06186602725939388, 0.03556817490538535, 0.12330240737642993, 0.13835126328108865, 0.07203270226781514, 0.08980688297787556, 0.12103305823837447, 0.1225368749513358, 0.1181376384600409], [0.07570255712921135, 0.0949007827120068, 0.015946124703340094, 0.18093036163790788, 0.012059421891816581, 0.1439996989642425, 0.1472158869300293, 0.10013145547997607, 0.1329254199755055, 0.09618829057597744], [0.051627739049511685, 0.15522400916732246, 0.059208407375573764, 0.07276414050021636, 0.09975115922742293, 0.07402291733925688, 0.08467775085898735, 0.12457525268195842, 0.1527885722055625, 0.12536005159419464], [0.11915241244114073, 0.11324424462055468, 0.12375013308923036, 0.12543163018911094, 0.04650323027413465, 0.1248321303244428, 0.04340297378272095, 0.12746656121162728, 0.10789822059659326, 0.06831846347044024], [0.08571693335439122, 0.12862350239570994, 0.1284359051679479, 0.15817506204906298, 0.017892580726396882, 0.10273749128265532, 0.14140056757823571, 0.058322423578240475, 0.08811647009391763, 0.09057906377341828]], [[0.03560065158640241, 0.09620039185406243, 0.1459687197525683, 0.09954670734115774, 0.08796665128016823, 0.09131621398282268, 0.14078831963779787, 0.10826893554659581, 0.0728010448183447, 0.12154236420008105], [0.18674722101719027, 0.05206157153127589, 0.06029123183730843, 0.104298530586794, 0.17707145312537487, 0.12420178827897956, 0.11044217627486548, 0.07405217330057706, 0.02229319758758205, 0.08854065646003795], [0.16336504577997987, 0.1299785281528186, 0.0822488483975755, 0.14742915983115062, 0.050313304830309276, 0.08656422156682445, 0.06741051562781525, 0.060974550571500134, 0.08384329450370566, 0.1278725307383228], [0.11970888733942735, 0.12890977277210122, 0.026172969764689576, 0.11896314711412902, 0.11762272735748384, 0.0681144354607994, 0.09922812892882692, 0.12450316556305904, 0.11899849556049515, 0.07777827013899956], [0.06003908623627446, 0.04820888904042049, 0.14074758230806889, 0.1344167460152999, 0.02665268558253255, 0.08777853367990354, 0.08594473147667371, 0.14795217207813957, 0.1395665961260298, 0.12869297745664524], [0.01255835620998317, 0.056827288357112905, 0.1794689612667918, 0.08301330017452851, 0.17981708219727582, 0.0893957167748009, 0.09699728651373848, 0.11148290551379546, 0.11940600842077399, 0.071033094571201], [0.04431431073886531, 0.0944619745182556, 0.06296072309962923, 0.14868520444373362, 0.13414491708294973, 0.15262697538587458, 0.1269472785812396, 0.08558426316878093, 0.10405123371089313, 0.04622311926978123], [0.10904778838571114, 0.09324707676016059, 0.15053143657219195, 0.08355866827431105, 0.14719188001248806, 0.0002651712681561205, 0.07204105823165785, 0.14704164810095297, 0.11290876643759852, 0.08416650595677044], [0.09012128261243976, 0.13199344322101866, 0.1363578778131509, 0.10295861017311811, 0.07561151616681608, 0.0625433786416704, 0.1146924878858035, 0.12042326185625712, 0.08149125872866955, 0.08380688290105721], [0.058187468751981435, 0.01862874899696851, 0.10636733086455724, 0.0475060766400535, 0.1698760309594329, 0.11393677491861251, 0.1471850326238393, 0.06859673456872348, 0.1424094817883986, 0.12730631988741192], [0.05126296245017, 0.15602536724214203, 0.07023846999392112, 0.09224111745063304, 0.09042545261523473, 0.11976410328587145, 0.10961473063491922, 0.09660473830261729, 0.12280620476177734, 0.09101685326271763], [0.14564436960322177, 0.14781371669299245, 0.08139269233608676, 0.11211063642506061, 0.10293645221687078, 0.09454419083544773, 0.08625004968588254, 0.10341614257034835, 0.06150765144372332, 0.06438409819036828], [0.03520238668191242, 0.17774032783102575, 0.11676252918645037, 0.10163347044440631, 0.05941643038795392, 0.08380193780357338, 0.05329593556368849, 0.12220030738810625, 0.10583165956723116, 0.14411501514565903], [0.15011972630006312, 0.008194869547878769, 0.16000443803749462, 0.08609212266346135, 0.13996514035946958, 0.02488459307653261, 0.11977531787560575, 0.14817728092549362, 0.02853290315055718, 0.13425360806344744], [0.08891169237324537, 0.0837778261949489, 0.10450837214804197, 0.14707439217086993, 0.0774023271325727, 0.14417139882749014, 0.07726820838645398, 0.13282655804879384, 0.033953304267225, 0.1101059204503489], [0.10929122764476708, 0.026405769911147632, 0.07727654564907192, 0.12410271818277796, 0.10306344241154175, 0.1112507456574548, 0.06988854426869744, 0.13323947702687286, 0.10875103171011469, 0.1367304975375512], [0.12697895843561638, 0.0675070828936977, 0.09340667885852176, 0.12096158361806778, 0.10352070459969283, 0.054531210618148376, 0.13548481770783938, 0.0918952545343832, 0.05252220650069644, 0.15319150223335032], [0.02993593173460417, 0.10294229885350573, 0.15379189550441313, 0.08030577049375873, 0.11575347258617183, 0.09508932781211767, 0.05572919627361639, 0.10167326875806686, 0.14089396080549096, 0.12388487717824608], [0.12664136596663378, 0.10024487379301407, 0.11603365938411112, 0.059875190763806076, 0.09932665191154827, 0.1071870776268681, 0.12742385153264768, 0.10656339816054956, 0.10303850419140846, 0.05366542666940344], [0.12274860780471117, 0.023885009282173016, 0.10127279154630221, 0.1024870691958129, 0.12831628815891546, 0.10032477089769203, 0.1099480617110706, 0.09041002440728416, 0.12280473095018354, 0.09780264604585176]], [[0.13890100340739212, 0.1070455936419203, 0.1239703031272934, 0.07941055056753346, 0.05765860364772855, 0.08782665858008228, 0.12762249415179086, 0.0916482999558048, 0.11079369706484919, 0.07512279585561356], [0.11875811349551402, 0.08230212493330764, 0.09726704198502623, 0.096925306734051, 0.09922314911215947, 0.13710056273429566, 0.04003399173372303, 0.09636451751916975, 0.12559236859124803, 0.10643282316149562], [0.1293041583466549, 0.16881258592109197, 0.09664603929454543, 0.12278256403629989, 0.14478937803853661, 0.12603199838887014, 0.03507363967541916, 0.055463751141774174, 0.09352712237465471, 0.027568762782159653], [0.13786262697962753, 0.11232163308447422, 0.11665720312515226, 0.06318112378518011, 0.07772557907062286, 0.08418499009475108, 0.09831524596329116, 0.10934054244564298, 0.08050972895073648, 0.11990132650052825], [0.13485884539082757, 0.07332799762856426, 0.04035245785915051, 0.04552072762948164, 0.11578646951885525, 0.12151942432818318, 0.07354679264286161, 0.14040901487816534, 0.10868893667678899, 0.14598933344712653], [0.07920547336848373, 0.06264702279855074, 0.04756939579478582, 0.12294860765988759, 0.10591893249008298, 0.13921255168048832, 0.07440731642363776, 0.06943737093057628, 0.147097580117636, 0.15155574873587396], [0.11926429189945856, 0.02907353225119842, 0.10906061909403143, 0.12895217284534644, 0.07668504149860023, 0.10514315275832051, 0.14048206549738523, 0.07765033237228307, 0.10549943307342813, 0.10818935870997239], [0.12973256883753748, 0.07804898719161851, 0.1093066198553936, 0.11807928917524944, 0.06696273207821286, 0.16129066350152158, 0.15745347662687884, 0.009654644558176077, 0.09212501501155099, 0.07734600316385824], [0.07331575239068457, 0.14912756465741328, 0.05927612421173206, 0.020284052943766284, 0.06000016264899477, 0.12349503024276302, 0.10963467226356138, 0.12296976167766424, 0.1421926665694145, 0.13970421239400801], [0.14891916642767533, 0.12930710575609466, 0.06572506374988145, 0.13325128504374895, 0.07534333054026467, 0.13343945409998575, 0.10538221102043473, 0.0940057041433501, 0.09084993410474869, 0.02377674511379776], [0.11988780337555399, 0.1003024812851953, 0.1282818561986906, 0.10249681421658813, 0.09841709569943123, 0.0505492121281634, 0.07843529774485787, 0.06622625123942778, 0.1453956704839264, 0.11000751762815986], [0.10982429268158364, 0.1258294407241208, 0.06313765881688228, 0.10692247683410094, 0.09745036716630864, 0.09242557673681671, 0.11625219497417714, 0.059236003202609196, 0.11495927175789145, 0.1139627171055096], [0.035866339960451694, 0.1106931812266489, 0.09268705814095556, 0.15026757892690326, 0.09997640866793989, 0.11815659703450418, 0.1407744290622302, 0.14444185781498944, 0.013497166303979666, 0.09363938286140809], [0.17193509346099667, 0.129355480636318, 0.0054706645120900545, 0.09138126590789643, 0.04207215753335993, 0.08688662257489665, 0.09371090954514494, 0.12233699769913392, 0.13701813434033547, 0.11983267378983418], [0.0921088476485559, 0.130870447781491, 0.09680739301956706, 0.11445939797353824, 0.12101007189067538, 0.12258973147921502, 0.0514010354932163, 0.1018433767407794, 0.08029721249282032, 0.08861248548013814], [0.00542733582143828, 0.09906465725933072, 0.0743229032252888, 0.16450071827511908, 0.1810169548001841, 0.07548637567308161, 0.10652062007823919, 0.1398148628338021, 0.1301817445082334, 0.02366382752529525], [0.15687422641251103, 0.0644137364956676, 0.12335563385200815, 0.042391330578478874, 0.07078267742024404, 0.1357702317160587, 0.1258182573143781, 0.11641523901067323, 0.15029419887291048, 0.013884468327085968], [0.07569852882770514, 0.01842695735810476, 0.08372046846377566, 0.13649249646948938, 0.07002845298572423, 0.1087540654711456, 0.1417294822059143, 0.10497866012606188, 0.11479094674433316, 0.14537994134774407], [0.10015850871292191, 0.14765365843906952, 0.06427023885571612, 0.13446319459604944, 0.03723058732066711, 0.10194053604464655, 0.06158038654892395, 0.09174873128212785, 0.14891640281419452, 0.11203775538567956], [0.1094441361501248, 0.11477752760470791, 0.06267073263810753, 0.13595570801447113, 0.09061038194827423, 0.1156649277130801, 0.10002199091102837, 0.12470012512542789, 0.06883401024064933, 0.07732045965411695]], [[0.10045385219711271, 0.12140093488607356, 0.06368095846271991, 0.1069278285633155, 0.07013693717165875, 0.11590754147123083, 0.12084559857337136, 0.08137391603196018, 0.09241220826847016, 0.12686022437408265], [0.08930862425622356, 0.11009727135896488, 0.1064852320247592, 0.1193991261038939, 0.10379974552807872, 0.04458381269449498, 0.10723342011700863, 0.13903203773181025, 0.08781419519470586, 0.09224653499006875], [0.10046122536737248, 0.11755327902676867, 0.07186184508383309, 0.11664499383646063, 0.09263176232208101, 0.10507034505941999, 0.09696700605553289, 0.08192442526652248, 0.09379035133567216, 0.12309476664634694], [0.11884270452438235, 0.11361728375089204, 0.08779848724909245, 0.10705048289187342, 0.10211549092435196, 0.09114334724505621, 0.10655445178830504, 0.1043789988780003, 0.0799018479218775, 0.08859690482615969], [0.094696102197759, 0.09470204199482253, 0.10425304214104349, 0.07828618425701343, 0.11115140448512, 0.062012564441422315, 0.07214218441972375, 0.1391924882198863, 0.11123548275140376, 0.13232850509181257], [0.10554749816672832, 0.11119834337028275, 0.11168108721771208, 0.09000975907030317, 0.0943369993908026, 0.07320896970581392, 0.1182704773814175, 0.06527500557677067, 0.1336219760761213, 0.09684988404404862], [0.08616624709510508, 0.06933666938544733, 0.12130721809798861, 0.09287815133994864, 0.12646950492056253, 0.09815791104905193, 0.08450905583201268, 0.13876756857728806, 0.09908640322546582, 0.08332127047712103], [0.11045406427120727, 0.11911400389368444, 0.1032148195463016, 0.08587386374459134, 0.10817999820035139, 0.10846196291180298, 0.10918446736436743, 0.10270967832226037, 0.09513086639795944, 0.057676275347476706], [0.08472053716987168, 0.1274652041061726, 0.026347561115959622, 0.06268445486672353, 0.06527820819088295, 0.11882876126109893, 0.12056397227182737, 0.1442598237228485, 0.15413966561311265, 0.09571181168151605], [0.07304859974705347, 0.12425512983858947, 0.14883696890737552, 0.0954962509972823, 0.13555712238473183, 0.07656759284064917, 0.06926873247861616, 0.12336450187793131, 0.12815122553484598, 0.025453875392949257], [0.11244027828304791, 0.0535062346425586, 0.10993772519001202, 0.0312575216920379, 0.09683613623122143, 0.10961640461594836, 0.11761630401948889, 0.13190316067027139, 0.1345217268648085, 0.10236450779060355], [0.09758992370622843, 0.1140138234273638, 0.0789128801918064, 0.01077974989577122, 0.141352767687718, 0.11605652170266735, 0.100543531537398, 0.08170945467435684, 0.11289424409827496, 0.14614710307839845], [0.11720872136240312, 0.13315335174720203, 0.07114935454494832, 0.12398695590568516, 0.10429269408086658, 0.07010179271018366, 0.10351458592934774, 0.07727171009207183, 0.1128954120609623, 0.08642542156632757], [0.06664278488656819, 0.08129392143120845, 0.09341562518819996, 0.11447891503101223, 0.09547910154298361, 0.065481313484819, 0.10549416661724323, 0.10972334132776287, 0.14618955722522875, 0.12180127326496339], [0.10480991164466956, 0.06752537056427052, 0.14103618084660752, 0.09609928927117163, 0.08715295928173555, 0.09923485920099936, 0.11097479677671672, 0.10536882801648007, 0.09698706341234216, 0.09081074098499549], [0.13762513440297702, 0.1019521528956813, 0.10418419567525909, 0.08089874665355591, 0.11660797191933929, 0.09840329251234972, 0.10609050173343701, 0.10249981136710999, 0.09429750641765278, 0.057440686422632614], [0.07920466658209908, 0.05682345471765565, 0.07500396390586127, 0.11799908494460061, 0.12651758334587812, 0.10291807121840904, 0.10406060922752113, 0.0521012275344344, 0.15230019332146824, 0.13307114520206736], [0.1155197185756072, 0.15044323257988684, 0.1497780472023217, 0.09194738292734252, 0.08769105574368226, 0.04625477200142807, 0.025064664419046062, 0.07754399469637997, 0.1573673112177511, 0.09838982063657421], [0.12849718546082065, 0.052479672126810255, 0.11726744341894109, 0.11689060916631834, 0.10002729688707461, 0.10460918649833521, 0.09271841603449234, 0.109138523922979, 0.12098063519645741, 0.05739103128773834], [0.16360063068173117, 0.11509555816589707, 0.037881128632484794, 0.08278217336692519, 0.04177398176320928, 0.14553546647667903, 0.05851441975173611, 0.12325107416153455, 0.11221135486230552, 0.11935421213749324]]], "bagging_alg3_list": [[[[[0.09100936809309067, 0.05129003819139203, 0.23199700286165623, 0.07104691683677841, 0.06799197648507675, 0.09086741899402313, 0.13649791210461462, 0.13817774927970242, 0.06124176713399321, 0.059879850019689436], [0.09145916476455226, 0.14249333988569843, 0.13016010365924688, 0.07329616248828627, 0.08354792093461565, 0.09711405879235531, 0.11617658634819221, 0.07065285109844474, 0.11993275397227177, 0.07516705805634034], [0.09920278450412709, 0.09686583381686412, 0.12402113088075571, 0.1346553218794463, 0.06596558474988067, 0.14379509822137318, 0.11237412728505909, 0.08133931019075669, 0.12405524379656961, 0.017725564675157686], [0.1402473143632809, 0.13230809054495407, 0.16179874558050122, 0.10399366403424073, 0.091686141006546, 0.05552032538696947, 0.08240549356245777, 0.09898482465854017, 0.08572805908888237, 0.047327341773628885], [0.08248524884853317, 0.0898984315257899, 0.08827305685041247, 0.0723616156390692, 0.03094033634792663, 0.14843996789373706, 0.19963882567688476, 0.09930505520688976, 0.0985399011205112, 0.09011756089024295], [0.06488370889212863, 0.1201861315493604, 0.170219947100499, 0.12421836686147412, 0.07409618626295544, 0.11294131250390646, 0.13144921825974493, 0.04104763466377058, 0.07391964606152802, 0.08703784784463295], [0.09760276352760923, 0.10599370396713464, 0.09086688690506403, 0.08981535673835259, 0.11055167714839277, 0.062076475876566554, 0.1370996670121933, 0.11592935531763826, 0.13873297681759045, 0.05133113668945696], [0.07158286311876078, 0.16864370377022989, 0.06638113517559222, 0.16981076905276224, 0.0684982575413915, 0.11115810490446709, 0.021425165455627615, 0.10144063085703542, 0.14608952605658476, 0.07496984406754101], [0.05803144651806911, 0.12561723089072746, 0.09277252319761368, 0.11485587281807277, 0.15435823418076822, 0.11107536110182611, 0.05672050801957675, 0.12604334808850812, 0.09237628062485621, 0.06814919455998292], [0.08962793112102863, 0.1027208800137971, 0.10884031214944562, 0.0990894799297599, 0.07228269892030079, 0.08106887495335513, 0.17709962772642887, 0.09933434895175663, 0.11899262542197349, 0.05094322081215127], [0.15501629515427942, 0.09577244592042732, 0.06431015403201946, 0.14965770175230048, 0.1405381031442992, 0.12030670032720005, 0.10611928435483348, 0.01118972221630338, 0.054612120226698924, 0.1024774728716338], [0.06490010116775763, 0.0978508705532549, 0.08673488512282714, 0.11750952383644796, 0.13875004939538774, 0.10936395354373313, 0.10781285836034402, 0.1444902102174478, 0.09016651709009044, 0.04242103071271203], [0.09388756378467943, 0.08953258170853932, 0.08826662427420932, 0.1526159200482894, 0.0548067050243061, 0.09220746730952298, 0.08748088136475646, 0.14476937169131074, 0.07910806528313084, 0.11732481951128491], [0.08920603961482812, 0.11579047407894698, 0.08656660231545506, 0.08264413876170129, 0.04548841333562139, 0.08466379940815828, 0.11145126888361095, 0.16837556368307488, 0.1250011273755539, 0.0908125725430423], [0.1071501452269367, 0.11343815112524269, 0.08936800987920618, 0.10781726292612626, 0.04500307187896901, 0.09265172054554419, 0.06248602608858288, 0.09566291159956489, 0.11742962046717004, 0.1689930802626527], [0.08538906847435938, 0.14892322733618799, 0.09299365004008278, 0.08348947331164962, 0.07722889420895651, 0.08051791274839472, 0.09196762116757574, 0.16022617236416029, 0.09815079541717289, 0.08111318493145908], [0.10229299128192908, 0.13296878984842467, 0.144016107897841, 0.14632403424114457, 0.023567284606038515, 0.06498516839414173, 0.09148841885348888, 0.08976122201238078, 0.11319527295268565, 0.09140070991192943], [0.14301134102892304, 0.06601838068175198, 0.1378761241022222, 0.12430144722035062, 0.11820248150274723, 0.024483542089983355, 0.15032396968865366, 0.08319668512285788, 0.05058808019194786, 0.1019979483705253], [0.1661733755872921, 0.09341354944775784, 0.15523014479134836, 0.04440995707583001, 0.06563837095584223, 0.1311098018908069, 0.06649365337900838, 0.12481956766864782, 0.09864611969935101, 0.05406545950410141], [0.1038454998231482, 0.1232538968124653, 0.126404931251389, 0.07025531881610998, 0.17926309356795994, 0.10269270953956017, 0.12918681032025672, 0.01716515290840587, 0.08047718876510188, 0.06745539819560256]], [[0.1269788460799754, 0.10520776942872269, 0.14507368369390272, 0.12310157397531248, 0.05750722873686039, 0.08038596406141316, 0.08077873853304939, 0.09716654415001336, 0.10801547243546547, 0.07578417890529408], [0.07131910375950808, 0.11378633081497647, 0.03179764872874841, 0.07321047685580416, 0.1280574164195379, 0.11585226865365117, 0.10198906324057154, 0.08957023048471716, 0.11478440533197823, 0.1596330557105071], [0.07898069890419704, 0.0729496994407699, 0.07705080248576526, 0.08084110714693557, 0.1787731525141842, 0.080903839716526, 0.13311474311036328, 0.048990270263216715, 0.1401762535498466, 0.10821943286819626], [0.13793817339679465, 0.09865451757279889, 0.04217361713196797, 0.09241355960660018, 0.16788559693452262, 0.09610837965448896, 0.039127994167706695, 0.11304256040515154, 0.07538659729335373, 0.13726900383661464], [0.18092476086950376, 0.11439048394343088, 0.14507711875881635, 0.08260804154556152, 0.07650935512258614, 0.043149475729147395, 0.08511798463805195, 0.12493026205236235, 0.06940393925171777, 0.07788857808885216], [0.09483420402300978, 0.05700893653484666, 0.0922618931522912, 0.11120341640664423, 0.10543336692588559, 0.06432342167034656, 0.17373696610101386, 0.12986321615565627, 0.09124034511165054, 0.08009423391867879], [0.16379292112446783, 0.08557985916765506, 0.09313931140996261, 0.07892880531829499, 0.09473619522882103, 0.06635706371697199, 0.2011122821068019, 0.06303967751012579, 0.05960800312750246, 0.09370588128940545], [0.1284146351170648, 0.06251794631477206, 0.11673301701516872, 0.0807362879745167, 0.07584166185276098, 0.05378358800396329, 0.1181697332933827, 0.13595216262607654, 0.11848558284296992, 0.10936538495932287], [0.14317879221134236, 0.06002887589812, 0.07193654367997417, 0.15243419061292346, 0.09834048165390463, 0.12418416236759326, 0.0676199467246178, 0.054504618272574724, 0.10353622714219052, 0.12423616143674926], [0.07738716664947319, 0.11277743207526157, 0.08209728535892698, 0.08955603155805691, 0.11939208401552835, 0.055769478603667405, 0.08935271046040648, 0.12722254943774938, 0.14697977826267733, 0.0994654835782452], [0.09915964504481449, 0.10758787610935697, 0.08510113755039585, 0.15151508320953247, 0.12132862169678092, 0.11936511628857957, 0.08890683355567769, 0.07883362786420905, 0.10275585139067081, 0.045446207289995565], [0.1819845795819891, 0.08737507686754617, 0.04828914441413499, 0.1606614672881813, 0.0658592123880975, 0.08587643461353463, 0.11890936133554732, 0.036753188933009245, 0.09249328707357259, 0.12179824750439795], [0.14059454923207212, 0.11023529296825231, 0.02936772396789797, 0.14018104769788817, 0.11476101836912375, 0.13687714936828152, 0.0915962183126237, 0.10167504798523065, 0.04877332290803181, 0.08593862919059995], [0.11907064135496734, 0.1121806775373991, 0.08171585141045114, 0.07654184519904632, 0.10148190284159836, 0.1216796985172363, 0.04493018165215764, 0.19401129686743046, 0.058668836275221195, 0.08971906834448462], [0.148591957318679, 0.08570794283342376, 0.10366622211984654, 0.07467623288571788, 0.12126665352173754, 0.1392695338815189, 0.06250238857045358, 0.06715655863246696, 0.10093534660873694, 0.09622716362742649], [0.056841915324609464, 0.17044749506671938, 0.0721866506903024, 0.06879314607780067, 0.1084525015399918, 0.06987787623143513, 0.060889780899819355, 0.10337189469892795, 0.1650200417795749, 0.12411869769080873], [0.04259376101018975, 0.0857500032487457, 0.10337743340349838, 0.03284365563072587, 0.0916943307815017, 0.12321500331476291, 0.14451568966644066, 0.12436463574228497, 0.09083877507177429, 0.1608067121300587], [0.10180432262437983, 0.13842929612322405, 0.07240867931242047, 0.11194093982560759, 0.13266112038139438, 0.12244590076200723, 0.05509424314962886, 0.07106363393261284, 0.0763305560163601, 0.11782130787237044], [0.10589106975287225, 0.05433686032250559, 0.09806313956256299, 0.09819663141047566, 0.12311671497853298, 0.09368594952973953, 0.16430180965780086, 0.05132824949418615, 0.09771191166102403, 0.1133676636302878], [0.11345726820199896, 0.11255914800249336, 0.06931242347352884, 0.07852284291146525, 0.1076346349579306, 0.05903643216128137, 0.09033195355409701, 0.11515424288937585, 0.1251549019929284, 0.12883615185490851]], [[0.13744160543060815, 0.15097425703577932, 0.09142159925334381, 0.050404302514017944, 0.06668729975546188, 0.08882152305387607, 0.13971216247423995, 0.12134741587165777, 0.09375819018768043, 0.05943164442333435], [0.09746979470581854, 0.16103589546675068, 0.09237169494642496, 0.048239884088291086, 0.09663781956757223, 0.10018250663907366, 0.10290796177330852, 0.04498735569651966, 0.16137463006519784, 0.09479245705104393], [0.03685568894375363, 0.13254515523810337, 0.1542096315314487, 0.08367943910682718, 0.09257142079177284, 0.13733887230530972, 0.11217029121234456, 0.07919996544430273, 0.1048171550950479, 0.06661238033108689], [0.11053285168516969, 0.12755952477555854, 0.08369510726509534, 0.17299269736351386, 0.053064663311232246, 0.0994891338289075, 0.08638786361725503, 0.117438667340574, 0.0849318688428051, 0.06390762196988967], [0.10172442121669246, 0.1209751396592804, 0.07755646975791293, 0.1298469633225537, 0.1349783506058593, 0.10830978328545585, 0.06030149075953433, 0.09584535889286024, 0.0669173560231783, 0.10354466647666934], [0.04264257620147983, 0.08784344467551936, 0.09233057907473459, 0.05925315744790456, 0.10905365915692193, 0.1221243977318505, 0.18613966466887683, 0.13994581800929798, 0.08117253791319848, 0.07949416512021149], [0.07292151241209477, 0.07218713774701098, 0.12480818592635547, 0.08719232394744726, 0.16942720625061858, 0.10499906591970842, 0.12141314403314628, 0.08739890654259971, 0.08997210917911148, 0.06968040804190441], [0.1637131647249839, 0.061100012522695216, 0.1390384635745459, 0.07771368741871408, 0.04113356154088333, 0.11515035961026146, 0.10645068719779847, 0.058924720750300634, 0.15677234155541953, 0.08000300110439268], [0.0958477179519858, 0.08613035929373185, 0.024960238165440508, 0.061015682044930804, 0.11006331038335254, 0.10599492256200221, 0.0883619465664813, 0.11148678181479608, 0.18726840123787739, 0.12887063997940504], [0.07759684410723373, 0.1444942192151178, 0.12867153006807272, 0.08666181007365209, 0.03756122784403072, 0.15979700422475976, 0.08878795342749181, 0.10772097808277044, 0.08070687477443968, 0.08800155818243875], [0.05446595519616097, 0.12010492965975969, 0.08574922817284465, 0.16359925110913917, 0.09357614387350342, 0.04639541736881519, 0.13039939242482496, 0.11406966157429199, 0.07158367061269123, 0.12005635000796158], [0.13102848777296705, 0.07384372861193397, 0.10531238124773083, 0.19516040091498718, 0.10459850392604737, 0.06913785047994299, 0.044046334093950486, 0.059611721341105324, 0.09124962221295678, 0.12601096939836262], [0.04638039110443701, 0.1160863496248795, 0.06866364854535534, 0.15488286851535718, 0.1461274083683531, 0.08131129242991408, 0.10047877965305617, 0.13134342067749163, 0.09992957132166652, 0.05479626975949756], [0.17273861352963785, 0.08781965265523044, 0.07601746082551114, 0.08618651720794922, 0.13156808128782702, 0.06504245801515122, 0.08645164001141803, 0.05078654725116404, 0.12785387793197667, 0.11553515128413362], [0.09221006835465897, 0.06952743725859614, 0.14565103355770811, 0.09193084601807405, 0.11937383600597669, 0.056032171537326335, 0.08697288426396062, 0.06957078290091509, 0.07731031504776935, 0.19142062505501156], [0.0665934953046635, 0.07081487355934236, 0.11431383092943277, 0.035603256005579176, 0.08370642442286798, 0.11986950758866995, 0.09056212882480376, 0.162840205257953, 0.10798656101710796, 0.14770971708957303], [0.14057842637477827, 0.11787252855646996, 0.0996201502172926, 0.03984966421839139, 0.08448944308733562, 0.09043915304615328, 0.0596256364398423, 0.11902053909204219, 0.09921890582449806, 0.14928555314320918], [0.0890575277183676, 0.16072826951927308, 0.10121414561209367, 0.08094316727701105, 0.08149755594509576, 0.11114624911920246, 0.15871395166035995, 0.09393630922369148, 0.06900235264977662, 0.053760471275132074], [0.03463888226195683, 0.14961898736200538, 0.06082755966400773, 0.06630013959715111, 0.15306991426020738, 0.15006542549108529, 0.12918169691068895, 0.07919538059264145, 0.09598599786447634, 0.08111601599578361], [0.1359700757262227, 0.043683699776703215, 0.12841936637924398, 0.06634809870244138, 0.08345424667595094, 0.0379225766466626, 0.06628177623370286, 0.11443144525193415, 0.19193491920819158, 0.1315537953989532]], [[0.17257559937512973, 0.09090652285037654, 0.1184570558599566, 0.10309623681025591, 0.08407031953124942, 0.05477641324357033, 0.08538892012873261, 0.07754485119058446, 0.08803812485291031, 0.1251459561572606], [0.16303365157793018, 0.10838505149253075, 0.1085732849936017, 0.17414052995570797, 0.1208519005099384, 0.02998442306799954, 0.10022711985851983, 0.0851977914922695, 0.0689518625959373, 0.040654384455570444], [0.0667005536458857, 0.1701239225032787, 0.06313103279352751, 0.08871905575725354, 0.16855862730203838, 0.03834833858377358, 0.11989879292242517, 0.09910773632312644, 0.06826311862049106, 0.11714882154819839], [0.11037197523969693, 0.06316951601768661, 0.09328989126777405, 0.0851112942856542, 0.15214739578120062, 0.06885395774124053, 0.05673512704815686, 0.04860177566961866, 0.1747203203578212, 0.14699874659115886], [0.10436927349978793, 0.06088901004155689, 0.08966578228656524, 0.10756018378577492, 0.08685709984217098, 0.045458740213958515, 0.10847379403958254, 0.1606746119063022, 0.14128903559264497, 0.094762468791645], [0.12311828274807776, 0.14280485727725584, 0.12975623781739898, 0.06129646537385171, 0.08406171459377998, 0.04057902870043103, 0.07677293946382117, 0.1039162931285134, 0.13352468851087812, 0.1041694923860166], [0.1004072803098936, 0.17360462219676645, 0.07748135706605384, 0.09791477509550359, 0.03390167073344355, 0.11698185821702776, 0.10177411282498866, 0.07639424022287586, 0.15715129050354137, 0.06438879282990068], [0.07457301868667927, 0.05430197113381738, 0.13295632553073106, 0.10386553653735571, 0.0831633782995839, 0.0403888162654118, 0.13536582418264748, 0.12120580235697086, 0.12171407468971802, 0.13246525231706224], [0.07817034907230135, 0.1130235709636198, 0.08562711999923686, 0.0814217866603375, 0.1190724417520699, 0.13151396663375878, 0.12187265781918828, 0.10106333303877289, 0.08790763232984722, 0.08032714173086232], [0.11620506445425953, 0.0998910989437797, 0.09342310764169437, 0.11689980004857153, 0.14462585247051904, 0.049112865476487244, 0.0902595632798612, 0.06068363111613026, 0.11733732002603778, 0.1115616965426522], [0.11132878043243408, 0.0807180145020004, 0.0858061186215914, 0.08288837985051103, 0.1094508968032335, 0.030686856026806094, 0.14811108818767546, 0.16303040527695903, 0.11763846532447102, 0.07034099497430925], [0.06713623634026457, 0.14432836236745655, 0.05249302034618938, 0.15665593473559844, 0.08706719142169872, 0.13211248729509015, 0.08796167334105393, 0.08965625554277613, 0.09288081212427594, 0.08970802648559309], [0.10510650278239338, 0.09557007158846131, 0.0957493092492774, 0.10604208976304014, 0.10550593952849806, 0.17214524250292842, 0.12837899477347758, 0.08559342925105513, 0.04234562524302325, 0.06356279531784575], [0.14530416133396384, 0.12692792492265217, 0.10389614509724505, 0.08551934304063007, 0.07404458003588957, 0.0909310969767317, 0.124911206747767, 0.02323170990552559, 0.16742855538763202, 0.057805276551943896], [0.07348669186558003, 0.0698684021703713, 0.09099090118067038, 0.11869212825754304, 0.16786404758257645, 0.14309291935778942, 0.07593694771253327, 0.12869194127852385, 0.04583151207207429, 0.08554450852233904], [0.08708653068999876, 0.0867442348698027, 0.1594079345571891, 0.10028933914803217, 0.09376987453390649, 0.09171596960574026, 0.1281272188627677, 0.05814552124555607, 0.06856171939897725, 0.1261516570880297], [0.13145549970297069, 0.1172588015746168, 0.10112106981735697, 0.07255536966496098, 0.09921381111528986, 0.08162083847699507, 0.16431384314536818, 0.043447451692203445, 0.10334977443723262, 0.08566354037301696], [0.1629955128962297, 0.04274457304743655, 0.17392342463391589, 0.13479078082721244, 0.05299535608851148, 0.06339946971468612, 0.06433273248593652, 0.07736405806730517, 0.1429137292089791, 0.08454036302977702], [0.1517311051545123, 0.06625728272680713, 0.08028429203496384, 0.09871804218449512, 0.17038794558002765, 0.0782339650728594, 0.07399099534910906, 0.0806582930914669, 0.12334824144029992, 0.07638983736545554], [0.13526699122655736, 0.09325959157402712, 0.09575943797687715, 0.09178953737485233, 0.07957687625508689, 0.06545571895606336, 0.09174192917530602, 0.08997276926462167, 0.15367036670965847, 0.10350678148694317]]]]], "bagging_alg4_list": [[[[[0.1231606224817854, 0.03920135879079191, 0.0680488062357205, 0.06705460335371868, 0.11913724095232137, 0.09829898614939851, 0.21983463093535005, 0.08706331367286707, 0.09105400645993521, 0.0871464309681072], [0.09794300499317939, 0.10493055447840961, 0.08192455593016251, 0.11094305359680036, 0.17849219287969, 0.041692790291237736, 0.12003107223543624, 0.12025095244325401, 0.08769840968893876, 0.05609341346289508], [0.01404589614999607, 0.131146327243137, 0.1421400060701786, 0.050359753690417695, 0.14858734985810784, 0.10468995026490432, 0.05121425442711219, 0.12635747932799943, 0.11290849710426284, 0.11855048586387645], [0.1295206447427221, 0.12571749920207373, 0.06663081990689304, 0.11090072326372874, 0.15857727548683564, 0.06115678995591226, 0.06664274554776209, 0.10878490343665703, 0.0750910965684953, 0.0969775018889264], [0.10973736057917614, 0.1239793548004639, 0.11926563405817821, 0.07433249217433992, 0.08038854766663985, 0.04933502356891321, 0.2095976622634721, 0.08831587648458054, 0.05997491515805703, 0.08507313324618636], [0.1567239354602301, 0.10934243116889647, 0.07464693932912644, 0.03874239589435445, 0.18533687175064753, 0.08127152081616316, 0.09730808253771198, 0.05777968311756055, 0.12274315397244057, 0.0761049859528768], [0.15314640251435166, 0.029891422858282245, 0.08341760495312234, 0.06587900586418001, 0.10935778893934198, 0.12461736426506759, 0.08948888345622182, 0.16051296669122977, 0.1105778209576302, 0.07311073950058398], [0.05491158501036949, 0.16298573092774807, 0.09780875891462402, 0.08301135790148902, 0.07572833726859748, 0.17273839068947383, 0.15229581853391552, 0.03261709660548223, 0.10357016196481547, 0.0643327621834764], [0.10858747147412544, 0.13518541627279346, 0.07314459680948972, 0.09635708528893754, 0.09056204006942563, 0.051356460692702624, 0.07970004715923619, 0.112967041547738, 0.1470095289093917, 0.10513031177615804], [0.04501391467015266, 0.07533795054219806, 0.05857400499552238, 0.06310314645245517, 0.10055247397281059, 0.1106013192819264, 0.1489215282417123, 0.138531367693111, 0.16180847457201802, 0.09755581957809181], [0.09466209259602336, 0.1005829711676699, 0.09924029916329066, 0.06444197075495182, 0.06414087087449741, 0.13551105892275314, 0.13266742669339898, 0.14256442214253945, 0.10642993729514169, 0.05975895038973783], [0.11653977465014327, 0.10624288756458991, 0.09054862821515698, 0.10303615353558149, 0.11466235110324052, 0.1004399086066475, 0.14403529230757472, 0.10465406918245133, 0.11106014924519661, 0.008780785589394364], [0.099713470883449, 0.10246550578710177, 0.12250541544572288, 0.16973947420236443, 0.09210851960527622, 0.08109701938112088, 0.04841637760122157, 0.10565050274958575, 0.0952458175836059, 0.0830578967605513], [0.16467519873726708, 0.0958770062688178, 0.08516699259874033, 0.08912782456959688, 0.1006772442143964, 0.08672466726508776, 0.08606365501044869, 0.11444422912041086, 0.04724520690856519, 0.1299979753066654], [0.08339439041740349, 0.16246217541060068, 0.14346572253173476, 0.05123085360694421, 0.08923242782005292, 0.06712947005977142, 0.09486480317125597, 0.07452138950795426, 0.13775257111807399, 0.09594619635620427], [0.13291538311533588, 0.16859835416596067, 0.10363401921329275, 0.10834353506070438, 0.1422009263296303, 0.06881950400848146, 0.04498542375239208, 0.10832828672966564, 0.04759808387106857, 0.07457648375347156], [0.11836742211590562, 0.07603387156313522, 0.13859959071930622, 0.10814125574718025, 0.12120010985008926, 0.0788765673676829, 0.09404057966917084, 0.012379067009840195, 0.0905504244766835, 0.16181111148100813], [0.14177358654233024, 0.09765665174708238, 0.07848435822036062, 0.07383415011735092, 0.07362846452663437, 0.10156234512325228, 0.1472849107615555, 0.08866674339405468, 0.07089167943512381, 0.1262171101322591], [0.18782386642707385, 0.04673728238549981, 0.12914286358309277, 0.05857599068911757, 0.08737265636932356, 0.148395160156308, 0.08873034074502999, 0.07712553999551101, 0.1053733224808051, 0.07072297716825204], [0.0756124419962354, 0.0753622612654364, 0.06808011722579518, 0.1742603429598346, 0.09476985635675635, 0.09891433309060164, 0.10665293971404953, 0.07993549209564237, 0.08169682040626755, 0.14471539488938256]], [[0.11487827295591194, 0.09552806581658065, 0.15095562983377242, 0.1627592679286143, 0.06944631651858563, 0.10415673030690663, 0.11267098467027133, 0.044981477857499855, 0.09196235993737556, 0.05266089417447709], [0.15201686044995252, 0.03656030053424268, 0.12153076695437687, 0.09674250846281986, 0.07532375840209672, 0.15833261379085828, 0.11180135273233051, 0.08324968676653595, 0.08321746523574555, 0.08122468667103332], [0.06959531746642955, 0.07492365249119141, 0.1182200194032686, 0.10354381437864867, 0.10914701085605191, 0.10129419825840873, 0.17324646459453444, 0.12634064977973114, 0.037734047109954934, 0.08595482566178], [0.08396867925252682, 0.05178506104917271, 0.052724609992348716, 0.07223350892855843, 0.12337505499920559, 0.10956229415119936, 0.12168393590298023, 0.19416898561249518, 0.11051089115875659, 0.07998697895275667], [0.13938363852841903, 0.08141208017882334, 0.0842804905512253, 0.09280667155258855, 0.09523884506632203, 0.17856735830709, 0.115339974894586, 0.05538940859353144, 0.10627630954637456, 0.05130522278104084], [0.16747137527386743, 0.05468232669293216, 0.10988726656186301, 0.18619438908852065, 0.06715474050236792, 0.07874760989070136, 0.10980343450004174, 0.044862050515455436, 0.11918239384229778, 0.06201441313197544], [0.13630568375234364, 0.11356379567035593, 0.09002715895486318, 0.07062911237317988, 0.09869103040945933, 0.08864473795305117, 0.05617448597294753, 0.13100342484388694, 0.07997697392353252, 0.1349835961463776], [0.057039042281216305, 0.06926157559926327, 0.118088426197743, 0.05690915895282308, 0.07936524750101087, 0.20142083938441968, 0.1031376192980093, 0.0894676612339702, 0.11366002340929592, 0.11165040614224994], [0.0815231149633682, 0.12490075144157636, 0.05273746654909679, 0.0966823046476319, 0.09083567460002936, 0.0819663090230606, 0.1173212597436732, 0.07405311195100202, 0.17319924060607714, 0.10678076647448427], [0.12265752222955362, 0.15362393440743186, 0.1160057695378501, 0.11782673744751078, 0.059540072333274706,