{"SAA_list": [[[0.1907203758785559, 0.11247736414495926, 0.08049522253937963, 0.1004986675590215, 0.0010445513461272212, 0.12385151610764943, 0.13553209565792687, 0.059473506244302206, 0.0963062271760304, 0.099600473346063], [0.10207394573495467, 0.18157326177210797, 0.05309934740480073, 0.1811271693657173, 0.1112318599873052, 0.11869045532933176, 0.04081336596463273, 0.0519604883975991, 0.1000371527526274, 0.059392953290910926], [0.0862597809538546, 0.12460114110557167, 0.07113634871429585, 0.1359996119839067, 0.1756801334085579, 0.12167217160472049, 0.08124469712232951, 0.08991360901588322, 0.0997845908731722, 0.01370791521771544], [0.06762819642999557, 0.1232844890268879, 0.13694821525912587, 0.08431357093882902, 0.10199201816690902, 0.14768542758322484, 0.013673071484597078, 0.09689935040905197, 0.16089061224867146, 0.06668504845271332], [0.10341204124413052, 0.11080301094836732, 0.11272918019985041, 0.09932446439362853, 0.1478092141079101, 0.04631536799459223, 0.051777603201976295, 0.10781780507329987, 0.1169620062541347, 0.10304930658204507], [0.04439244660612815, 0.07882827316001276, 0.07053819534989675, 0.1426352985031481, 0.18341573529156988, 0.08928997583308226, 0.1598477521913558, 0.11443936489928609, 0.08219488857873378, 0.03441806958679646], [0.12402588656328362, 0.08476809741914193, 0.12287926289747124, 0.11424390396692433, 0.055847083769712515, 0.06791217391466145, 0.12595085087643554, 0.10829368168299114, 0.16952269174306786, 0.026556367166318498], [0.0533910043167042, 0.040812791759277794, 0.19333217996392643, 0.0666398406241561, 0.11977060758290596, 0.08460925426292934, 0.12462009958809792, 0.08699562634734974, 0.11357303133495186, 0.11625556421965969], [0.11867519027361148, 0.060728584355061184, 0.1481343406680792, 0.07672274343003604, 0.10693145344864348, 0.1037310646376735, 0.11324345370467384, 0.09712415178341646, 0.09038165457779619, 0.08432736312101154], [0.1478101610032107, 0.14516602197412296, 0.08492215191106738, 0.07513077593708631, 0.08088535974038492, 0.13523698714211685, 0.10009065007717048, 0.10260393854076015, 0.06516490779979801, 0.06298904587427682], [0.09272030173025264, 0.049445470920068645, 0.11064716528083172, 0.07714069869485059, 0.1274334107750899, 0.174822460876268, 0.10462264300841966, 0.03300290541638991, 0.12390549579328236, 0.10625944750454211], [0.12219419608197737, 0.1118552148180923, 0.1973254743751943, 0.14843087031564917, 0.09033817619368627, 0.12444600366303661, 0.032255690786272745, 0.07751403235010015, 0.06830895590865883, 0.02733138550730572], [0.10052369325993475, 0.11054957836848417, 0.08953217139357994, 0.17081165639683704, 0.05958141377450383, 0.0503111686550284, 0.06561332697086013, 0.1732290972002982, 0.11010519311655276, 0.06974270086392005], [0.16861921023192103, 0.1487337079092894, 0.030292362769360884, 0.0501463919480971, 0.06842657455174732, 0.08414867452284837, 0.10495766927916592, 0.09726866520883443, 0.11164182257487604, 0.1357649210038403], [0.1568763110717162, 0.038506614056066694, 0.020723663967884352, 0.1132913351859761, 0.01708835056347951, 0.10934525424900234, 0.13968848747603219, 0.1438550684806831, 0.12640040124433677, 0.13422451370481608], [0.11074090046849525, 0.062129046726530496, 0.03721486293255635, 0.12384586490264089, 0.14086328725656092, 0.07077356778545751, 0.09228483536670758, 0.1245830137669993, 0.12433605752337111, 0.11322856327067052], [0.06995981465097871, 0.09528141433515398, 0.016906862471321452, 0.18181167002130194, 0.012601394424551871, 0.1417735644945663, 0.15098853212384203, 0.10395568085866415, 0.1351668933710243, 0.09155417324859708], [0.04723170526358382, 0.15503719701201923, 0.06144138905894721, 0.07309884681305914, 0.10164943082593374, 0.07252720728273243, 0.08685798844850456, 0.12790242752877376, 0.15459011082532922, 0.11966369694112232], [0.11120725609017722, 0.11343104030185323, 0.12740388003239467, 0.12603809475767208, 0.0479166458439779, 0.12272930048780016, 0.04530452206945176, 0.13157727581206677, 0.10985313689239527, 0.06453884771222246], [0.0798158902942554, 0.12854664436226884, 0.13191926837415371, 0.15873256134187047, 0.01859668795517619, 0.10108156550782238, 0.14445574914087608, 0.06067575123033293, 0.08976284664730845, 0.08641303514593683]], [[0.03184858998906073, 0.09588916681681471, 0.14948696626659205, 0.09964196315539822, 0.0897342363295546, 0.08912320706193437, 0.14348567613611896, 0.11159415601016688, 0.07423266369965675, 0.11496337453470416], [0.17570126349831647, 0.05250858587774907, 0.06382942938842358, 0.10546835677050857, 0.18120392861109036, 0.12220922732003203, 0.11420199473192928, 0.07805071898551083, 0.023189514114180482, 0.08363698070225502], [0.15398849859962485, 0.1306907951800958, 0.08615638759872164, 0.14877764931515208, 0.052151494240040314, 0.08528355907495695, 0.07040361410185601, 0.06410474896186401, 0.0860295488724546, 0.12241370405521375], [0.11156542292783247, 0.12904646544994341, 0.027648388637701096, 0.11959530340020028, 0.12007533670735036, 0.06675380416304888, 0.10212396282838586, 0.128737535330222, 0.12112526105555277, 0.07332851949973705], [0.0542766360126334, 0.04837965700615203, 0.1447056683327813, 0.13473185662220769, 0.02768761451328786, 0.0856930127545983, 0.08862439444429922, 0.1525454034123449, 0.1414808230469212, 0.12187493385477954], [0.010984431216805778, 0.056489657672563656, 0.18264610370390652, 0.08271829744674415, 0.18108365720743969, 0.0865185277780192, 0.09914248226445527, 0.11448420584919868, 0.1201870835758135, 0.06574555328505018], [0.03985976867105063, 0.09415200279896138, 0.06554988545002828, 0.1484854312053719, 0.13617767345809587, 0.1492269842195272, 0.12955300320595553, 0.08846409113243202, 0.10551958218114207, 0.04301157767743815], [0.1010886531079372, 0.09301557651877537, 0.1541155753174983, 0.08377592160125227, 0.14930955147978991, 0.0002551758191777323, 0.07408821285077637, 0.15089367189523706, 0.11440062041416649, 0.07905704099539367], [0.08322632715017318, 0.13152477956088277, 0.140144375553309, 0.10322233528323765, 0.0774533121336669, 0.0609748001471528, 0.11735443394142088, 0.1240609822687233, 0.08295624889516814, 0.07908240506626248], [0.05275186542476605, 0.018698674077856307, 0.11004171926763846, 0.04786727378138202, 0.1724786163825037, 0.11123224990878773, 0.15043036924253447, 0.0716208790438724, 0.14426721197691747, 0.12061114089374557], [0.04676311210323577, 0.15563544220366926, 0.07284403510558238, 0.09256883761580083, 0.09244340923721187, 0.1173332017908541, 0.1122345366393708, 0.09995144825656578, 0.12438790154915454, 0.08583807549859092], [0.13598239637346113, 0.14796557649034386, 0.08496963140156925, 0.11287091817790822, 0.10540248020558693, 0.09273025165522733, 0.08952098390136601, 0.10729179521733406, 0.0631049834118669, 0.06016098316533914], [0.031682430213532266, 0.177197006549266, 0.12037008623003412, 0.10189228913690283, 0.061056319883632346, 0.08186486335607618, 0.05539375935773822, 0.12609546532530397, 0.10742570987702937, 0.1370220700704671], [0.1394933494290601, 0.008273583978246018, 0.1648796029902188, 0.08670387220444953, 0.1430543716938675, 0.024199251348439664, 0.12361457726921503, 0.1534545131322806, 0.02952156926337411, 0.12680530869083936], [0.08167724591993207, 0.0841062707429671, 0.10830330662570066, 0.1478338362311353, 0.07969715569527966, 0.14173841522572536, 0.07987842616278476, 0.1372072381813747, 0.035080832400242956, 0.10447727281484125], [0.10179230605901791, 0.02661426679851681, 0.0805262074387842, 0.12480263859351921, 0.1055438939694867, 0.1092896600515448, 0.07231240878943374, 0.13773864148763956, 0.1110140026134284, 0.1303659741986346], [0.11893670022281506, 0.06776498052529946, 0.09693177324562757, 0.12170367869936616, 0.10609681268933085, 0.053492405874151334, 0.13905227296894557, 0.09585664700279552, 0.05402172227405728, 0.14614300649760853], [0.02677693141991601, 0.10277221888274445, 0.15756544446537404, 0.0804602891088496, 0.1175130139430423, 0.09280239533467295, 0.05758932688450925, 0.1050852934221282, 0.14238188364502904, 0.1170532028937214], [0.11822554671469564, 0.10016346689276043, 0.1194470513388556, 0.06026513276863997, 0.10144940019343249, 0.10502849123517477, 0.13046266164236026, 0.11011481406828671, 0.10470932886876126, 0.05013410627705438], [0.11467180852954112, 0.024049562542570478, 0.10487539230967471, 0.10311602574482177, 0.13078280739010437, 0.09838769834478764, 0.11287369421389683, 0.09379187150625536, 0.1247101621304757, 0.09274097728788254]], [[0.12943069467765622, 0.10713252555922317, 0.12802797358273765, 0.08005092391865588, 0.05954188731856737, 0.08596003291990414, 0.13106632761905945, 0.09549426793402821, 0.11287861757453131, 0.07041674889564269], [0.11023312616998132, 0.08274129017482493, 0.10134051807281698, 0.0978081931784618, 0.10191283869314956, 0.13486491615736676, 0.04193489383300315, 0.10042271906544786, 0.12804317536746213, 0.10069832928747377], [0.11878196219983646, 0.16874174703221745, 0.10086424339891076, 0.12355865412933317, 0.14810590006042895, 0.12340107930540835, 0.036995847488281754, 0.05861463009463523, 0.09566902668355169, 0.025266909607405266], [0.12884737374768818, 0.11257761525161666, 0.12070187326242222, 0.06386636742345905, 0.08005628094516858, 0.0825892103961302, 0.10144054020432068, 0.11346871052275914, 0.08255470218450696, 0.11389732606190357], [0.12506323489615154, 0.07391120203856796, 0.04300893108730806, 0.046288961498397174, 0.11910308694552012, 0.11949391512662537, 0.07698867783734939, 0.1458809438937499, 0.11145033051203611, 0.13881071616429477], [0.07197114958989866, 0.06311539985245859, 0.050356298449000365, 0.12403258040865364, 0.10890766653383968, 0.13680749244763835, 0.07748537891366512, 0.07312012875367462, 0.1500892301863251, 0.144114674864839], [0.11020312649955585, 0.029294739171953795, 0.11323134325506055, 0.1295620016605871, 0.07910699270376369, 0.10297724946801584, 0.14436461964592465, 0.08150190858760625, 0.10768422121547239, 0.10207379779206457], [0.12027608153346496, 0.07861411459663521, 0.11417438199637074, 0.11913156961522443, 0.06963544555448806, 0.1586366992836789, 0.16206161308681452, 0.010527732553557325, 0.09452945663331476, 0.07241290514644287], [0.0668345187610772, 0.14917212237634625, 0.062399650534268096, 0.02065038608955043, 0.06214744692532308, 0.1209721054784851, 0.11299695479165855, 0.12770939193205566, 0.1447063641246566, 0.1324110589865773], [0.13854283718825525, 0.12928524669077082, 0.06891007272553751, 0.13371463121456645, 0.07764064460235047, 0.13069669806016782, 0.10863305442159896, 0.0980767317054526, 0.09278088958247552, 0.02171919380882598], [0.11031488162683366, 0.10047577469653358, 0.13294846654900813, 0.10330776084211325, 0.10128557763968998, 0.04926306075408396, 0.08140596609948646, 0.06959881489661561, 0.14791975791979017, 0.1034799389758403], [0.10202363472252865, 0.12610921953636567, 0.06626050178884939, 0.1077206635818168, 0.09990040207790794, 0.09080202467787778, 0.11948645442991696, 0.062315422196567015, 0.11709395674985719, 0.10828772023830639], [0.03171621104809868, 0.11037830335193667, 0.0959409850188115, 0.1502576262456489, 0.10210130433911604, 0.11518653057100868, 0.14394734370098677, 0.1489913405778935, 0.01404570782576238, 0.08743464732071606], [0.16118317016366926, 0.13043877427080966, 0.0059742318671755475, 0.09273249645069735, 0.044127038253138594, 0.08547817768350857, 0.09779755309972826, 0.12810592884315428, 0.14059220942277845, 0.11357041994534302], [0.08475087044078831, 0.13088755055493054, 0.10050185579383158, 0.11510887007791176, 0.1238062600975559, 0.12018428798043478, 0.05355844299047909, 0.1057238968221399, 0.08212973789960835, 0.08334822734234211], [0.00458807257101, 0.09786668823323012, 0.07698918719872237, 0.1626392346687952, 0.1817611991607329, 0.07254131331240918, 0.10868788225242713, 0.14291880455267672, 0.13071691659939083, 0.021290701450597672], [0.14529883342161123, 0.0644317712455556, 0.12733712413497628, 0.04279414609652051, 0.07276213547906202, 0.13261640095824007, 0.129300473301018, 0.12062206672487284, 0.15227966313850216, 0.012557385499645057], [0.06839095165597237, 0.0185923511988413, 0.08750829250245193, 0.13713742222879285, 0.07231091746074926, 0.10632845455832364, 0.14560615752751715, 0.10933535440705297, 0.11714796004264069, 0.13764213841765924], [0.09225530514414747, 0.14793313743126227, 0.06747312714824569, 0.13535194046882928, 0.03885230686453915, 0.09999398935979524, 0.06427390830949065, 0.09601006360659722, 0.1516579336630165, 0.10619828800409556], [0.10079546499334964, 0.11479568197594371, 0.06603639529864574, 0.13651253599897442, 0.09303114649962231, 0.11325816946333798, 0.10338820970272727, 0.12930326655686805, 0.07059708899527853, 0.07228204051522918]], [[0.09187597887256956, 0.12165905108300258, 0.06711073199672875, 0.10778010767446346, 0.07267471782445079, 0.11359695840956363, 0.12489140285422669, 0.08574616276167174, 0.0947926294446051, 0.11987225907872452], [0.08062195100833293, 0.10984188903920826, 0.11034186595901581, 0.11964107330366851, 0.1063793078316542, 0.043160577238491454, 0.1103737743497106, 0.14384851156770484, 0.08978733856471535, 0.0860037111374487], [0.09219994876665509, 0.11775386536448987, 0.07560392548509748, 0.11736891050414655, 0.09546529290167274, 0.10289593024963738, 0.10033053832845622, 0.08595460867725484, 0.09605775692686469, 0.11636922279573733], [0.10980701570214481, 0.11371774426209702, 0.09145979022933455, 0.10764624353645891, 0.10477756013748041, 0.08913709366788802, 0.1099097601096601, 0.10854430856281948, 0.081839939164626, 0.08316054462744976], [0.08641542386339966, 0.09484056910808593, 0.10843518314355188, 0.07891847875883093, 0.11380471630787223, 0.06036026615875426, 0.07494785816553699, 0.14394876116081404, 0.11338932832541536, 0.12493941500774955], [0.09725575734148788, 0.11123044762407873, 0.1157770274410068, 0.0905695226629494, 0.09673730953728377, 0.07147673355919205, 0.12157488085782361, 0.06868326306376916, 0.1357669063618698, 0.0909281515505436], [0.07794920167294161, 0.06940198206237519, 0.1254807413036238, 0.0932379678615398, 0.1289690521362768, 0.09560068472391395, 0.08740648890426171, 0.1435183590550766, 0.10107449265741147, 0.07736102962257625], [0.10140589612069285, 0.11888427273494778, 0.10730047077630481, 0.08632558821794493, 0.11071413297257116, 0.10583746383119343, 0.11229899337442303, 0.10677714293100087, 0.09700534507732035, 0.05345069396361061], [0.07622669896850755, 0.12754896069726, 0.028394513180022975, 0.06343902953352362, 0.06775538384760244, 0.1160239229030832, 0.12457213896428798, 0.15009272577182728, 0.15694819219005077, 0.08899843394384666], [0.06519950775224746, 0.12339470678897889, 0.15264653376550785, 0.09549301821371979, 0.13755330431908366, 0.0740631386841392, 0.07165312088690602, 0.12730393778478707, 0.12978208147019168, 0.02291065033443893], [0.10291450782332619, 0.05373042632187554, 0.11421351460580373, 0.03174712333117233, 0.09952271724768866, 0.10706136269396888, 0.12125607305133007, 0.13666019315607736, 0.13685411802303982, 0.09603996374570817], [0.0888630637880987, 0.1143348028155037, 0.0829632081133669, 0.011021309872930613, 0.14474239879689166, 0.1137307609074792, 0.10425661107410418, 0.08602286107419738, 0.11541467654981054, 0.13865030700763142], [0.10790726863179344, 0.1331401008502663, 0.07466436548042621, 0.12455945288361267, 0.10699433817591328, 0.06836644626644303, 0.10692885039617853, 0.0814707558342836, 0.11513562456967383, 0.08083279691146153], [0.06017717761070287, 0.08130127983964396, 0.09710124137389883, 0.11475548536931843, 0.09779726781282175, 0.06372903812409114, 0.10850806581511846, 0.1137533194331221, 0.14803800595500244, 0.1148391186662913], [0.09563643465636239, 0.06765352614929969, 0.1456598556336079, 0.09663435962079607, 0.0897283410851205, 0.09670328046435064, 0.11459542868261652, 0.10987333261183355, 0.09901231814371196, 0.08450312295226982], [0.12743420607182232, 0.10207162014245706, 0.10815684957187983, 0.08147691809916896, 0.11926097668878777, 0.09613394270831034, 0.10932789588092003, 0.10675203959899414, 0.09635489634874744, 0.05303065488890522], [0.0712728869388141, 0.057151088000548675, 0.07915604412902799, 0.11877167482225871, 0.12970643764043657, 0.10051708577391161, 0.1078343694071981, 0.0555495249920928, 0.1549546790253475, 0.12508620927040437], [0.10590694716694814, 0.1504804799167933, 0.15475052709731404, 0.09273846232414337, 0.0904643292563171, 0.0450371191510055, 0.02666285109858306, 0.08185795544205625, 0.16007809901499603, 0.09202322953186365], [0.11894946173811276, 0.05264378525889269, 0.1211633030349586, 0.11729936945289027, 0.10252530666205711, 0.10220332105503761, 0.09576293915095417, 0.11321537412424668, 0.12299598901604765, 0.053241150506810754], [0.15212922090459263, 0.1159910166040155, 0.04078526823458355, 0.08408541586637479, 0.04406316636181962, 0.14328912541167835, 0.06199672641847189, 0.1294003662246725, 0.11563315452316723, 0.11262653945061897]]], "bagging_alg3_list": [[[[[0.08405750498046334, 0.04959523491407031, 0.23830110600336354, 0.07242468886922976, 0.06866791465613457, 0.08962798028936113, 0.13683896397390574, 0.14173665831506202, 0.06146284916363772, 0.05728709883476063], [0.08734013164167126, 0.14213031754281003, 0.13319233255159652, 0.07360296556285655, 0.08419978508682423, 0.09595635100349409, 0.11767327351347308, 0.07212422244104097, 0.1215129879799416, 0.07226763267628654], [0.09568342968594039, 0.09659958749380444, 0.12594974288969155, 0.13492119459771434, 0.0668353843030551, 0.14128311548028855, 0.1134651357161012, 0.08324718066755749, 0.12477641051602922, 0.01723881864981461], [0.13302409709749305, 0.13423494535980468, 0.16399173781945894, 0.10361601470918386, 0.09293613227987751, 0.05489285741211779, 0.08327269994519715, 0.10081347314289907, 0.08733408659297147, 0.04588395564101835], [0.077278873577077, 0.09058118312164798, 0.09057242717676658, 0.07604805793528527, 0.03175206577816025, 0.14732565021460917, 0.2016435293561446, 0.10097428013256796, 0.10046289675694427, 0.08336103595078755], [0.05974119819470758, 0.11959126247780813, 0.17345891497793678, 0.1242208299275746, 0.07495016084739106, 0.1111433527956634, 0.135709561110345, 0.04169550607892589, 0.0745501863947005, 0.08493902719496121], [0.09320067251056155, 0.10500905871775719, 0.09334436945273251, 0.0901287697291796, 0.11112403953492779, 0.060926659451637895, 0.13907234040209115, 0.11794896873126945, 0.1401849676362538, 0.04906015383357075], [0.06867805753581048, 0.16896509841687235, 0.06898835815480236, 0.16856607009649838, 0.06872088015692149, 0.10773436333997648, 0.02233787425664456, 0.10588633028090955, 0.14845848629988853, 0.0716644814616824], [0.054644243203377296, 0.12545727360378306, 0.09428057234630731, 0.11490237277156945, 0.15579127077580304, 0.10921751205824598, 0.05748890286509123, 0.1292294011062869, 0.0928378556973725, 0.06615059557215769], [0.08182501250840468, 0.10336148072618397, 0.11091089544591262, 0.0995398290734139, 0.07314384358801126, 0.08016181686464681, 0.18275325977234916, 0.10220313557193417, 0.12008061399933245, 0.04602011244981916], [0.0986096388532875, 0.1391523474901967, 0.11936071885389767, 0.03643575775402628, 0.08821744663136868, 0.10935846009084582, 0.10232259911976972, 0.1184386483706237, 0.07557627886607633, 0.11252810396991325], [0.06148545013073293, 0.09735975213954615, 0.08962243393048949, 0.11734565477542674, 0.13915615612003093, 0.10848573348666099, 0.1087678242757283, 0.14637745550102116, 0.0904972329409117, 0.04090230669944565], [0.09016657553255006, 0.08953738415344625, 0.09166535256965272, 0.15260780220488598, 0.055845874621173866, 0.09120283416455115, 0.08864902494693126, 0.14665900069123602, 0.07998954777386401, 0.11367660334170979], [0.08212292147303639, 0.11618005683076323, 0.08835008819054081, 0.08298343350151081, 0.045919720025596564, 0.08464806118679619, 0.1132366894803105, 0.1719921258830285, 0.12642876961286825, 0.08813813381554307], [0.1424497881899376, 0.05554472168635543, 0.10966701649612767, 0.0618803537211857, 0.10388221284364674, 0.08277065474070028, 0.1657205224305547, 0.0397569676533069, 0.09548586146515052, 0.14284190077303438], [0.08255084654252494, 0.1488060484154887, 0.09411767892761098, 0.08404103473915901, 0.07860147254363548, 0.07995171456989976, 0.09300013482522633, 0.16387982928984696, 0.09937925334403616, 0.07567198680256042], [0.09409855529598608, 0.13364092817491366, 0.147112380249338, 0.1467784671988083, 0.024837896048221654, 0.06418040292890326, 0.09272396236449253, 0.09166264953725024, 0.11628221419995713, 0.08868254400214971], [0.1339152065486321, 0.06788505756343928, 0.14121942556731046, 0.12401950303220402, 0.11969593513613518, 0.0241122306618043, 0.15323333770702688, 0.08533878442231323, 0.052806203524990734, 0.09777431583613484], [0.158346967550364, 0.09362316119842742, 0.15983423737816516, 0.04576718795064666, 0.06594188507000759, 0.13020970678573682, 0.06733216214739897, 0.12694270937613447, 0.09986234444330874, 0.05213963809981126], [0.0626494351203893, 0.10481079613501926, 0.11717459168042378, 0.1647229085780432, 0.13721184956611504, 0.06668482965217815, 0.18147666846467772, 0.0677203232856483, 0.04602045657643213, 0.051528140941063665]], [[0.12088714319829831, 0.10518328793637581, 0.1482043001765597, 0.12405263093098126, 0.05849798318419983, 0.07933993261680239, 0.08200968546645084, 0.09939651993801163, 0.10880751726206994, 0.0736209992902579], [0.06680072734204485, 0.11441980026423999, 0.033056227552478765, 0.07418638861594586, 0.12994722749413887, 0.11460235929650694, 0.10401139711336271, 0.09214171141603641, 0.11550428695165788, 0.1553298739535879], [0.07123410226226252, 0.07336285251560619, 0.07941326539814789, 0.08102502790548706, 0.18069431416383283, 0.07996577588167227, 0.13821789147391894, 0.049594134802657446, 0.14141949112425273, 0.10507314447216799], [0.13034004906347954, 0.16546397034535382, 0.12467840214654631, 0.13818699617896946, 0.048083011182797925, 0.12451285117279569, 0.07892951354454839, 0.07377113706413334, 0.08394545600176688, 0.03208861329960898], [0.17297829341301313, 0.11460808305213048, 0.14828103610125018, 0.08346734424418495, 0.07804865049442473, 0.04301042114430895, 0.0876383036562517, 0.128096861768868, 0.0700618932901021, 0.0738091128354775], [0.0910977029084815, 0.05644541499104345, 0.09377552368407885, 0.11154556868488179, 0.10610447909016861, 0.06340855454950603, 0.1753047568889282, 0.13213938592687863, 0.09200179812753212, 0.07817681514848696], [0.15370415121332112, 0.08607470861234899, 0.09617615184481569, 0.0821544774970841, 0.09782346997998488, 0.06537998478131078, 0.20273794629767164, 0.06529048193688816, 0.06011942089395123, 0.09053920694262226], [0.12276511357568398, 0.06243112832779132, 0.11881390823436336, 0.08101189742146872, 0.07661814355130514, 0.05362508784989715, 0.11949254935678244, 0.13816424881643152, 0.12253855509940839, 0.1045393677668689], [0.13910594447232658, 0.05978013187684222, 0.07320424242817476, 0.15373725046243208, 0.09947045902668532, 0.12286130638659906, 0.06968834163053791, 0.05748791829224505, 0.1048558413085132, 0.11980856411564976], [0.07181813324472269, 0.11245789271931989, 0.08733989712309541, 0.09052413434078868, 0.12497128437859217, 0.05509122299226027, 0.09131492217988735, 0.12869353325496924, 0.14879124676876126, 0.08899773299766299], [0.09327410615879132, 0.10698100380685334, 0.08610306250176016, 0.15164316986772305, 0.12303014199749157, 0.11840783725819952, 0.09311301464727924, 0.08153637852858737, 0.10374871291603373, 0.04216257231727633], [0.17393676690140966, 0.08788586329901357, 0.04941284621262608, 0.16112158588381043, 0.0661383602166034, 0.0850986882844754, 0.12269598704648764, 0.03862400154273235, 0.09645532446032433, 0.11863057615252345], [0.1342555589526472, 0.11094768593632343, 0.030405062125468205, 0.1417501311979353, 0.11554870302219421, 0.13459443218131553, 0.09296909186262971, 0.10554342173595668, 0.04987244555885802, 0.0841134674266763], [0.11372818093578037, 0.1123044309291905, 0.08324092506868323, 0.0765750916779638, 0.102809005173525, 0.11989637939655133, 0.045763223958873625, 0.19857494137933607, 0.05965020962680702, 0.08745761185327232], [0.14391766302315392, 0.08649721811536934, 0.10583243473292972, 0.0749979968313489, 0.12296770417745119, 0.13833256034670252, 0.06342780422888276, 0.06861692939395386, 0.10224246941025816, 0.09316721973994894], [0.05266260827421137, 0.1694102485343389, 0.07354881808038294, 0.06774810821444982, 0.11137784693651111, 0.06914959310742186, 0.06174098633907884, 0.10910436868574969, 0.1666675742724467, 0.11858984755540689], [0.03966731178487354, 0.0860328243673556, 0.10618753955880478, 0.032610354423283965, 0.09290984296555148, 0.12130115072702773, 0.14688089053266792, 0.12734636889792048, 0.09188540601791521, 0.15517831072458324], [0.09675953611370909, 0.13913620684739655, 0.07371604330602878, 0.11179084046134573, 0.13472256185885306, 0.12074013645654409, 0.057313545384091266, 0.07325818365305845, 0.07828325416260251, 0.11427969175637288], [0.10082114564118441, 0.054484616754195976, 0.1000745354848735, 0.09815950746091355, 0.12516762769313683, 0.09293330347000629, 0.1666281133722941, 0.05256392009227756, 0.09880503750318816, 0.11036219252792291], [0.10860119451532646, 0.11298318734802767, 0.07153372485693231, 0.07810954152823361, 0.10912537589959581, 0.0585010774968023, 0.09390495375078707, 0.11661526089558188, 0.125938896131622, 0.12468678757707514]], [[0.13051857004736903, 0.15085690250265868, 0.09456577729925839, 0.05047535286742191, 0.06834766754555228, 0.08722990005553342, 0.142626235074729, 0.12397737260586078, 0.09409232417054235, 0.05730989783108139], [0.05796573763638951, 0.11790560112761297, 0.04953851171547221, 0.14042016494849183, 0.1076298170146445, 0.10357659291370885, 0.0814412576153431, 0.13736234428204977, 0.1083636138127895, 0.09579635893346643], [0.03220497166448474, 0.13320532056579568, 0.15681370311326576, 0.08329141332978814, 0.09273393149672861, 0.13504125378061502, 0.11388047384602872, 0.08083282802875243, 0.10720001356445837, 0.06479609061008114], [0.10694001997061806, 0.12702556111317898, 0.08454531273533306, 0.17257830410990785, 0.053806664153231896, 0.09787532345073142, 0.08778780667503541, 0.12012876450947634, 0.08703807857746088, 0.06227416470502098], [0.09738616118120286, 0.12137592236437374, 0.07885859400627517, 0.13047605022085496, 0.1361540233720316, 0.10739580386939607, 0.06211984765723135, 0.09960736993500036, 0.06826241909018127, 0.09836380830345579], [0.03997637574165517, 0.08713807041692347, 0.09341956770391686, 0.059573018907308775, 0.11180954985275861, 0.11933171529640678, 0.18901640597356514, 0.1424748551390986, 0.08143607035554237, 0.07582437061283614], [0.06925393567373915, 0.07003080090015387, 0.12693483437289957, 0.08684957220008649, 0.17249357202957646, 0.10393208562129798, 0.123615843491188, 0.08968824388589884, 0.08977451796422048, 0.06742659386093738], [0.13847305655919995, 0.09179288747108459, 0.1277063312192672, 0.035997127161228853, 0.09938231609197445, 0.0657373739493435, 0.125647132919597, 0.05044520326895315, 0.11674107706617891, 0.1480774942931618], [0.10031474759816551, 0.06796486831147217, 0.06559503692585014, 0.10072893614216924, 0.07137844181720727, 0.059441932291715766, 0.1288783196075018, 0.16926255321497316, 0.13146338600195193, 0.1049717780889892], [0.0730415466183138, 0.14452361562011, 0.13160489501069392, 0.08732429613238422, 0.0379081215783881, 0.1582260258494525, 0.0901389933835591, 0.10966609862154844, 0.0817630148353385, 0.0858033923502204], [0.05206295679583496, 0.12030966035804162, 0.08768358536047524, 0.16315972646154006, 0.09406672697918142, 0.04537089833918695, 0.13227597426643375, 0.11623378427223659, 0.07209643423414165, 0.11674025293293201], [0.12603818504944592, 0.07408886273126093, 0.10651505710391664, 0.19562711368056138, 0.10565586930355567, 0.06754930534807081, 0.048027131733325325, 0.06092978613367607, 0.09302177519339495, 0.12254691372279611], [0.04467144869456932, 0.11572717315826532, 0.06933004063807283, 0.15516522605687366, 0.14707323870039699, 0.08022048543773332, 0.10242823555519355, 0.13332101611608208, 0.10025195592175112, 0.05181117972105544], [0.1644680309664547, 0.08740352736294237, 0.07721759082592676, 0.08506264415461139, 0.13486339106430234, 0.06663085469480023, 0.08932843298288766, 0.05220877497458319, 0.1306226634470341, 0.1121940895264585], [0.08883264262259033, 0.06955416752454131, 0.14774217756512248, 0.09295144882114116, 0.12033036600710266, 0.0556043136685695, 0.08902407751090961, 0.07112948335658849, 0.07882453341900074, 0.1860067895044329], [0.06406479876737141, 0.07085685382776767, 0.11572935717182381, 0.03619210632513014, 0.08449049407510954, 0.11866427917466528, 0.09170610055281958, 0.16797439873437986, 0.1087693806756253, 0.1415522306952922], [0.13589996537981067, 0.11810987959995152, 0.10389581026435867, 0.039761338610460516, 0.08569884447378691, 0.08798094071745209, 0.06107370436402135, 0.12161692535679622, 0.10067129979606403, 0.14529129143729153], [0.08506772993643592, 0.1605097970688342, 0.10269494565397416, 0.08022494218705757, 0.08238107230279959, 0.11049455530123403, 0.1607082187826474, 0.09562380627092498, 0.06970878979265886, 0.05258614270343754], [0.028372658393345428, 0.14857706376722724, 0.06290188200177141, 0.06780707966673659, 0.1544815738349722, 0.14665977852560316, 0.13172897656756863, 0.08135345781498173, 0.1006172485779335, 0.0775002808498017], [0.1311411220103878, 0.04306036421146059, 0.13124533653524328, 0.06698218710505577, 0.0845993618667646, 0.037434290043310475, 0.06758784460722332, 0.11646784356657434, 0.193328951476025, 0.12815269857797024]], [[0.16269107829746784, 0.09098103530596778, 0.12396649547227896, 0.10282957063036924, 0.08821018938485915, 0.054199889737885344, 0.08669854936370618, 0.07925349850002116, 0.09115997625344342, 0.1200097170539961], [0.15633053858860338, 0.11012881475990172, 0.11063976944197626, 0.17391528471244477, 0.12208251624982326, 0.02944085149620661, 0.10195342876510695, 0.0883383659798674, 0.06923130734088359, 0.037939122665192955], [0.06380983877662066, 0.1706983885836089, 0.06450662255056594, 0.0884583361224804, 0.17126120880924892, 0.038159283210768905, 0.12135231500648613, 0.10055594422139212, 0.0688757886334672, 0.11232227408536408], [0.1062064304596708, 0.06259728902908006, 0.09549633492218523, 0.08540296844370447, 0.15440795298871945, 0.06822443592605733, 0.05773709116046965, 0.04956011258664421, 0.17642439430536308, 0.14394299017810633], [0.10040516242481408, 0.0607789876245338, 0.09080119625151994, 0.10757236338456523, 0.08767573333451177, 0.045019500903382415, 0.11073095680253997, 0.16284392828611313, 0.1425711220844508, 0.091601048903578], [0.11864417996478015, 0.14226254905528468, 0.13257862549411453, 0.06179904776396776, 0.08522554661357952, 0.03852410098070403, 0.0785110112355806, 0.1064160669785534, 0.1347760289081465, 0.1012628430052913], [0.09631807844795638, 0.1733641476826827, 0.0796437952665136, 0.0979461707788297, 0.034244768180616725, 0.11586564854881887, 0.10336380305463207, 0.07883347906979148, 0.15753488243409763, 0.06288522653606328], [0.07204388854192269, 0.05373290530085788, 0.13566506322183172, 0.10449686852678308, 0.084163970089362, 0.03710262415353323, 0.13635176153799236, 0.12443877451056151, 0.12326228424453142, 0.12874185987264733], [0.07036402509170538, 0.11312001020552011, 0.08749729580207119, 0.08152677968832565, 0.12196894630665787, 0.13060112689480238, 0.12354267327055017, 0.1052863249826396, 0.08859002375499012, 0.07750279400273964], [0.11194808364322532, 0.09989745546406888, 0.09486557849864048, 0.11755409112123925, 0.14634939099654767, 0.04845945047063268, 0.09265170985734512, 0.06223556868156456, 0.11855115784155461, 0.10748751342518263], [0.044549798599737324, 0.1102884025484792, 0.0514271277208924, 0.10589720981639673, 0.17602450990726465, 0.06836185805931203, 0.09794259805858714, 0.14199853828642667, 0.07391784587465454, 0.12959211112824545], [0.06260052682994041, 0.14479348795693806, 0.05384027090379831, 0.1558336587315509, 0.09026025165464319, 0.1297413885354641, 0.08944157040500743, 0.09152861379335173, 0.09524648611006198, 0.08671374507925621], [0.10099066032087717, 0.09605184891531507, 0.09766544029422088, 0.10647141260878235, 0.10704459556585341, 0.170028097939207, 0.13020672576758555, 0.08708938134634515, 0.04272115145272026, 0.061730685789085644], [0.13888811958434324, 0.12655779501494932, 0.1059901490917252, 0.086111890377434, 0.07501917416778615, 0.08956684332045153, 0.1298204461169824, 0.024600544142112043, 0.167520740806812, 0.055924297377406625], [0.07119688006574286, 0.07002640808491548, 0.09210117654761796, 0.11884798867973907, 0.16967007284579913, 0.14127616474460714, 0.07690720013102133, 0.1314610834196026, 0.046203280586086214, 0.08230974489485826], [0.0789165136949104, 0.08934090968612585, 0.1607890684402951, 0.10043579845510843, 0.09513765237292968, 0.09011817923304186, 0.1330612057643483, 0.060006538166269094, 0.07006783114822437, 0.12212630303874475], [0.12241485063164922, 0.11893663407084669, 0.10348433012389163, 0.07390958864940483, 0.10021481379839704, 0.08103858529364702, 0.169038073870411, 0.044429625394755715, 0.10398189897924491, 0.08255159918777086], [0.17346999486643294, 0.14465694993835823, 0.10122436126051021, 0.14906176162459672, 0.08547868230499017, 0.0870480398333364, 0.05950207746109954, 0.0726852718175009, 0.0754025732172122, 0.05147028767593531], [0.137477082616878, 0.06755082702065629, 0.08543302787659693, 0.10060253504662123, 0.17233189267529203, 0.07841830373237754, 0.07541584323390231, 0.08175085693265455, 0.12653842283602026, 0.07448120802901238], [0.1223322458841031, 0.09319323036964515, 0.10107329011692738, 0.09174726645053845, 0.08230234915998284, 0.06403094294061802, 0.09391972012460391, 0.09501548862361793, 0.15704100959199752, 0.09934445673798546]]]]], "bagging_alg4_list": [[[[[0.11715891218491188, 0.03903891846339126, 0.06927062757988717, 0.06742974332502008, 0.12155245958432982, 0.09662163229444677, 0.22394884355799893, 0.08948626171098825, 0.0928868924177066, 0.08260570888127457], [0.09071464199203433, 0.10346162381801768, 0.08370528152500559, 0.11054409916485339, 0.1816081740436737, 0.04052056545675006, 0.12348808933768708, 0.12255368863619669, 0.08927383672507913, 0.0541299993006846], [0.01275633027795985, 0.1304461784613253, 0.14453459611920322, 0.05010840196029637, 0.14914399264221814, 0.10310594682076836, 0.052955158305943106, 0.12954759920032213, 0.1136418868925819, 0.11375990931938], [0.1244848075208474, 0.1260226177850972, 0.06851879892442751, 0.11007888836817056, 0.16029717824862064, 0.06044938488735869, 0.06775411046750797, 0.11232518936094968, 0.07565595575371355, 0.09441306868331113], [0.10370002208444828, 0.12372708269488225, 0.12245059587040014, 0.07413712130092702, 0.08141983533704886, 0.04863810109530578, 0.21320877987208606, 0.09097725377480605, 0.060788075272169874, 0.08095313269792598], [0.1490680503012965, 0.10969541001824422, 0.07610333155923196, 0.037966086351559875, 0.1903538846808238, 0.08023256178648797, 0.10014247628753634, 0.05867222380537944, 0.12519143482044057, 0.0725745403889825], [0.1436273020004793, 0.029358105689548334, 0.0860389153995582, 0.06465133590912867, 0.1106517792161133, 0.1235583527714808, 0.09193824877847225, 0.16528141112422998, 0.112919754977896, 0.07197479413310144], [0.05201627079969895, 0.16341082637210613, 0.09997187437837035, 0.08326663626944067, 0.07667784836307799, 0.1708669479045581, 0.15446497671873796, 0.03385482348864555, 0.10530767039653213, 0.060162125308837064], [0.10293134176279527, 0.13473417192043408, 0.07565615316973098, 0.09765483297291627, 0.09184945726518733, 0.05071177456416456, 0.08080524602621865, 0.11422568151821026, 0.14913533819046434, 0.10229600260986936], [0.043105103833307026, 0.0753395561917281, 0.059471339506467026, 0.06315281930932654, 0.10092783402427744, 0.10908585422168458, 0.15080512771641197, 0.14022427987711555, 0.16362440066626813, 0.09426368465340741], [0.08680417684994791, 0.10076297627779422, 0.1021073393824628, 0.06475735464505576, 0.0653619617493008, 0.13327298109080749, 0.13437550110791013, 0.14691550161888248, 0.10813899478508714, 0.05750321249275163], [0.10861580470068205, 0.10568508302713138, 0.0922970880930929, 0.1052036095321353, 0.11559348602779194, 0.09917436590241567, 0.14710985780811175, 0.1074030534377607, 0.11160582292801287, 0.007311828542898191], [0.0966113761596777, 0.10263435443209154, 0.12605206813089165, 0.1695895199832678, 0.09294878423396742, 0.08015018479464937, 0.049182097178175344, 0.10872654010663409, 0.09584530510080379, 0.07825976987984647], [0.044806936346333, 0.16644604160455873, 0.07898629092421448, 0.11758399250505684, 0.0366019745566826, 0.08702766085146589, 0.04987719438080275, 0.19136099661924713, 0.13635735748241698, 0.09095155472924775], [0.07825841423488708, 0.16275705364619464, 0.1469136326367211, 0.051306759274115744, 0.09004673633983439, 0.06580810613313261, 0.09698883817250961, 0.07770579500706312, 0.13927907863859243, 0.09093558591693977], [0.12179796496598505, 0.17055951342399286, 0.10591449024760757, 0.1086058245257449, 0.14652665514960853, 0.06913241328244378, 0.04590694297601136, 0.11021665264747697, 0.04813402947585265, 0.07320551330527544], [0.11236820724969121, 0.07662536939843848, 0.14111135476697512, 0.11032005628804852, 0.1234006061156975, 0.07765245610865905, 0.09568128626494665, 0.014091428825056334, 0.09112797900163622, 0.15762125598085364], [0.1365062584562656, 0.09867892984371261, 0.08108125540940074, 0.07375200900977824, 0.0744841226853543, 0.10039890377974395, 0.15148588828752452, 0.0894855736160875, 0.07149823740967465, 0.12262882150245147], [0.17996382258397878, 0.04695735613391508, 0.13545731135278025, 0.058394510345605416, 0.0891509116605055, 0.1484501288316236, 0.09136302964735432, 0.07942639254162742, 0.10584960675167336, 0.06498693015093526], [0.07204946520035681, 0.07546741951950113, 0.0696729393530449, 0.17554863197129553, 0.09626185593500286, 0.0988315253924814, 0.10831438301639004, 0.08140515904887, 0.08222321989797576, 0.1402254006650785]], [[0.11890565073386791, 0.10604575818846491, 0.024387756304642315, 0.0600207042309964, 0.12432961166815497, 0.08956599142504115, 0.12179090557859712, 0.07613031010637702, 0.19948810134592995, 0.07933521041789206], [0.1465867139197371, 0.036831333425793845, 0.12349468705461215, 0.09735481618546553, 0.07737901241283617, 0.1562539028984584, 0.11484707118931732, 0.0849139285681761, 0.08322243719816108, 0.07911609714744995], [0.06622915989467272, 0.07468240364336515, 0.11971096837981383, 0.10349824951381913, 0.1095688488253589, 0.1003477665349211, 0.174700419279085, 0.12940111054539286, 0.03945440748689875, 0.0824066658966721], [0.08003071070920789, 0.052141102538744245, 0.0539865085592575, 0.07273636244296025, 0.12424770281142226, 0.1074134813622656, 0.12363218141643958, 0.1967258755176501, 0.11151223774520691, 0.07757383689685118], [0.13454048853417908, 0.08034395399930362, 0.08956459866104247, 0.09222795574539742, 0.09717720544935642, 0.1757929731954467, 0.11648647615513032, 0.05756650409767794, 0.10705302100396567, 0.04924682315849449], [0.1615283505574707, 0.0548261706503745, 0.11269178246063462, 0.1879195291640888, 0.0684773455162809, 0.07773209603067227, 0.11098402522630393, 0.04584087059193651, 0.11991828772577212, 0.06008154207648512], [0.12759172160762527, 0.11416805281091216, 0.09260291641699682, 0.07141639457700232, 0.10164997801913046, 0.08779051961229832, 0.05843960351950446, 0.13327605574025586, 0.08102595376145376, 0.1320388039348151], [0.05421962777387077, 0.06856102321532485, 0.12139852940779715, 0.056965642451158226, 0.0804112764825856, 0.19777706114600346, 0.10475933538280337, 0.09275935417051899, 0.11521396127821087, 0.10793418869175507], [0.019653790477324004, 0.13160004832982802, 0.09075859047263475, 0.09369644312165877, 0.15487964522130082, 0.07901130724443196, 0.0690852330412513, 0.13134355324892535, 0.1653360185347503, 0.0646353703078991], [0.11679886200596586, 0.15285986166340507, 0.12201810096285863, 0.11451439175035634, 0.062493786124631155, 0.078928074844862