{"SAA_list": [[[0.19562427776218191, 0.10748067503922505, 0.08076612902338581, 0.09335306485949259, 0.000943380252179836, 0.13569573200420834, 0.13440815844888948, 0.058239416397977244, 0.0876790403903305, 0.1058101258221432], [0.10641477357688346, 0.1771261664341417, 0.053827053360064575, 0.17368886990451154, 0.10829518097391519, 0.1313405362214907, 0.040562345730941064, 0.051473400533419755, 0.09267693428044178, 0.06459473898419131], [0.08995701117859017, 0.12109370088390436, 0.07233903746189195, 0.13039507448194296, 0.1731255507215417, 0.1331614574252081, 0.08166551684434475, 0.08982007364926294, 0.09340091743555695, 0.015041659917755693], [0.07044257474021452, 0.11913888384584728, 0.13898582113665656, 0.07850396333013127, 0.09854074817896002, 0.1617067550150012, 0.013449157074776378, 0.09596856678540218, 0.151044239848046, 0.07221929004496931], [0.10721643724094164, 0.10739324454609853, 0.11462949917010538, 0.09437023577550661, 0.14483078399081872, 0.052006279567999344, 0.05166187770297228, 0.10746606542327326, 0.1102474149938324, 0.1101781615884542], [0.04639807797042154, 0.07628073791324781, 0.07179868970493387, 0.13700800859817838, 0.18075041702816344, 0.09842202325364965, 0.16131214634184438, 0.11464353307594816, 0.07581086322532749, 0.037575502888270454], [0.12889552587905984, 0.08219093235469804, 0.1253086550803231, 0.1088064755871996, 0.05381118039052316, 0.07569635032190664, 0.12681434064166028, 0.10812569532428841, 0.16120180858939698, 0.02914903583094729], [0.05535761778490477, 0.0382234360466865, 0.19550886172592505, 0.06106833471409559, 0.11540347840702943, 0.09520036727221298, 0.1244574798605523, 0.08594376657565461, 0.10473679382107032, 0.12409986379187436], [0.12211647134822375, 0.057705568202960536, 0.1494345333140682, 0.0717732669777227, 0.10369275296585043, 0.11284391043091627, 0.11317881487841677, 0.0960951805109961, 0.08338544268279485, 0.08977405868802923], [0.15221086052048377, 0.13979607276757586, 0.0856862752350379, 0.06976764561614679, 0.07750843617772926, 0.14804079529370223, 0.09967262658817129, 0.10123361952880448, 0.05867991156497764, 0.06740375670737825], [0.09543339796486648, 0.04693764589444538, 0.1112763982693953, 0.07113048894905782, 0.1229394912246682, 0.18909832807456284, 0.10417879484666069, 0.03215549978059267, 0.11419942376224218, 0.11265053123349954], [0.12647442887424296, 0.10783336991252597, 0.19995252618581058, 0.14113910341487731, 0.0873420205151536, 0.13624008122746192, 0.032003125060799574, 0.07672680837060697, 0.06247093934763649, 0.02981759709087726], [0.10446378774433014, 0.1075789651576398, 0.09120707007040157, 0.1647706627560337, 0.05766713186481442, 0.056816638196916215, 0.06582824185094278, 0.17334093173424242, 0.10346244302813426, 0.07486412759653852], [0.1737416534810938, 0.1437738632467026, 0.030403596729912833, 0.045992867565853246, 0.06552913982823948, 0.09325174040426679, 0.10456550345897465, 0.09594551376651593, 0.10284350291402607, 0.14395261860442832], [0.1610284904039983, 0.03630353415381159, 0.02077336001441296, 0.10635718845961174, 0.015950276089147793, 0.11871395549414443, 0.13929703769893745, 0.14253673136048206, 0.11750105303493323, 0.1415383732905059], [0.1146781285697753, 0.059453944642209905, 0.037649499189498906, 0.11822222467891133, 0.13768922635181474, 0.07847243689770982, 0.09244669610678208, 0.1242199406817353, 0.11702900898061012, 0.12013889390095751], [0.07276326734194301, 0.09100091269564906, 0.01707660041561506, 0.17353706992420348, 0.01177156820679814, 0.15508073183548865, 0.1514028730743375, 0.10303672817420695, 0.12643668704211575, 0.09789356128963131], [0.049599771649024266, 0.15125364068464328, 0.062335527848147505, 0.06866512380826441, 0.0990657456146076, 0.08038916655999201, 0.0871771395939378, 0.12802825335319953, 0.14580116625890183, 0.12768446462929098], [0.11513275477476057, 0.10933354922356996, 0.12902327488295526, 0.11960770060972202, 0.045690193989436044, 0.13468085980803896, 0.04480861146630583, 0.1306503496740422, 0.10165335169339308, 0.06941935387778105], [0.082544682734005, 0.12459880221291074, 0.13365213175610094, 0.15154500663879467, 0.01743050053641942, 0.11047269579299353, 0.14470997864489116, 0.05993152225650148, 0.08308567279523883, 0.09202900663214496]], [[0.033314448888249984, 0.0919721899082148, 0.15163269573087212, 0.0931555023390927, 0.08633593072885569, 0.0993376793765335, 0.14381446091761593, 0.11071500780570533, 0.06679365746239671, 0.12292842684246637], [0.18056593168105978, 0.04902133914685498, 0.06394866693657193, 0.09743153918580476, 0.17474578536432275, 0.13524587285887282, 0.11326929847391433, 0.07614180106584229, 0.019836641580952604, 0.08979312370579152], [0.1593280260684086, 0.12602295711105307, 0.08714604093561094, 0.14045194249366655, 0.04958352763291794, 0.09508682272680716, 0.07002005805668976, 0.06318366959557936, 0.07858220452004569, 0.1305947508592081], [0.11640027031819716, 0.12531309443258065, 0.028032819270406042, 0.11347742007004151, 0.117215537673875, 0.0755621483468342, 0.10271141022300279, 0.12868663153515203, 0.11299101370027095, 0.0796096544296392], [0.056785635369628426, 0.045143981086633055, 0.14692871648015918, 0.12683178809664505, 0.025912368269595806, 0.09636743464186574, 0.08851069037148702, 0.15168131535338694, 0.13119755000421673, 0.1306405203263777], [0.011600378078232804, 0.053202022973313425, 0.18651785480035377, 0.07650236415486864, 0.17718578469305746, 0.09802040743447543, 0.09952845738093599, 0.11420453837136359, 0.11126548928740157, 0.07197270282598754], [0.04182975447679177, 0.09046433070593535, 0.06652376301107023, 0.14120913637673277, 0.1327273254288444, 0.16426651726588554, 0.13042572052196888, 0.0880188782028215, 0.09750647159716942, 0.04702810241277098], [0.10606304244660951, 0.09010975051019815, 0.15795992273983697, 0.07883867729340929, 0.146808010356267, 0.0003182141188028512, 0.07472706534619365, 0.15190378040209757, 0.10707592200267706, 0.08619561478390823], [0.08688127316485948, 0.12753575432935396, 0.142585909777231, 0.09682521109828912, 0.07441966408426015, 0.06905267884639858, 0.11795049832287575, 0.12364830885286127, 0.07585273064857621, 0.08524797087529294], [0.05488185756317341, 0.017180832785473013, 0.11110983445751045, 0.04325480730319149, 0.16729305718981194, 0.12341371579814017, 0.15027217910858562, 0.07024210114975103, 0.13369612443744838, 0.12865549020691175], [0.04880510338510867, 0.1512466478008489, 0.0738963946945471, 0.08650720047708738, 0.08918923334062343, 0.12936005559705413, 0.11277379349785983, 0.09944168834108771, 0.1160904084249273, 0.09268947444085525], [0.14125365013574695, 0.14308238131645584, 0.08615784700148228, 0.1052858212977801, 0.10206866895020014, 0.10361871596472588, 0.0892970599250938, 0.10670689517510915, 0.0567241078283095, 0.06580485240509615], [0.03322826873204211, 0.17230950357543118, 0.12219643300824339, 0.09531403275211955, 0.058358510913449645, 0.09202047561073746, 0.05513264197713569, 0.12565642202176866, 0.09942050198834386, 0.14636320942072734], [0.14428463420772278, 0.007474205102862078, 0.16675263333644014, 0.07952591118408939, 0.1377494258500608, 0.028318588946310157, 0.12291101668270274, 0.15172824293828285, 0.025279557074786557, 0.13597578467675425], [0.08457878666282678, 0.07950972099017581, 0.10909427480413958, 0.13898729143907135, 0.0757586586855595, 0.15496477733571778, 0.07929888960869713, 0.13578935945164744, 0.030517619944371386, 0.11150062107779186], [0.10538370780500605, 0.024634000514051204, 0.08125339186907184, 0.11746269960403577, 0.10173835936803319, 0.12071453402068882, 0.07198791936042297, 0.13661014919350262, 0.10150183598580016, 0.1387134022793961], [0.12298681265388485, 0.0643832878320564, 0.09808181488658808, 0.114542559204068, 0.10222643303993979, 0.06022925061049819, 0.13907246068545656, 0.09460837588499456, 0.04819080619756324, 0.15567819900495178], [0.028118602046335085, 0.0979372484721254, 0.160259316648286, 0.07498840575129384, 0.11438923393686828, 0.1033896343500579, 0.05744546775830003, 0.10445239597742759, 0.1332147776390437, 0.1258049174202614], [0.12232585080602047, 0.09620406140485148, 0.12105952908093943, 0.05542128168759158, 0.09789800773937674, 0.11616136835317649, 0.1305841911924486, 0.1092456299245187, 0.09658366104539422, 0.05451641876568796], [0.11872708461529745, 0.022208122578213255, 0.10617518074226148, 0.09612862145951773, 0.12691910612869223, 0.10887891969807202, 0.11288937122150196, 0.09284705742563155, 0.1158696854614576, 0.09935685066935049]], [[0.13452581573322414, 0.1027819302083751, 0.13001200335056973, 0.07351394861274918, 0.05655473589208929, 0.09639887639524404, 0.131412418324706, 0.09456110685954235, 0.10366661994660448, 0.07657254467689456], [0.11436051919989372, 0.07839412698853872, 0.10245493912151214, 0.09071074059572638, 0.09802041625935741, 0.14849923024293615, 0.04152588042433276, 0.09927638659989527, 0.11835295828511312, 0.10840480228269307], [0.12471642907679609, 0.16377893270969945, 0.10296114916450406, 0.11533713563173673, 0.144176422124868, 0.13892524665234982, 0.03679884165430811, 0.0579052964029269, 0.08702897720906848, 0.02837156937373315], [0.13335498307010762, 0.10786371031415562, 0.1220973379846383, 0.058283014900982456, 0.07642812795366427, 0.0922715037552266, 0.10116906777977788, 0.11235261371229008, 0.07433650297764526, 0.12184313755150274], [0.1296147595798286, 0.06921510552358168, 0.04327807850124964, 0.0411438809855325, 0.11419921846683041, 0.1326703846501977, 0.0761581449732598, 0.14433793428616032, 0.10086856982564264, 0.14851392320772494], [0.07534844970715492, 0.05899946811052785, 0.05094855910744579, 0.11536568245728564, 0.10481319674757121, 0.15207070803884556, 0.07723175912387806, 0.072014726197668, 0.13848262292237404, 0.15472482758724257], [0.11451033302993877, 0.026886836381905182, 0.11466253299572124, 0.12122533157506109, 0.07520157184693149, 0.11495975887297576, 0.14443378358137127, 0.0801728112826144, 0.09796654617075132, 0.1099804942627366], [0.12457312715942932, 0.07358769725479161, 0.1152030464498736, 0.11059001709519593, 0.06539803642890239, 0.17491504557857182, 0.16171139276849095, 0.010099910265754302, 0.08515759744948477, 0.07876412954950353], [0.0695141647149223, 0.14305685554015857, 0.06288562804085951, 0.01788505823352655, 0.05849128133200756, 0.13468375185824452, 0.112608299224375, 0.12617130705613333, 0.13300353984848665, 0.14170011415129075], [0.14449036693109493, 0.1244726826561574, 0.07005471799931291, 0.12610369692638515, 0.07419194111813504, 0.14554559035664938, 0.10906669129585701, 0.09735407169908497, 0.0843480684695724, 0.024372172547744337], [0.11588200802525402, 0.09630639544760111, 0.13597556333660318, 0.0957158041981772, 0.0975092549218606, 0.057485275310062145, 0.08172677293346713, 0.06904707454332787, 0.13744870766994316, 0.11290314361370202], [0.1061322261095771, 0.12182257968963515, 0.06711413551204261, 0.1009151872846705, 0.09655595572412333, 0.10120348077077097, 0.1198776176439554, 0.06140078931968889, 0.10867558353978113, 0.11630244440575885], [0.03323162413386228, 0.10505004740216498, 0.09694030571562809, 0.14084115890117044, 0.09784432257870065, 0.12842104768034154, 0.14380783630207408, 0.14748296561287216, 0.011679465404411392, 0.09470122626877492], [0.1678641726305913, 0.12478516219179221, 0.00603012430949762, 0.08534553140396692, 0.04133766702223001, 0.09734001708203409, 0.09774550363171242, 0.1272700270513876, 0.12912870095457588, 0.12315309372220927], [0.08830054559342494, 0.12623903565045708, 0.10191623795777342, 0.10758311802631072, 0.11963228629320788, 0.13347638323799663, 0.05329010485891287, 0.10491098533461601, 0.07435030260063347, 0.09030100044666264], [0.0049585970673591455, 0.09429092998503048, 0.07926624413411336, 0.1561868070017418, 0.17982377818787532, 0.08473363864378008, 0.11029460045676902, 0.14427806276242716, 0.12193471749668607, 0.0242326242642197], [0.15108810691533622, 0.06062109141392788, 0.12926838890103767, 0.03818479664055978, 0.06924075615037184, 0.14745610253907387, 0.12938789941211612, 0.11961792464406291, 0.14097815467915684, 0.014156778704369518], [0.07137524500658654, 0.0168572274916145, 0.088366602142553, 0.12797102394666593, 0.0684806583209346, 0.11961538620527887, 0.14553936123440775, 0.10787528090478443, 0.1063975585111678, 0.14752165623600352], [0.0964387517976857, 0.14323048104663175, 0.06851724530565084, 0.12750724681796646, 0.03649457563902249, 0.11270587495200224, 0.06412390011184635, 0.09519754026410335, 0.1410987800758092, 0.11468560398928408], [0.10522459757691174, 0.10999400710691437, 0.06695244928621873, 0.1279782132000368, 0.08937720781744811, 0.12630544917242217, 0.10348151883373218, 0.12861988094778806, 0.06316152365500999, 0.07890515240350417]], [[0.09597304801392553, 0.11634181477421567, 0.06795301427651335, 0.0996665872036089, 0.06880816778012916, 0.12734125078605998, 0.12494832568120985, 0.08435032814168328, 0.08519958166833752, 0.12941788167430612], [0.08512716637729668, 0.10538658135926696, 0.11297572940056105, 0.1119389159994193, 0.10260123507273945, 0.05149879374343122, 0.1112944684844406, 0.14398273677040938, 0.08068943780676985, 0.09450493498566406], [0.09632547829267653, 0.11279828182672327, 0.07662843407856017, 0.1096000697819241, 0.09128170125504667, 0.1157822097016259, 0.10036031516136913, 0.08487616990701793, 0.0867594197861562, 0.1255879202088951], [0.11447449622247302, 0.10893826491682351, 0.09285239774961715, 0.10028430017251048, 0.10077452850152048, 0.10070169406043934, 0.11014117051023453, 0.10774983274084532, 0.07367782791233402, 0.09040548721319981], [0.0905987929941794, 0.09002001248061395, 0.11033935697155411, 0.0720418686863901, 0.10987976172460984, 0.06989554968848281, 0.0749044779744545, 0.1436129199787984, 0.10362662880553002, 0.1350806306953821], [0.10165061824810884, 0.10665227828229437, 0.1178880876684553, 0.08399295127748321, 0.09327982219900789, 0.08152810144688652, 0.1222129683503861, 0.06775089027023977, 0.12606332544024557, 0.09898095681689273], [0.08180901124000599, 0.06492227312740202, 0.12778021279852464, 0.08586794218186664, 0.12484810464288347, 0.1083198650068704, 0.08743318240467438, 0.14290124774987525, 0.09118636799907112, 0.0849317928488209], [0.10598944010547506, 0.11412278593087534, 0.10905632907585401, 0.07951471726788037, 0.10660098762744964, 0.11919606411647327, 0.11265862270821748, 0.10594045561945989, 0.08809043401664264, 0.05883016353167397], [0.08022657570846695, 0.12192001604469974, 0.02872947061884151, 0.056663470328044356, 0.06393788059360793, 0.13196906902172129, 0.1249735449872482, 0.14930344688653788, 0.14433944544311447, 0.09793708036771631], [0.06912619122291838, 0.11922566390015912, 0.15681988854710863, 0.08861700021911269, 0.13439981222160033, 0.08654841854964726, 0.07206285138234743, 0.12762641908059413, 0.11944972356260843, 0.026124031313912364], [0.10702744770640911, 0.04972002042183162, 0.11545530427688029, 0.027541816252852097, 0.09480365595058936, 0.12029681118414902, 0.12085347093031777, 0.13521140089947423, 0.12525301156836374, 0.10383706080913672], [0.09242306923725138, 0.10839940725492762, 0.08355240756603187, 0.00931137251703539, 0.13913925023405907, 0.1267902238939194, 0.10351269092324374, 0.08421849828319748, 0.10447255956046961, 0.1481805205298708], [0.11313963610240726, 0.12868109723980942, 0.07607946758383338, 0.1171323782990457, 0.1034438058519747, 0.07910038734593187, 0.10752148584847813, 0.080511982942987, 0.10577495073365673, 0.08861480805187696], [0.06330081993857328, 0.07723779834702237, 0.09895101112067052, 0.10771964701785322, 0.09424880315339185, 0.07349449234123474, 0.10910851216243057, 0.11335745566766127, 0.13826776468541035, 0.12431369556575272], [0.09999321972875874, 0.06320188237377669, 0.14806783729846443, 0.08860146429441695, 0.08538340266909335, 0.10980708077328312, 0.11456946689053253, 0.10865709844055357, 0.089266209525912, 0.0924523380052088], [0.13282584211568835, 0.0970912753327654, 0.10990577052680121, 0.0748892790445488, 0.11523844576768383, 0.10873970908774835, 0.10956107986813513, 0.10582909612283417, 0.08725053883000178, 0.05866896330378865], [0.07506282821600563, 0.05303018781096051, 0.08044975478197723, 0.11001072743096028, 0.1252401613120125, 0.11438124373500014, 0.10808075225905868, 0.05441129532302629, 0.14317623036958793, 0.1361568187614129], [0.11154656164552118, 0.14595578536090947, 0.15865718033995335, 0.08565355953870728, 0.08694536437873406, 0.053160127288585796, 0.0264697181001509, 0.08111983066483656, 0.14921282830718588, 0.10127904437542239], [0.1240649185514646, 0.04917191339028037, 0.12335251402614422, 0.10973239680084745, 0.09862956924570013, 0.11483013024039129, 0.09587787668910473, 0.11256959567695858, 0.11319299699509486, 0.058578088384013016], [0.15797278461660258, 0.10982173989756862, 0.04105190832186577, 0.07609979515805793, 0.04063755947460224, 0.1600578898348156, 0.06113799547423401, 0.12763963002217438, 0.10354441741652864, 0.12203627978355548]]], "bagging_alg3_list": [[[[[0.08723482650638192, 0.04605716836954908, 0.23852291204540416, 0.067553790036614, 0.06594497538498754, 0.09463640371413039, 0.1370416254738802, 0.14398462484329047, 0.05816862654689759, 0.06085504707887997], [0.08986149834336314, 0.13896054028142185, 0.13283441126362555, 0.07076158770927946, 0.08433072730108332, 0.10285998198960533, 0.12109351271870648, 0.0709913660655092, 0.11294010191120589, 0.07536627241620246], [0.09751562194297916, 0.09566139191589522, 0.1264213994430166, 0.13001585774026633, 0.06515413806891919, 0.15090789222431614, 0.11420540330449323, 0.08200772327696604, 0.12001606818453464, 0.018094503898600234], [0.13856115353690557, 0.12956128047553175, 0.16575092885463358, 0.10109033109936585, 0.09288971882294289, 0.05908816222478573, 0.08369567326603021, 0.10047681123082891, 0.0818480043880132, 0.04703793610096027], [0.0816298827406611, 0.086000012138322, 0.08948616754395264, 0.067723151370196, 0.03028678016544239, 0.15419384369458405, 0.20230239659052948, 0.10031029913385277, 0.09459717399272898, 0.0934702926297324], [0.061592525719055546, 0.11621269668449931, 0.17395887460771578, 0.11957825202221355, 0.07368847995359133, 0.12049585762145536, 0.13481926129234778, 0.041699505339494916, 0.07094239454468906, 0.08701215221493716], [0.09556272351824488, 0.10245227646902362, 0.09765893739687191, 0.08615488847749045, 0.10845333707983511, 0.06640749322076264, 0.1391602558374174, 0.11871512207426392, 0.13289695855955003, 0.05253800736654414], [0.06934447866138552, 0.16348382229380146, 0.07263624994546772, 0.16127278385635746, 0.06788305978204637, 0.12115387633873857, 0.023128205072762045, 0.10333878602962199, 0.13986511529526563, 0.0778936227245568], [0.055656435736982854, 0.12341161095925525, 0.09522458427592312, 0.11290461462513957, 0.15115618032419703, 0.11874603404859195, 0.057332865773989085, 0.12906503630689123, 0.08818751688250183, 0.06831512106652989], [0.08594611155730136, 0.10067543643323165, 0.11347587191715149, 0.09510672118484947, 0.07135656726196966, 0.08459921808287924, 0.17960446050250553, 0.10117145448256426, 0.11572090304594035, 0.05234325553160508], [0.1011069149214823, 0.1356725757523127, 0.11970037358552134, 0.0343053714848948, 0.08585057335345038, 0.11653819456013059, 0.1021720850614357, 0.11774497425294016, 0.06861031893086579, 0.11829861809696876], [0.0623636697349448, 0.09559690891608082, 0.09110690110276415, 0.11439213813517579, 0.13699787982674824, 0.11446316060245408, 0.10939150337517196, 0.14581170101643687, 0.08747745010001075, 0.04239868719021411], [0.09181558063692809, 0.08792902929502547, 0.09149669801284317, 0.14763834515628615, 0.054533499819996986, 0.09635646568379243, 0.08858070859583836, 0.1463389730080749, 0.07709481390135005, 0.11821588588986628], [0.08158325625606284, 0.1075292809292301, 0.09235034675513537, 0.08035517940653095, 0.04530343346482722, 0.09845133023775139, 0.11298546223469154, 0.16824997074371437, 0.12026764681640117, 0.09292409315565463], [0.1467914722233617, 0.0544689725917953, 0.11201289173704693, 0.058168205783232826, 0.10166459350738953, 0.08662369381613957, 0.164816672141008, 0.03864616421318222, 0.09047365690945877, 0.1463336770773861], [0.08373310623483982, 0.1457505805700496, 0.09517616885030272, 0.08076035260493336, 0.07649534077793985, 0.08559083861348, 0.09313318956275175, 0.16181354187043887, 0.09523941477718204, 0.08230746613807957], [0.1007801340836236, 0.1306236011873641, 0.14877060221937435, 0.14248423668028196, 0.023944277340342927, 0.0682914375774292, 0.09249055393560382, 0.09139074209353817, 0.10918018214466631, 0.09204423273777146], [0.13996302191422363, 0.064442277444909, 0.1410058207912348, 0.11951610791977627, 0.11674118738006029, 0.026428448504618555, 0.15407681969093, 0.08540435562671878, 0.04847919172404408, 0.10394276900347542], [0.16256755440548903, 0.09238340538260158, 0.1623823793568441, 0.04238740805266121, 0.06348078227246091, 0.13540393983338844, 0.06713275163805185, 0.12638603336588414, 0.09284171200915362, 0.05503403368345201], [0.1005816459755096, 0.12096671097820084, 0.12890130722421703, 0.06785159249371583, 0.1781980748554434, 0.10759731107860877, 0.13119530738906476, 0.017622726409781585, 0.07767351267413873, 0.0694118109213187]], [[0.12443161666282011, 0.10166043649410678, 0.1499961891381409, 0.11649371803908536, 0.05696348912686097, 0.08574931300201709, 0.08234368589910696, 0.10128604099809231, 0.10378580881153729, 0.07728970182822327], [0.07028744574022971, 0.11111403707438863, 0.032748459314525954, 0.07115693299953021, 0.1273808952644528, 0.1202877260663302, 0.10378520087842677, 0.09237585606638442, 0.11034034455575246, 0.16052310203997044], [0.07376060330214972, 0.06879543938870213, 0.08067130851644247, 0.07888045889005635, 0.17465809402028165, 0.0898621490105447, 0.13836313345982834, 0.04997976206771552, 0.135641072972251, 0.10938797837202298], [0.13487142817478462, 0.09623336784006267, 0.04412943556928786, 0.08487926158209697, 0.16779434574438754, 0.10460119604010035, 0.03958914331700837, 0.11755495234069317, 0.07103534404830468, 0.13931152534327249], [0.13807699422381065, 0.13041425174384275, 0.09349062815221405, 0.09930641407486535, 0.06843969030826591, 0.13822803575487086, 0.14018777583428907, 0.0645865416927187, 0.03581027348760143, 0.09145939472752575], [0.0932820377900971, 0.055452389583566186, 0.09469419252702929, 0.10669244591391945, 0.10471026961472346, 0.06708602598494848, 0.175833986074411, 0.1327133881328357, 0.08853810278988705, 0.08099716158857424], [0.1609502337413288, 0.08396784587583564, 0.09629838985272723, 0.07345013059310504, 0.09393976316925157, 0.07143654012756966, 0.20324249101528913, 0.06483570549375485, 0.05697818486619442, 0.09490071526496473], [0.1273224990888489, 0.06163691181617034, 0.1193831681058603, 0.078260561304599, 0.07539944307681506, 0.05623906061690304, 0.11950200740677491, 0.1385307571071357, 0.11250411090858603, 0.11122148056830662], [0.05549453596102526, 0.12609327102208037, 0.07782113171148333, 0.12509142501415443, 0.0910759346902935, 0.16961113183490384, 0.09244900242141182, 0.10776221714998359, 0.12104941576648837, 0.03355193442818302], [0.07545418909553113, 0.11104500439855372, 0.08475182483416772, 0.08628179794932896, 0.11670911543652449, 0.06005436642959023, 0.0918146350914586, 0.12963635107765858, 0.14296901697834774, 0.10128369870884198], [0.09618397493323401, 0.10483372718486436, 0.08690862042646773, 0.14722163390626994, 0.12140614486035257, 0.1252180956508349, 0.09294534278680294, 0.0811674341326194, 0.09804396476395703, 0.04607106135458934], [0.1786918938026621, 0.0860184355659865, 0.05008221410532707, 0.15737986256962672, 0.0653025775493206, 0.09110837762881521, 0.12132154086636371, 0.038433494221209154, 0.08777183706384245, 0.12388976662684444], [0.1398906630531917, 0.10633831715624578, 0.029935675678958388, 0.13512240336602124, 0.11492226762874487, 0.14481561900731066, 0.09261683173669706, 0.10333015890929836, 0.04731632376270767, 0.0857117397008326], [0.11498382645503927, 0.1104161811929246, 0.08422724795133876, 0.0733279856517166, 0.10039416396407806, 0.1278441747281681, 0.04483121031099661, 0.19611133757031415, 0.05615949436751534, 0.0917043778079013], [0.14553910484927887, 0.08387342392945715, 0.10657452455489831, 0.07157795568866084, 0.11945135831783625, 0.14764981078637326, 0.0630231106580609, 0.06816294222349391, 0.0974625349966075, 0.09668523399533055], [0.053632339723036875, 0.1667865822164656, 0.0750808057150515, 0.06385307841892235, 0.11039711622098064, 0.07338134729304958, 0.062208958038921236, 0.1089192355319839, 0.15787349114981652, 0.12786704569177243], [0.04093699920303682, 0.08395364614998639, 0.10539129259953608, 0.031549486631445856, 0.09043222881947345, 0.1272420478098102, 0.14625009355787016, 0.12509941546271414, 0.08770376012459358, 0.16144102964155488], [0.09926813895132852, 0.1367921190785666, 0.07360254083962006, 0.10766846174469362, 0.13073395898962015, 0.1272515824646402, 0.058381015638739764, 0.07345165145811502, 0.07168765694346144, 0.12116287389121624], [0.10326622709018245, 0.05292096175234384, 0.10028794933564332, 0.09475571297499234, 0.12174108943171726, 0.09822362330823138, 0.16553939084012745, 0.053983154981519295, 0.09493862947739003, 0.11434326080785455], [0.11083217691537817, 0.11058675090642699, 0.07297388669496307, 0.07519883970184763, 0.10734461489862898, 0.06140721021247034, 0.09414231274253607, 0.11624783983380997, 0.12117324741624393, 0.13009312067769746]], [[0.13490837940452854, 0.14507298417140616, 0.09847137472415086, 0.04491224708179305, 0.06675002327576972, 0.09347926312254241, 0.1428467636838265, 0.12329128006059584, 0.0898255590667509, 0.06044212540863353], [0.05925123962728545, 0.11314996547505153, 0.04999946455026576, 0.1346118228016011, 0.10594385680750147, 0.11614773748946543, 0.08430980944424947, 0.13243890470438896, 0.10440049559712014, 0.09974670350307076], [0.03609159284066742, 0.12949842837367143, 0.15760269343073952, 0.08081024591359273, 0.09274721123468639, 0.14270922057088445, 0.11358062703889037, 0.07981907074822751, 0.10014139997545919, 0.06699950987318105], [0.03843788970602642, 0.07923441926998465, 0.1000681375150196, 0.06338119962466722, 0.14752387559667896, 0.10525072398023308, 0.12406582774878457, 0.12594151782824373, 0.07912335798788513, 0.1369730507424764], [0.09985444027918748, 0.11785288551983254, 0.07976385011700685, 0.1262300438739483, 0.1344487175626889, 0.11666643965546176, 0.06224869700044136, 0.09794192102986979, 0.06192150481401238, 0.10307150014756006], [0.041255921828920655, 0.08612226410226034, 0.09401970442335013, 0.056096718700211406, 0.1070865311337771, 0.12853059007021203, 0.18704906904123159, 0.14123766206965266, 0.07879121303366966, 0.07981032559671916], [0.0709875301733557, 0.064266017300927, 0.1290859233674848, 0.08408394067473555, 0.16932988524558318, 0.10976499906023404, 0.12446902249219254, 0.09220089659994839, 0.08603881253725958, 0.06977297254829042], [0.15965902392847356, 0.059299217873459015, 0.1419754145665465, 0.07496360136081912, 0.04035967884797058, 0.12187476543317118, 0.10853184111194206, 0.060564446883369295, 0.15132029283108683, 0.0814517171631568], [0.10223796015542667, 0.06266754257739561, 0.0671454124620654, 0.09836145639965752, 0.06967254669348391, 0.06492881999204805, 0.12954775609346103, 0.16872274934085693, 0.12618498975778966, 0.11053076652781699], [0.0747201663757827, 0.14235875618345736, 0.13250470913408058, 0.08168185381498261, 0.03757830507203867, 0.16780374416585012, 0.09115917588904857, 0.10918412136893232, 0.07444521374370901, 0.08856395425212096], [0.053422899565973084, 0.11762116757085574, 0.08768627859038416, 0.15658332473977246, 0.09221277536981841, 0.04972609441490971, 0.13441004387129918, 0.11777622820871948, 0.069198819470618, 0.12136236819764534], [0.12938815625832992, 0.07212048515328712, 0.10824653783443311, 0.1893605833895402, 0.10331617700258292, 0.07464849729238911, 0.04624518745534322, 0.06023671479898033, 0.08847911233791868, 0.12795854847718893], [0.045438181159456026, 0.11301158237157725, 0.07058384793381707, 0.1517353945076195, 0.14616268431414675, 0.0855045627663356, 0.10224820169667827, 0.13250120777769656, 0.09698968935752623, 0.05582464811515234], [0.1679351623818084, 0.08515579174288278, 0.07782786748216516, 0.08049269672825836, 0.1339319508857104, 0.07326535432228093, 0.08940434510969651, 0.05279294683100161, 0.12385823368483789, 0.11533565083135966], [0.0908497769557531, 0.06782928503460915, 0.14962018924130516, 0.08685828277194838, 0.11927770078120344, 0.0590967200434053, 0.08839474302969573, 0.07097947167734249, 0.07342177202880616, 0.19367205843593938], [0.06309271011584802, 0.06794677302488587, 0.11614620489485233, 0.03415605493936381, 0.08226975743823386, 0.12869564693909952, 0.09112673515459505, 0.1631687832440348, 0.10474670746712969, 0.14865062678195748], [0.13734890288876772, 0.11640897495888929, 0.10008638621959964, 0.038306073971204106, 0.08425559498038533, 0.09598244907843505, 0.06048438805034595, 0.12222480387614089, 0.09437858084657637, 0.1505238451296528], [0.08579912538884055, 0.15728627139563517, 0.10397328121689096, 0.07760130933189444, 0.08014279125362968, 0.11664417266949645, 0.16127769522756952, 0.09568639896114982, 0.0673610177175, 0.05422793683738645], [0.03464680616245448, 0.14729843958295646, 0.0619052370975105, 0.06439739805456608, 0.15158194095756625, 0.15709861441967454, 0.13165135066410646, 0.07962410613422756, 0.08965438996187755, 0.08214171696505057], [0.13332682271612026, 0.042668679066281315, 0.13399293915967642, 0.06413948923750501, 0.08230553889342865, 0.040468292080283796, 0.06874035129148917, 0.11637840619626126, 0.18412409050839273, 0.13385539085057446]], [[0.1699592552328389, 0.08838088955569665, 0.12453226094049527, 0.09791408455820667, 0.0843421936347227, 0.05742490258935699, 0.08688338366633892, 0.07944223168108297, 0.0853835620168837, 0.1257372361243621], [0.1603090311851499, 0.10604561285476917, 0.11101368865743409, 0.1694827472769027, 0.12085112240233853, 0.032189102979818966, 0.10172535138208852, 0.08932459620392519, 0.06654125793510648, 0.04251748912247007], [0.1474339881730134, 0.1009811847250023, 0.18887037198150042, 0.027764386710143266, 0.048480945282044226, 0.11751352130656832, 0.1089755132414195, 0.10557950010273888, 0.05769025230121827, 0.09671033617633534], [0.10810178123255303, 0.060343822439701766, 0.09785873701105909, 0.08133902066308264, 0.15231501714273085, 0.07250548364649188, 0.05781940697732771, 0.04975898351560972, 0.17023199939097128, 0.14972574798047364], [0.10295697551472398, 0.05950222454776544, 0.0924329726693326, 0.10470051471065367, 0.08566061998135069, 0.04778119666832381, 0.11076611855518431, 0.1633065204636896, 0.13745467487597043, 0.09543818201300483], [0.12032849378361364, 0.13778121631774998, 0.13149366061931947, 0.05944883554900273, 0.08311603239441326, 0.04879195733291016, 0.07743460148602134, 0.10735940745289002, 0.12889629941867345, 0.10534949564540422], [0.09818444759540448, 0.16894809279158937, 0.08118099123123072, 0.09509490128656788, 0.034460327891697694, 0.12177875287643804, 0.10425020390316626, 0.0790487584470896, 0.15226702306821416, 0.06478650090860225], [0.07330539035403803, 0.05280007710158098, 0.13686922642506344, 0.09988251817402907, 0.08193498329069186, 0.0484964831819369, 0.1358340656474781, 0.12068727094727882, 0.11637930506825817, 0.13381067980964106], [0.07368590802780353, 0.11071213746491365, 0.08789761018317825, 0.07814722989591269, 0.11885365479537292, 0.13761770450312327, 0.1234070547269447, 0.10408389737844788, 0.08492634362760951, 0.08066845939669244], [0.11477926552488486, 0.09837641995371547, 0.09586025805150267, 0.11212031463650686, 0.14536969254451554, 0.05152748549475136, 0.09222480829520925, 0.061636973226949686, 0.11456838852083076, 0.11353639375114655], [0.04543470858444138, 0.10833272769067452, 0.05183176511176148, 0.10275487336322962, 0.1744147849113588, 0.07187857092515079, 0.09801099117400643, 0.14174289012122532, 0.07106306431879153, 0.13453562379935272], [0.06667546618653723, 0.14245807709738276, 0.05379566595477197, 0.1492831542679196, 0.08797624677346093, 0.13948441331967149, 0.09013799855602289, 0.09214112281046552, 0.0869263798480873, 0.09112147518568041], [0.10267788911192811, 0.09269664290346205, 0.09826632949400257, 0.10117093736339319, 0.10392187880792422, 0.17983825200473127, 0.13005990403642853, 0.08634375192802678, 0.04073979690970423, 0.06428461744039456], [0.14191412577118842, 0.12293755927314935, 0.10707264571752169, 0.08277745123169576, 0.07424017944608656, 0.0956876811602425, 0.13057751735072326, 0.024549199235912575, 0.16181647107140762, 0.0584271697420693], [0.072326125052934, 0.0680384001032833, 0.0932541235422384, 0.1153702228892918, 0.16541385007818576, 0.14882423399473713, 0.07658416779492325, 0.13024392783873415, 0.04412396903893352, 0.0858209796667401], [0.08462358998543192, 0.08206712044827534, 0.1644702426588415, 0.09523481770912574, 0.09280757647911549, 0.09545967723030277, 0.12951805751381637, 0.059867601962647295, 0.06663930600056812, 0.1293120100118643], [0.1282936210731241, 0.11394988213622931, 0.10358430958452837, 0.07000655700634685, 0.098284406194479, 0.08536135874225555, 0.16970714639163378, 0.04408333931300041, 0.1001798674680443, 0.08654951209035235], [0.16004423274859336, 0.04157286407321521, 0.17942549071609099, 0.12944125605519288, 0.05189392590549175, 0.06892557268249211, 0.0646849035404262, 0.08072546105314099, 0.13735458078279456, 0.08593171244256531], [0.14717841260377793, 0.06247830282020589, 0.09028055074152767, 0.09443194573245509, 0.16903544876996113, 0.08621669306655677, 0.07502436093172965, 0.08291131079366373, 0.1158391658252755, 0.0766038087148523], [0.12901530202219222, 0.09147879066747805, 0.0999291577313514, 0.09041377968813648, 0.07971311968060692, 0.06949177625062677, 0.09402131172809017, 0.09315643472451267, 0.14760849108926932, 0.10517183641773106]]]]], "bagging_alg4_list": [[[[[0.11954965495464868, 0.03799133064593387, 0.06968998941946483, 0.0644462912245451, 0.11878738650798272, 0.1026381859673823, 0.2220573033344249, 0.08792788170183165, 0.08685502008266123, 0.09005695616112971], [0.09511840257111072, 0.10214537530858356, 0.08426686569399375, 0.10648869235706152, 0.17973082911213725, 0.04415089117073901, 0.1237595138541884, 0.12210812665804842, 0.0855724691974335, 0.05665883407670213], [0.013176434575621917, 0.1278589743038422, 0.14606563347239984, 0.047930438641828, 0.14711715454542573, 0.1085010977205943, 0.0522395443882193, 0.128503436290212, 0.10922336339417414, 0.11938392266770936], [0.12688653111472273, 0.12342888846540011, 0.06862132646354736, 0.10661829892452011, 0.15860881135728985, 0.06444209661565715, 0.06775972624280041, 0.11321469798370783, 0.07197570665967776, 0.09844391617268095], [0.10610600095583238, 0.11963828037807349, 0.12341514859147132, 0.07091844231382487, 0.07914454015602448, 0.0541068553451141, 0.2123489431627739, 0.0904330166851251, 0.05831678818760542, 0.0855719842241504], [0.1539916046464717, 0.10670483634820264, 0.07653854681131499, 0.037298607147309905, 0.18400616743011797, 0.08549504426302214, 0.10063970905457663, 0.0586664294097961, 0.11890622169583762, 0.0777528331933593], [0.1469754608858995, 0.026163652255039492, 0.08759485571314592, 0.05938288078976956, 0.10790866936424703, 0.13124368504212822, 0.09150507605725258, 0.16752652661937903, 0.10643518663484342, 0.07526400663830948], [0.053381159166972766, 0.15730445858558487, 0.10030997808431434, 0.07843690876723511, 0.07471577528110361, 0.18065751924225984, 0.1541024663853331, 0.034369424305716136, 0.09994737853943503, 0.06677493164204948], [0.10809084441905642, 0.13281121403278834, 0.07666410137782172, 0.09250252655926476, 0.09036554926605735, 0.053468355027203374, 0.08092102662403952, 0.11551936320196321, 0.1428672515967019, 0.10678976789511212], [0.043875244168329004, 0.07345611169416566, 0.060518138531714234, 0.06019950183518134, 0.09940285892842725, 0.11749772200071228, 0.15224104587532536, 0.14059448294283064, 0.15354536392179863, 0.09866953010153172], [0.08902241685417837, 0.09587421928981385, 0.09927303830364832, 0.06242038510472055, 0.06338901525730911, 0.14921808471878514, 0.13685792435255323, 0.14653370737027732, 0.09744933307712339, 0.059961875671601425], [0.11300956740027697, 0.10404954750574731, 0.09280696431781453, 0.09786447201141207, 0.11476581452359864, 0.10571713806848848, 0.14729715382668093, 0.10820230281599495, 0.10592884109281633, 0.01035819843717725], [0.09576811418875084, 0.0616212378687609, 0.10237440272901299, 0.07770196876644198, 0.0726582762569437, 0.1300002288262623, 0.13144164151014537, 0.12965343897791376, 0.09976969937800385, 0.09901099149775867], [0.1621458241323952, 0.09388579952599653, 0.08781289304639303, 0.08422597167240227, 0.10003639315131777, 0.09149550334992396, 0.08633302960976505, 0.11680763522550791, 0.04587307322766987, 0.13138387705862725], [0.08028965175211861, 0.1583530346694057, 0.14819859577133385, 0.05001601731933662, 0.0885880099035066, 0.07088170305599455, 0.09605517731934542, 0.07602615199676048, 0.13404798699497525, 0.09754367121722499], [0.12728579020073727, 0.16618678561251404, 0.10802981962347621, 0.10607858913930673, 0.14262199448034626, 0.07274377619962973, 0.046125648067357986, 0.10975966711500772, 0.045096658759047885, 0.0760712708025885], [0.11676847994675191, 0.0732984535873201, 0.14212749434943273, 0.10424131133268723, 0.12178076603209424, 0.0837613970948391, 0.09526848367451556, 0.012752457158300624, 0.08690287793738363, 0.16309827888666703], [0.1390615600449102, 0.09638969785766825, 0.08056491685957246, 0.07112077802727707, 0.07310264799428112, 0.10510203413716036, 0.1497006633451602, 0.0894533869092633, 0.06873543664766954, 0.12676887817703836], [0.1803266763172673, 0.045475601508738, 0.13617305187211376, 0.05650726164172232, 0.08651165482657112, 0.15552905565463462, 0.09042047655732056, 0.07776342572434614, 0.10051566837360768, 0.07077712752367432], [0.07327547438708806, 0.07367329686648334, 0.07001004046849714, 0.16986016464850429, 0.09481878028805983, 0.10320608500408249, 0.10895021038969588, 0.08090673392387014, 0.07929468471617762, 0.14600452930753774]], [[0.11222851774801902, 0.09308992649347482, 0.15563121082671028, 0.15457436532789462, 0.06972855876512174, 0.11127318832267478, 0.1143591183275954, 0.04550215404008443, 0.08896287739024493, 0.05465008275818332], [0.14895823476566966, 0.035384857499472185, 0.1238575103805889, 0.09328515228108306, 0.07535737731535111, 0.16438977992914786, 0.11254512118681431, 0.08426306177327784, 0.08028907645345267, 0.08166982841516139], [0.06522960561863292, 0.07334147232518093, 0.12064890848160816, 0.0994501358869754, 0.10801247393651704, 0.11137912393273772, 0.17371747211643096, 0.12654382684928114, 0.03490448384175643, 0.08677249701088825], [0.08253935027123592, 0.05020588938562732, 0.05431470752965602, 0.06898200099543682, 0.12210784618240839, 0.11530312835347992, 0.12309973444962634, 0.1964335058120126, 0.10624520241068816, 0.0807686346098186], [0.13647239393464233, 0.07868969247289041, 0.09086280978992682, 0.08905850437962282, 0.09409165313167187, 0.18523239745487075, 0.11636680309721198, 0.0566067027115798, 0.1013054194858728, 0.05131362354171205], [0.1656945383202877, 0.05395785528319737, 0.11329179581715225, 0.18193155367953642, 0.06689493213923696, 0.08255410086744906, 0.11140875945435472, 0.0455144542022523, 0.11612451906001692, 0.062627491176518], [0.13297039236623154, 0.10925155656148085, 0.09278333075080068, 0.0691278329937709, 0.09864096888166239, 0.09281813472190974, 0.05751672707651382, 0.13300203558489873, 0.07757737613588166, 0.13631164492684514], [0.05517114872425948, 0.0636558457869766, 0.12420688858785556, 0.05467399469383996, 0.07846811600798685, 0.21223605226009187, 0.10498202409342436, 0.0862782740162029, 0.10845786587800813, 0.1118697899513593], [0.019655142009919902, 0.12995893629445396, 0.09160669304868979, 0.09000977722194292, 0.1539641200802234, 0.08831171034648208, 0.06951437163076005, 0.13225807679938695, 0.15724205006969577, 0.06747912249843929], [0.11906609887759056, 0.1497638073967532, 0.126957360485475, 0.10598815922722081, 0.061471