{"SAA_list": [[[0.19098465735408124, 0.10598529150902591, 0.07498848698788946, 0.10306533049009806, 0.0011132743512341128, 0.12768821061401014, 0.13524371971262047, 0.06083601902655584, 0.09819119829337039, 0.10190381166111664], [0.10126941812210803, 0.17243772124921658, 0.04901531066643202, 0.18472682849091496, 0.11529432998383307, 0.12195758714858992, 0.04020284886075894, 0.052859378496011224, 0.10158771891751989, 0.06064885806460973], [0.08555387010962952, 0.11717495386436566, 0.06668974080950889, 0.13849662510229963, 0.18094452413357576, 0.12442612926266912, 0.08039528472480106, 0.09118279143769861, 0.10119982828904252, 0.01393625226641426], [0.06695241579172043, 0.11589722100170863, 0.13010878065941742, 0.08613038384245099, 0.10594130703923507, 0.1513533556122409, 0.013360449490762758, 0.09870642750638546, 0.16353548623183287, 0.06801417282424581], [0.10283815813292338, 0.10435681583298442, 0.10699997638741585, 0.10127769076224102, 0.1525763200752578, 0.047619146703132255, 0.051162490204107375, 0.10960951119223916, 0.11875640474244809, 0.10480348596724473], [0.04361688216559686, 0.0734108021942234, 0.06596495107564364, 0.14474864777797386, 0.18840615607451952, 0.09114474191882933, 0.15889173113832583, 0.1158118983629522, 0.08308736059222296, 0.034916828699711855], [0.12357419938181527, 0.07926322138536096, 0.11707591335509415, 0.11700202388017412, 0.0582158651003068, 0.06972251777481614, 0.12563263718956244, 0.11018806748814135, 0.17222088531695456, 0.02710466912776455], [0.05251237706903045, 0.036971181777287754, 0.18472171450008537, 0.06819084530594946, 0.12429829983992081, 0.08715284831549824, 0.12392529804042053, 0.08846097217557827, 0.11533387738404366, 0.11843258559218207], [0.11823105423113064, 0.05615784181706041, 0.14112036855061239, 0.0782915120462365, 0.11069023940347777, 0.10636796501956655, 0.1126239555752131, 0.09876122791593697, 0.09180724415462813, 0.08594859128613692], [0.14757552624303738, 0.13728301070646015, 0.0802126869207669, 0.07688277804203536, 0.08428612710967195, 0.13894788772703776, 0.09958418421269749, 0.10456763296598921, 0.06632473584941877, 0.0643354302228871], [0.09165641344077073, 0.04542305041348893, 0.10423464788835413, 0.07857833538270767, 0.13148753301681412, 0.1784261514221744, 0.10361078780090724, 0.03345726211544539, 0.1253557045358354, 0.10777011398349486], [0.12205568639287687, 0.10550143691067561, 0.18967806629495546, 0.15187762313703748, 0.0941395184281326, 0.12808505919211102, 0.03194836662926061, 0.07921054596663475, 0.06954689516519302, 0.027956801883111167], [0.09997438950447486, 0.10426252736064867, 0.08467018433190578, 0.17400766843643867, 0.061835374707090524, 0.051662219742919256, 0.06497847614430333, 0.1759459061383794, 0.11171949754608045, 0.07094375608776285], [0.167967432998232, 0.14056881149891257, 0.027493442714922645, 0.05133088992361174, 0.0711863035947877, 0.08650608861145197, 0.10415034251675942, 0.09904060566453271, 0.11342105376961925, 0.13833502870717784], [0.15538164891666675, 0.03510253848670528, 0.018641943410847, 0.11486712968208203, 0.01780768896423237, 0.11130611185881607, 0.13824676240543646, 0.14535194346984504, 0.12753768071920568, 0.13575655208616863], [0.10967287638972119, 0.05718514952622523, 0.03407754505608618, 0.12554285868829856, 0.14458117419508668, 0.07216040952000155, 0.09112381593635441, 0.12583359128223998, 0.1254144591920407, 0.11440812021392907], [0.0689902216970994, 0.0880209909673538, 0.015241909805148529, 0.18484506164371153, 0.01322403022969515, 0.14481979662945024, 0.14988323163583364, 0.10534154730630498, 0.13675012226941094, 0.0928830878159992], [0.046754137903308846, 0.14692846216623415, 0.05723303525377341, 0.07469743725701865, 0.1051884873524875, 0.07442042623145624, 0.0861481760001011, 0.13005998400175328, 0.1568585610945486, 0.12171129273931727], [0.1105147728857972, 0.10684735189239179, 0.12111531826394949, 0.12888802635314459, 0.050036875860438916, 0.1261483545836017, 0.04479408826946479, 0.1339609850577335, 0.11178020506766122, 0.06591402176581555], [0.07939126761526462, 0.12213665847042182, 0.12637736104370764, 0.16234951418533256, 0.01953272066596981, 0.10392035202860433, 0.1446637250582129, 0.061908025715676725, 0.09152459718818641, 0.0881957780286293]], [[0.03130610840352686, 0.08944681106676053, 0.14218261496096635, 0.10203134570468211, 0.09354527688820895, 0.09178209519589524, 0.14308560619116192, 0.11371234234324541, 0.07558607584119663, 0.11732172340435465], [0.17435971611180126, 0.04742441882257782, 0.057808812084157016, 0.1074470356660193, 0.1871863858235216, 0.12523704960792406, 0.11288602147867302, 0.079195835393761, 0.023479161659004703, 0.0849755633525454], [0.15376712373370116, 0.12316165460373453, 0.08019487854791382, 0.15243830306504247, 0.054699420486740404, 0.08796448032307366, 0.06965476279156008, 0.0654122630024707, 0.08764751142449323, 0.1250596020212703], [0.11048787239594199, 0.12093912376613429, 0.025002513013957485, 0.12177965405504075, 0.12419573713685943, 0.0685331961333426, 0.10114111908979215, 0.13063921758832084, 0.12273526879228955, 0.0745462980283155], [0.05340230915442926, 0.04328356827735885, 0.13680084738819545, 0.1377551735672285, 0.029187537445317376, 0.08826533972729736, 0.08780862143360534, 0.15530039262660936, 0.143931739270171, 0.12426447110977694], [0.010711184860280522, 0.05087666968551567, 0.1729598480527909, 0.08469452468329028, 0.18780939730518714, 0.08911465868520738, 0.09810781955741821, 0.11649925375608783, 0.12210446123498676, 0.06712218217924187], [0.039034578996651276, 0.08706807873531698, 0.06019901905781966, 0.15123948656624497, 0.14086043513742383, 0.15268467654681978, 0.12843619873580853, 0.08979681576604413, 0.10696885235438294, 0.04371185810348363], [0.10061160241305543, 0.08685113635520204, 0.1469277852243713, 0.08582522798695674, 0.15499212726438713, 0.0002665461085862749, 0.07350604514251918, 0.15380920075043084, 0.11647274383743121, 0.08073758491705514], [0.08292131538188788, 0.12423073018133868, 0.13287466224138086, 0.10599542560313906, 0.08117352406113376, 0.06312026980798709, 0.11714300576577638, 0.12690647108529304, 0.08468671879932005, 0.08094787707274471], [0.05168365902393806, 0.016414886097702735, 0.10226444267742815, 0.048773185279874794, 0.17774145336241098, 0.11374653219835873, 0.14886505106575026, 0.07255014915449086, 0.14578435051067926, 0.12217629062936194], [0.046163554899493746, 0.14721930007015385, 0.0679307477703165, 0.09470350459840793, 0.0961901210891117, 0.12050429203431705, 0.1114871238551453, 0.10180075237781469, 0.12640408970214673, 0.08759651360309507], [0.13563199851286417, 0.13940897178092784, 0.07896271157236363, 0.11592659280870234, 0.10991275166818994, 0.09581682724435381, 0.08869056951681914, 0.10958073727534531, 0.06438352893054546, 0.061685310689885836], [0.03123099887639326, 0.1683726100740848, 0.11384725795832996, 0.10462794108455432, 0.06398763084513638, 0.0846103729331169, 0.05474217649948947, 0.12881161467608035, 0.10961206272106544, 0.1401573343317421], [0.13825382644050088, 0.007104678990323494, 0.155373738035286, 0.08857497688251155, 0.14844795525853405, 0.025040025771874606, 0.1221753228837374, 0.15597173293481428, 0.030029589493923037, 0.12902815330850045], [0.0806742160709035, 0.07735184863133222, 0.10166556660597514, 0.15095351523214132, 0.08320619467826094, 0.14542666223776607, 0.07909905146390882, 0.13955950329759934, 0.0356099478088343, 0.10645349397327594], [0.10037865471995003, 0.023437202678940824, 0.07439782153959182, 0.12682762197551395, 0.10895988209982765, 0.11154783475788163, 0.0711186769680749, 0.13926918232629235, 0.11206942423836573, 0.13199369869555075], [0.1181631264116847, 0.06238171507503239, 0.09081043446506244, 0.12420643699584945, 0.11009933367897289, 0.05505262533172295, 0.13824640778709676, 0.09748289529105379, 0.054881337473478106, 0.14867568749005677], [0.026330374704544267, 0.09471621724320556, 0.14979711341819182, 0.08248764981795531, 0.12221102368166151, 0.09565378838267961, 0.05697514360099365, 0.10725057508041194, 0.1450069719137854, 0.11957114215656697], [0.11772655522808441, 0.0938068802113168, 0.11318284897955638, 0.06177942069110082, 0.10546463528848186, 0.1080540551292019, 0.13001543111322433, 0.11221746242337644, 0.10654870421286, 0.05120400672279853], [0.11349337867736767, 0.0211794829472828, 0.09782368161734706, 0.10493404485791052, 0.13498349603001494, 0.10060763089874429, 0.11169234064781176, 0.09503345627271906, 0.1261739167566608, 0.09407857129413846]], [[0.12924085021294127, 0.10004501861041952, 0.12102001004420324, 0.08232395598144032, 0.06263002581422149, 0.08886405830479846, 0.13078112848943985, 0.09767284102350504, 0.11525457914241884, 0.07216753237660829], [0.10923573451276049, 0.07582167857374739, 0.0943614309186922, 0.10001992473556984, 0.10600194437185519, 0.13847445266346195, 0.04120344657828474, 0.1022150972124431, 0.13004605265575322, 0.10262023777742829], [0.1180565642967053, 0.15861161425333162, 0.09358189650208602, 0.12708186032321503, 0.15490475238714266, 0.12765061513252587, 0.036329475615697444, 0.06004138020518428, 0.09778205941718317, 0.025959781866928683], [0.12849892385096168, 0.10536615513753361, 0.11404482049103232, 0.06559960801324284, 0.08378000384178932, 0.08527462869381314, 0.10093643483623856, 0.11587719075415659, 0.08418717710894223, 0.1164350572722888], [0.12357568360754591, 0.06670358046989423, 0.03832042686441714, 0.0473570880799575, 0.12372481111147128, 0.12255445611502579, 0.07556011980254203, 0.14812613732986527, 0.11296975760941311, 0.14110793900986973], [0.07051737163867275, 0.056311952732440586, 0.04533426203439378, 0.12632738568840382, 0.11300453156820701, 0.14002082780792943, 0.07613063779440352, 0.07416568611569936, 0.15192746561921117, 0.1462598790006344], [0.1090385356825011, 0.025616733255644522, 0.1054448191464769, 0.13225115375762578, 0.0826294289051911, 0.10577577208152444, 0.1431346494736431, 0.0828932980162929, 0.10928959837313285, 0.10392601130795855], [0.11964489233183004, 0.07137522986040695, 0.10631848126190097, 0.1223667153121875, 0.07339971967833865, 0.16370020659750764, 0.1617335329864921, 0.010794530107728005, 0.09648218144252856, 0.07418451042106804], [0.06611225817364547, 0.13975064840280688, 0.05690175538535622, 0.02128936759379622, 0.0654146874713196, 0.12484228315924219, 0.1123354017878175, 0.1304211752190009, 0.14755101201231913, 0.1353814107946961], [0.13811153586206332, 0.12048683945360712, 0.06317067709931011, 0.13708600943304666, 0.08147278788829358, 0.13470222615890295, 0.10795692405939748, 0.10016766012265436, 0.09459582438018439, 0.022249515542545163], [0.10967525239821609, 0.09272339105652162, 0.12491142710289158, 0.1062558786532703, 0.10631521592459321, 0.051149065005437026, 0.08071184444699066, 0.07122071439166115, 0.15101092945869476, 0.10602628156172775], [0.10123699945438763, 0.11841628994745583, 0.06086433796371032, 0.11025057021097665, 0.10393316090279052, 0.09343445746456454, 0.11887976231718166, 0.06350012618932696, 0.11905042230852189, 0.11043387324108349], [0.031009450079357636, 0.10208920404499974, 0.08936776936556791, 0.15375517862639315, 0.1065143514501971, 0.11865862332787783, 0.1431713822936886, 0.15185672924453025, 0.014289139708115737, 0.08928817185926383], [0.16002036733032102, 0.12034129669010125, 0.005136217781872301, 0.09480981818356927, 0.046439007481970634, 0.08804956942987877, 0.09650395691837242, 0.13027018788867623, 0.14273863374440726, 0.1156909445508315], [0.08392832095512869, 0.12264318053518697, 0.09397348638318895, 0.11782471757682268, 0.12883452715122448, 0.12362419087857496, 0.05279185329430745, 0.10771485385418686, 0.08357866218248461, 0.08508620718889476], [0.004424480835779533, 0.08924055123191645, 0.07003938590209759, 0.16601060350220856, 0.18840259696475456, 0.07481915891200575, 0.10729866730110883, 0.1453366766475292, 0.1327001959224509, 0.021727682780160143], [0.14483616734566943, 0.05842143621589277, 0.11963699156779443, 0.044037371810956225, 0.07639218023926979, 0.13675271178936024, 0.12856364379640084, 0.12319890676016472, 0.15528634601402813, 0.012874244460461055], [0.06691168090589686, 0.015985560456957003, 0.08018193340088105, 0.1395894170683427, 0.07537486898722108, 0.10903893098563203, 0.14393074107372036, 0.1108360693797204, 0.11849254845456711, 0.13965824928708231], [0.0914828550302637, 0.13899484460763104, 0.06208328102696592, 0.13867485301741386, 0.041048740259069676, 0.1032014517083053, 0.06346228667113113, 0.09800630780022113, 0.15451030068533328, 0.10853507919366606], [0.09995672990476569, 0.10630992313502591, 0.0599348889747266, 0.13983363650421374, 0.09726595209614129, 0.11664480849242607, 0.10242912512275915, 0.1318562667439381, 0.07188976018597026, 0.07387890884003184]], [[0.09091806975650757, 0.11275469074541948, 0.061172814812198086, 0.11062807726083226, 0.07645618961787709, 0.11723763217291575, 0.12402801251795996, 0.08760857067172824, 0.0966222675326461, 0.12257367491191229], [0.07969779629792326, 0.1012598437100193, 0.10286386855923935, 0.12297389227029222, 0.11164761955541781, 0.04496238928310173, 0.10966093324785854, 0.14712993095429663, 0.09168033537024953, 0.08812339075159441], [0.09133086862261576, 0.10918596408618038, 0.06903823384252625, 0.12031694811464286, 0.0999875919434651, 0.10617732806712049, 0.0994773591549123, 0.0877427098532271, 0.09785201087410891, 0.1188909854412048], [0.109117026608569, 0.10553993511882864, 0.08493506081674293, 0.11040549113501481, 0.10951690334993212, 0.09206883085214143, 0.10916011685969884, 0.11082690934312397, 0.08339312298779714, 0.08503660292815168], [0.08555297730853503, 0.08663254281778317, 0.10073885126408018, 0.08109819276777086, 0.11895543111294057, 0.06261544395411026, 0.07406406955330588, 0.14697407361382755, 0.11560877055020585, 0.12775964705743467], [0.0967093316440805, 0.10317321616913609, 0.1085246307483625, 0.09308257257007439, 0.10126988018941561, 0.07404444030807975, 0.12117305970359238, 0.07027312302675726, 0.13862503670814472, 0.09312470893234989], [0.07693645680730729, 0.062062742473619904, 0.11710397473312194, 0.09567253009140428, 0.13454513864040968, 0.0986954612980282, 0.08641025161040584, 0.14647899105248652, 0.10297226000704471, 0.07912219328618368], [0.10078563817285531, 0.11063544368984421, 0.09970097555067084, 0.08877375603088865, 0.11590570090106242, 0.10943132611389131, 0.1117281783664536, 0.10920874864284211, 0.09902960178692533, 0.0548006307445608], [0.07491711839623791, 0.11730262488491759, 0.024695645849966023, 0.06515471851126312, 0.07133703407099637, 0.11971222317608511, 0.1233093730115325, 0.15299340879545353, 0.15967028974080244, 0.0909075635627299], [0.06437563396791812, 0.11460725610380378, 0.14418020473556925, 0.0983619373171532, 0.14391859327632675, 0.07700026014020571, 0.0708942430954378, 0.1304089229310339, 0.1326919695832609, 0.023560978849289194], [0.10183211113693558, 0.047783926325434954, 0.10623433463533435, 0.032676086160224854, 0.10409253200218167, 0.11043065675241048, 0.12023965726212821, 0.13934065030087042, 0.1392881662147275, 0.09808187920974483], [0.08784001014407555, 0.10558438140565549, 0.07599941343240575, 0.01138129444595205, 0.15102060754358917, 0.11743078227722123, 0.10335058911393212, 0.08790145031969629, 0.11770108393507814, 0.1417903873823971], [0.10715648747413703, 0.12427110259576522, 0.06840941541203495, 0.1277998617529125, 0.11195939536994107, 0.07084201281588502, 0.10615414286763479, 0.08328006418766058, 0.11740728917681172, 0.08272022834721902], [0.0592475727990359, 0.07408415124127361, 0.08988767482705179, 0.1174620336024861, 0.1021109232209855, 0.06586164429747131, 0.10760326100006237, 0.11595517359295898, 0.15060076802790912, 0.11718679739076325], [0.09484396866679301, 0.060699698505166974, 0.13688423812449096, 0.09936609507498523, 0.09436628260469623, 0.10012249900430943, 0.11369085829209766, 0.11237817208841626, 0.10107126590325224, 0.0865769217357962], [0.12692943639783127, 0.09382439331059295, 0.10106816049580042, 0.08372937958747294, 0.1245956442554541, 0.09939816373343299, 0.10867832963790632, 0.10911555803804159, 0.09831996680261303, 0.05434096774085677], [0.06994414057339458, 0.05032851464647203, 0.07146766848974737, 0.12152896553795711, 0.135157528884145, 0.1035613793100157, 0.1064264193819911, 0.056594684671243504, 0.15745538166595335, 0.12753531683909458], [0.10543018759895068, 0.14119055267660816, 0.14663048440976345, 0.09568379105538441, 0.09539081732320737, 0.046985541479384114, 0.026098466121007097, 0.0840444072785828, 0.1639496331640325, 0.09459611889307723], [0.11804468220249469, 0.04696546203603184, 0.1135403467244552, 0.11996818902138226, 0.10693152420583608, 0.1051911353565663, 0.09468094782823759, 0.11528802678417524, 0.12504887106552026, 0.054340814775306084], [0.1511014713246683, 0.10637476624346105, 0.03601937487809693, 0.08634826443082168, 0.04674043035152248, 0.14774365012904372, 0.06074128133223236, 0.13206645551349092, 0.11777138097189815, 0.11509292482475796]]], "bagging_alg3_list": [[[[[0.14818093405432348, 0.05803937035134197, 0.1199495237328086, 0.08334643120277214, 0.09012412447221681, 0.04600001565906408, 0.06759904904292414, 0.12127570004082795, 0.12391611768191547, 0.1415687337618058], [0.08743983737453535, 0.13675051732584947, 0.12751405329042162, 0.07495020591369671, 0.08676739881427442, 0.09791540379863971, 0.12053962374579076, 0.07257367506636075, 0.12187060852578742, 0.0736786761446429], [0.09543607843512128, 0.09346305845901477, 0.12182829163302482, 0.1362831027948505, 0.06810563435194227, 0.14332150977253857, 0.11256623208638028, 0.08522087966389762, 0.12633709987294614, 0.017438112930272698], [0.13451216492193485, 0.12888725771942955, 0.16036338064858863, 0.10560662431353719, 0.09478368815952971, 0.05625085198378461, 0.08325215714853099, 0.10209479273471246, 0.08798080157107428, 0.04626828079888261], [0.07702977282237014, 0.08652013591111339, 0.0865051364268674, 0.07708225134592643, 0.03255973872574099, 0.15124284490458859, 0.20176641878099125, 0.10189410583594614, 0.10157557007891294, 0.08382402516754124], [0.03723049873828507, 0.06609782852992138, 0.22079830992222, 0.07391163853308924, 0.11650726267428202, 0.08041733204780659, 0.07592748245102533, 0.11846503910863544, 0.1708622295707617, 0.03978237842398514], [0.09298465038327967, 0.10032470644428548, 0.0855782361747058, 0.08927493725498907, 0.11593081505497578, 0.061740313630014254, 0.14027762991494175, 0.12025850092345507, 0.14380306837511034, 0.04982714184423709], [0.07264173387409703, 0.16739212009858662, 0.03963854661871425, 0.055470658419028575, 0.11259825889673808, 0.09726491297082489, 0.16257023359203046, 0.1149821601091921, 0.07051944084966028, 0.106921934571132], [0.05440122842028907, 0.12071124446120038, 0.09103054717176982, 0.11624510455251168, 0.15837861049437696, 0.11061588223841319, 0.0572876980218916, 0.13065087229617792, 0.09366171320617357, 0.06701709913719692], [0.08058033741596653, 0.0998136868674866, 0.105230334569578, 0.10199897478460962, 0.0751634414007043, 0.08111111686538496, 0.1824482606778916, 0.10395922724287873, 0.1210316041494296, 0.04866301602607542], [0.037527245311805256, 0.11587133479840789, 0.08538215004615086, 0.13284103157755803, 0.21010413850713802, 0.07954964814838592, 0.047055411626738895, 0.05842232242892718, 0.14600075147056976, 0.08724596608432103], [0.061523709403560244, 0.09348850146556328, 0.082639982681059, 0.11802768803792477, 0.14444147063781965, 0.1102997195967303, 0.10860248689514437, 0.14831132447708842, 0.09123589431436259, 0.041429222490733435], [0.08984999897940822, 0.08562132456487855, 0.08666331872196524, 0.1545644457811106, 0.056719312517890474, 0.09287801885236958, 0.08861600229338794, 0.14790020872662368, 0.08155231683841632, 0.11563505272394231], [0.08106632972983116, 0.10920367041820107, 0.08554537764926369, 0.0842278813379737, 0.04677451044140344, 0.08935928220032426, 0.11285661945918028, 0.17416064872969594, 0.1275114008756457, 0.0892942791584794], [0.13996663193780803, 0.05415723423768581, 0.10296521603109274, 0.06358595263913974, 0.10667696853662235, 0.0835078182829694, 0.16625103481882042, 0.04132490686301937, 0.09659345583642083, 0.1449707808164166], [0.08228576162025102, 0.14319184861334916, 0.09134449148987617, 0.08535309242723776, 0.08060518922041487, 0.08259361787769297, 0.09273638151640008, 0.1654810180915636, 0.10091186121726828, 0.07549673792594383], [0.11057204445407863, 0.054958762920134685, 0.12425953459665622, 0.10107061208323605, 0.14962040234300897, 0.06976314161438334, 0.0820805598831058, 0.03979300210993408, 0.09847928690478201, 0.1694026530906805], [0.1356624931872977, 0.06310674919517519, 0.1336279227750606, 0.12610559838114657, 0.12382523701183946, 0.025338262115688473, 0.15385635105978407, 0.08736968078957585, 0.05253833284108056, 0.09856937264334598], [0.15968071850251495, 0.08923049168058338, 0.1505879947105754, 0.0467048277710376, 0.07040495819559794, 0.13268803884871513, 0.06707246953900187, 0.12796487423516906, 0.10367182160577598, 0.051993804911022214], [0.09890191307104276, 0.11693504394146162, 0.12510229465226322, 0.07096637637023784, 0.18687285765783918, 0.10322338511457316, 0.13091461548460637, 0.0177610674665664, 0.08283903062764138, 0.06648341561377506]], [[0.12078352282845789, 0.10046087859044328, 0.14299759458763203, 0.12622720012835684, 0.059804645490235724, 0.08095414770140238, 0.08164932423591602, 0.10215587867707107, 0.11035654400360434, 0.0746102637568956], [0.0671861512937087, 0.10952096236587362, 0.0316301374900432, 0.07491695391084642, 0.1316073369313265, 0.11564488525862672, 0.10296504577456789, 0.09379263036156726, 0.11622455023278225, 0.15651134638065917], [0.07216884064801994, 0.06439970795781107, 0.07649168202131829, 0.08138828475968603, 0.18820736448084444, 0.08303528257887267, 0.1341855325564, 0.050116268974151994, 0.14461217515711666, 0.10539486086578623], [0.12422022890953455, 0.09204998729636193, 0.04005225534621812, 0.09801417622678828, 0.1794831422334047, 0.09690398517237035, 0.03995373884277184, 0.1164938878619704, 0.07755322812220974, 0.13527536998836945], [0.1736623412828821, 0.11076786060172042, 0.1428660710864122, 0.08483103736209434, 0.08106599285596819, 0.043687133723815344, 0.08726234668580027, 0.13062040578334747, 0.07101535634696346, 0.07422145427100792], [0.09053837976392647, 0.053287468680292896, 0.09088536949801217, 0.11308178311159679, 0.10774014141299368, 0.06415246669909501, 0.17428289885004156, 0.13432438004926456, 0.09299855957407877, 0.07870855236068278], [0.15333081745472538, 0.08300546185910793, 0.0932385308335158, 0.08363515636552586, 0.10041119817699075, 0.06603969592831106, 0.2019686965208748, 0.06630452469827236, 0.060946194333719915, 0.09111972382895862], [0.12166957903554664, 0.06018957745610212, 0.11521327869501387, 0.08158180231835883, 0.07874111210940561, 0.05453087916304537, 0.1189931518628386, 0.1388375706437515, 0.12445541964587138, 0.10578762907006517], [0.13818496782107373, 0.05661135186611619, 0.07089951038784445, 0.15520819325440224, 0.10154393454903574, 0.12419646629166191, 0.0690903414998469, 0.05816943423256634, 0.10545157741777005, 0.12064422267967947], [0.07153266811165389, 0.1078745073243806, 0.08169623598824022, 0.09133498521667278, 0.1305005260207734, 0.05734152517758236, 0.08945752911231977, 0.1293841026170991, 0.15036201089492784, 0.09051590953635984], [0.09216963583992932, 0.10215791101359772, 0.08177626119750624, 0.15374528106165608, 0.12571289478908085, 0.1206786086284626, 0.09387826900665092, 0.08296792495798985, 0.10439141011920385, 0.04252180338591773], [0.17278828933253237, 0.08488870116504722, 0.04741695029612441, 0.16250202666791316, 0.0677645809945315, 0.08615380621729272, 0.12192899389142504, 0.038806185281390744, 0.0975123787109609, 0.12023808744279035], [0.13473952220888308, 0.10518671872314432, 0.02877034502510396, 0.14215686139839254, 0.11757869198010522, 0.13772994295927715, 0.09222511146340381, 0.1073840549811213, 0.050269050531260004, 0.08395970072930989], [0.11348987411781476, 0.1075798579050078, 0.07903274878396528, 0.07769576963879159, 0.10604921322860374, 0.12137402638990512, 0.04640236141984929, 0.2002593328493306, 0.060136367465746764, 0.08798044820098187], [0.14331242736859998, 0.08156330735864505, 0.10160743587012737, 0.07683326976498613, 0.1259206661252023, 0.14010550752251405, 0.06355065772146132, 0.06886717531443708, 0.10345566473067287, 0.09478388822335622], [0.05082029332331699, 0.16170375592014138, 0.06921982075257042, 0.06880405293478249, 0.11419461202939774, 0.06999890827524022, 0.0617493298850192, 0.1144530052475333, 0.16868790273965195, 0.12036831889234346], [0.039771650819543675, 0.0832674898051203, 0.10228625074068456, 0.033114509269802014, 0.09422244934744244, 0.12319483038296049, 0.1458823663204115, 0.12845122474804943, 0.09256872131054657, 0.15724050725543198], [0.09699394561489186, 0.131961061898299, 0.07154065685432648, 0.1130784502979501, 0.1386573631869547, 0.12191700440319929, 0.056051349932687136, 0.07364543456692316, 0.08068290200500469, 0.11547183123976144], [0.10040013731627886, 0.052602845126200296, 0.09743499231257512, 0.0990701335958994, 0.1275139252162212, 0.09442035279605647, 0.16514361477623105, 0.053183383996349184, 0.09908198586211324, 0.11114862900207903], [0.10810254411946447, 0.10788953992195272, 0.06803576160796097, 0.07967081724624676, 0.11123833916706354, 0.05920273561106084, 0.09128375612993467, 0.11844888788937871, 0.12840763356151907, 0.12771998474541302]], [[0.13138188176618548, 0.14346900619808, 0.0890582956380245, 0.05416704402155306, 0.069712142145861, 0.08924468309288593, 0.14250250536129033, 0.12723256081233758, 0.0956789938109333, 0.057552887152848675], [0.05762288582833357, 0.11157718125369134, 0.04484174896819077, 0.14255921832033605, 0.10978444996326729, 0.10808661434879643, 0.07956625546595943, 0.13895654267518165, 0.11010812561376428, 0.09689697756247477], [0.03317993648503735, 0.12803703474086536, 0.15222216670379546, 0.08449300459362503, 0.09569069722673397, 0.1376055646574545, 0.11395722956240055, 0.08123280639278603, 0.10817415524271516, 0.06540740439458773], [0.10611598561282778, 0.12194164302767498, 0.08176990750721212, 0.1736789500221993, 0.056223547997854596, 0.09981101417603344, 0.08769434983551039, 0.12061603932546304, 0.08948194043447742, 0.06266662206074539], [0.09688281876851879, 0.11429955664821927, 0.07327760460047168, 0.1338908619098131, 0.13911705957651, 0.10993279385923391, 0.06235434041613016, 0.10290446780116605, 0.06808530707752536, 0.0992551893424141], [0.03943009312578674, 0.083558631309293, 0.09035274423748621, 0.06042665893681711, 0.11470517753690529, 0.12085560288134867, 0.18735513423787437, 0.1448056559714456, 0.08223530701154817, 0.07627499475149349], [0.06838643591092441, 0.0603792117027724, 0.12355278270242524, 0.08846814521089386, 0.18005971962353018, 0.1053654005277305, 0.12299735881009537, 0.09344136654902307, 0.0887961311288107, 0.0685534478337888], [0.15726742633386026, 0.05864579296396293, 0.1374079411908518, 0.07935056029415276, 0.04280968520032276, 0.11661814891356422, 0.10813422393444125, 0.061643333145243666, 0.1595110495234372, 0.07861183850015244], [0.08998563111817248, 0.08176339261690327, 0.024268016036065813, 0.061376257449429907, 0.11335470079513586, 0.10759000188253465, 0.09103346808999638, 0.11376813125831375, 0.1905281911664048, 0.12633220958703673], [0.07329929113893181, 0.1389221426166731, 0.12797269364402195, 0.08884639592589534, 0.03851893133079305, 0.16021067540046358, 0.08980653947729465, 0.11055284906539042, 0.08501052612065098, 0.08685995527988646], [0.052155386384974654, 0.11495264686603048, 0.08349073053792277, 0.1653294099279792, 0.0965662916407757, 0.046760674825440954, 0.13234534772530224, 0.11747037058536162, 0.0727931304402826, 0.11813601106592961], [0.1257079556846851, 0.07112230740189536, 0.10405112800249784, 0.19769131846266497, 0.1074827603036917, 0.06847151366543058, 0.0465552394164391, 0.06153295206499282, 0.09370931741473691, 0.12367550758296951], [0.044406576177036694, 0.11040421591386886, 0.06707575340480842, 0.15624720927403593, 0.151177836659172, 0.08149921195392268, 0.10240523468789714, 0.13366239560941418, 0.1006263252261653, 0.05249524109366021], [0.16236848536723708, 0.08088910646750272, 0.07453481780077899, 0.08681867913994468, 0.1400710145314308, 0.06937967374984808, 0.08898849592871305, 0.05268592505038676, 0.13170136094683857, 0.11256244101731966], [0.08825431427532955, 0.06641654428104563, 0.14351716228542025, 0.09600594559802757, 0.12311003817648278, 0.056401297505111844, 0.0883283444086841, 0.07184549930990852, 0.0786541348442445, 0.18746671931575107], [0.06285224741822315, 0.06711984937363759, 0.11224156441013905, 0.03672206823817158, 0.08596188245917913, 0.12225518181745583, 0.09100159131168814, 0.16909294456762558, 0.10999288017683535, 0.14275979022704718], [0.13523711259109483, 0.11348409224609814, 0.0970270069642644, 0.040919389423701436, 0.08800040206150771, 0.09212282363713516, 0.06054070933951176, 0.12387374540043303, 0.1009082826149329, 0.14788643572132384], [0.08425247843701496, 0.15560162577125256, 0.09936087203782092, 0.08151656819863248, 0.08537522465684012, 0.11262426146253657, 0.16075882061971497, 0.09667059610499659, 0.07068366353683868, 0.053155889174354105], [0.026562592076083576, 0.1438990611646297, 0.059230595217218567, 0.06835384411020456, 0.15941677266853524, 0.14929464193825429, 0.1299618328465439, 0.08222170089993838, 0.10244778621423682, 0.0786111728643476], [0.13051849098604473, 0.04095463821464541, 0.12604197244062157, 0.06766699939624772, 0.08691673228093741, 0.037953880719136614, 0.06635782274658503, 0.11764877751404028, 0.1968927231216505, 0.12904796258007034]], [[0.16254091552979513, 0.08562818281634442, 0.11817886533337935, 0.10587182511336782, 0.09406682486778331, 0.0548472425258191, 0.08632006709353361, 0.07981117472356153, 0.09072209769246216, 0.12201280430395178], [0.15711625446453872, 0.10265226053299192, 0.10640069165836012, 0.17689472682315197, 0.12448965516745579, 0.0308944008611913, 0.1021182873461035, 0.08952589611594938, 0.07019282109246668, 0.03971500593778669], [0.06396148324336534, 0.16553994639069927, 0.06194044276598271, 0.08987179932905498, 0.17439575893949266, 0.03854003418945736, 0.1211209998056793, 0.1012067516427919, 0.0694095933122369, 0.11401319038123643], [0.10524391972358904, 0.060252930980721535, 0.09243549701271209, 0.08542530078175549, 0.15764815848532715, 0.06900710450556176, 0.05740434984997369, 0.04984287241559559, 0.17765802742705653, 0.14508183881770975], [0.09997240174628472, 0.05860242586599237, 0.0874776985702852, 0.1085279209076676, 0.08988668233470079, 0.0456976304781702, 0.10990315939107148, 0.16433776924750224, 0.14345749571753483, 0.09213681574078827], [0.11876522180364296, 0.13451204932299057, 0.127802595859052, 0.06233149902398824, 0.08687022876569378, 0.04294559406958244, 0.07766961069307377, 0.1105091598457242, 0.13666826612477784, 0.10192577449147734], [0.055470539295334666, 0.10730881698432573, 0.06677136521602758, 0.11499440761994965, 0.08274672381482615, 0.08476196208826535, 0.20157201165668812, 0.12201589118622339, 0.052076252972001524, 0.11228202916635666], [0.07152086945855594, 0.05174345071944188, 0.13032024409718287, 0.10624224598289576, 0.08659388710299387, 0.0386638409800983, 0.13624844973661657, 0.12523130566627144, 0.12356150938909387, 0.12987419686684998], [0.06880125795174943, 0.10904058213336261, 0.08445224227938644, 0.08246755434751961, 0.12511249097614005, 0.13241517974530906, 0.12299170662855019, 0.10728576229838732, 0.0891806101371093, 0.07825261350248255], [0.11199770514656193, 0.09600245346928177, 0.09237153874700803, 0.11945672004221208, 0.14851375464550715, 0.04934110903133134, 0.09230390896054032, 0.06260938935830752, 0.11945353400396132, 0.10794988659529162], [0.1072491437147654, 0.07795455993525369, 0.08468149345941203, 0.08400494715799312, 0.1126124615828604, 0.030563580086402815, 0.14862692520143927, 0.166504436310147, 0.11933777917885187, 0.06846467337287761], [0.06180118018483457, 0.1329442779995912, 0.05194080032409486, 0.158126660942279, 0.0936133684770581, 0.1304892509523273, 0.08848744589315775, 0.092220367856262, 0.09976925814402997, 0.09060738922636069], [0.10069837191067958, 0.0923688849136271, 0.09353582779452561, 0.10806039745202528, 0.10924394129953127, 0.1726403476568363, 0.12970233259596836, 0.08826168084579775, 0.04295900466031578, 0.06252921087070211], [0.13915115970428782, 0.12156694388885819, 0.10347053316779482, 0.08699873084506438, 0.0771083130954043, 0.09107150424516035, 0.12974871535706134, 0.024758655827554134, 0.1691873548284716, 0.05693808904034769], [0.07079327182896573, 0.06752750324257611, 0.08933331047210566, 0.1201058799714128, 0.17221547237443893, 0.14244425812483383, 0.07640998442735596, 0.13195372360475513, 0.046300327679922065, 0.08291626827363192], [0.07899537751997913, 0.08457669173003446, 0.15699151512660592, 0.10196951727642208, 0.09720988149735715, 0.09208932758291084, 0.13179936399105954, 0.06089265999424615, 0.0709958768174347, 0.12447978846394543], [0.07086594628293628, 0.14799566667374117, 0.053992900426892074, 0.06319074240007072, 0.11483605056538038, 0.12270258377980582, 0.10780579312145797, 0.07114582368757197, 0.15255596327823717, 0.09490852978391355], [0.15590330358952345, 0.039663522744343364, 0.16890442233317798, 0.13819433182087132, 0.05525262895658597, 0.06304370266547986, 0.0655904692290396, 0.08397842616079634, 0.14547807980381278, 0.0839911126963752], [0.13627141349802097, 0.062106837678151734, 0.07460369974259552, 0.1027361802052098, 0.1771072757418728, 0.08228898952676988, 0.07599555493220801, 0.08226084553884006, 0.131842821890619, 0.0747863812457046], [0.12120246738719873, 0.08964143502347316, 0.09723982803701338, 0.09286630046284661, 0.08398396562931748, 0.06525704599398216, 0.09365778696976444, 0.09586833830547585, 0.15869673595723366, 0.101586096233668]]]]], "bagging_alg4_list": [[[[[0.11580149309013267, 0.03648033537691427, 0.06589147945559663, 0.06785093316722524, 0.12516897834010696, 0.09865271233860314, 0.22197614090994636, 0.09064900481041918, 0.09404909031520606, 0.0834798321958527], [0.08897732455688441, 0.09856518903208503, 0.0812405898167809, 0.1122065620457411, 0.1870629482599348, 0.042168343203436716, 0.12229696276897432, 0.1230970568817305, 0.09008243208296919, 0.054302591351474895], [0.012585502208923745, 0.1251452706710413, 0.13994697009309, 0.051031783159441686, 0.1524729018117238, 0.10437932580407233, 0.05296973108051727, 0.1305611420877483, 0.11474991372383593, 0.11615745935960081], [0.12406350217342976, 0.12000273019536868, 0.0647729931783653, 0.11134332238976473, 0.1637847896840689, 0.0624857539842047, 0.06740083598480649, 0.11334633525897304, 0.07728931221251077, 0.09551042493851017], [0.1040657130826693, 0.1191019295073504, 0.11850167594764309, 0.07508890991960032, 0.0830771966462722, 0.05028015536360354, 0.21301400619661232, 0.09297519983677605, 0.06148901419806725, 0.08240619930140543], [0.14804005780818505, 0.10553325524074879, 0.07330346162590652, 0.03842758553432328, 0.19443361347610957, 0.08144522786769673, 0.09980745921858693, 0.05927893170415693, 0.12655234673085716, 0.07317806079343016], [0.14308325893735588, 0.025470576260156877, 0.08311183564001624, 0.0648859901990096, 0.1125485971703409, 0.12495088763074488, 0.09090071564597016, 0.1680539596662194, 0.11417575344565338, 0.0728184254045009], [0.051632879478222225, 0.1550817116101454, 0.09533064874554595, 0.08488346615321447, 0.08031858447501039, 0.17414742535633637, 0.15624891335333116, 0.033920765027239515, 0.10586174408651738, 0.06257386171443748], [0.10274079587178554, 0.13040541843107292, 0.07231181214832995, 0.09963458095596081, 0.0942350374376247, 0.05146708782219791, 0.08032142752174394, 0.1154269996025119, 0.150320220947108, 0.1031366192616583], [0.042934597377106455, 0.07202966365166011, 0.056741424762410085, 0.06376929638230079, 0.10303094569635861, 0.11093420322423046, 0.1495669425209485, 0.141153576582701, 0.1650291304347045, 0.0948102193675793], [0.08490894224331777, 0.09630673175063559, 0.09732372550191612, 0.06549302382688466, 0.06674963000431643, 0.13895219071960407, 0.13463441664507475, 0.14886198666717007, 0.10809567141026175, 0.05867368123082143], [0.10744124035397079, 0.10177226273646199, 0.0892370519196246, 0.10581801525012871, 0.11927615645610355, 0.10065429336410717, 0.14584966210556258, 0.10913093048636496, 0.11291220315721459, 0.007908184170506271], [0.09625129396057028, 0.09815858049017721, 0.11921509756247686, 0.17211188561297874, 0.09608707713542237, 0.08066835253458733, 0.04907174328706264, 0.10969139480241773, 0.09723599959672956, 0.0815085750175742], [0.043618848180679425, 0.15584222057529995, 0.07480112048005008, 0.12041889458715654, 0.037883794988178836, 0.09003245105178347, 0.04986426071992939, 0.1937603366345082, 0.13751299470739267, 0.09626507807502098], [0.07752014295097809, 0.15713332396559165, 0.14106859296791902, 0.05238280185277997, 0.09222292408633322, 0.06739640710278584, 0.09622289216046748, 0.0805839468753732, 0.14068978297891657, 0.09477918505885373], [0.12126852555957034, 0.1648810448284333, 0.1016296428899033, 0.10919032287260018, 0.15161197329995676, 0.07021587025084308, 0.045897846069075654, 0.11171037679624464, 0.049526522921882254, 0.07406787451149373], [0.11123619708732098, 0.07214393645810988, 0.13674851596731905, 0.11266963736577866, 0.12715733045313798, 0.0798371104053621, 0.09505777828340237, 0.0145540677084053, 0.09161733311134662, 0.15897809315981698], [0.1368734163753678, 0.09501165653337589, 0.07716620764939848, 0.07575987402113368, 0.07579097039389943, 0.10223535688282419, 0.1500291986281889, 0.09057649265437838, 0.07222855010565318, 0.12432827675577447], [0.18021339708304726, 0.04552244803627599, 0.12780375417310785, 0.05918022863601998, 0.09107296368923759, 0.15102098831149757, 0.09074720671086114, 0.08040917756930921, 0.10725399989108868, 0.06677583589955959], [0.07126031702818086, 0.07292179555086764, 0.06706220939107797, 0.17696668068978846, 0.09800798209265288, 0.10025127423031616, 0.10786977491604782, 0.08202075516661174, 0.08249108937730838, 0.1411481215571437]], [[0.11717311417192319, 0.1008103796500299, 0.023480810074379764, 0.060661746767066475, 0.12609629351838544, 0.09188280142951874, 0.1211854454253371, 0.07687367815476179, 0.20196381221241663, 0.07987191859618475], [0.1458689876213851, 0.03511793358765302, 0.12020064639689146, 0.09800766087256933, 0.07906619640589048, 0.15858697641099206, 0.11379834941537109, 0.08547836042591173, 0.08392721156276, 0.07994767730058272], [0.06526599748465176, 0.07252304940150928, 0.11578193999416325, 0.10445416003991503, 0.11097186823172507, 0.1029189792355771, 0.1741044059688385, 0.13081857268768676, 0.04018116289516967, 0.08297986406075795], [0.07987901721545829, 0.0492883431966128, 0.05136585979786779, 0.07316065617433105, 0.12658962464110715, 0.10916930707706882, 0.12267666695611437, 0.19755162088977024, 0.11236275848103626, 0.07795614557062137], [0.1337973913353074, 0.07807008144746697, 0.08217649898883114, 0.09419497923838262, 0.09881301739856503, 0.17921806917108846, 0.1162352811844966, 0.05794986976912096, 0.10942142327556784, 0.05012338819117166], [0.1612053595441317, 0.05267060632454621, 0.10858765686617179, 0.19054667431290673, 0.07001191996704277, 0.07918938398733073, 0.11010668313572078, 0.04615157164749314, 0.12099695696753618, 0.06053318724711909], [0.12700304015721142, 0.10745545237226184, 0.08950552438258569, 0.07254463782284337, 0.10438933792607503, 0.08963959288728812, 0.058172492147784145, 0.1354988213176067, 0.08178454533967283, 0.13400655564666786], [0.05436783257895748, 0.0633579415601081, 0.11337371592807413, 0.058474658945750886, 0.08179177883990546, 0.20251612601265623, 0.10286455386213621, 0.09793268627463052, 0.11715262439328404, 0.1081680816045145], [0.019738046506676644, 0.12375578204132183, 0.08562403514140393, 0.09473824345216682, 0.1595143423100478, 0.08183413677862202, 0.06890173640165936, 0.13298413849551957, 0.16810844838119654, 0.06480109049138007], [0.1165625806313975, 0.14696853102559507, 0.11284905380188154, 0