{"SAA_list": [[[0.18943821477195052, 0.10733730252996936, 0.0805142290788391, 0.09780456218038723, 0.0010468811744218374, 0.13738371021392115, 0.12822843327784111, 0.05963310343326897, 0.09129273280677196, 0.10732083053262816], [0.10051600714745067, 0.174975346816282, 0.05284123690838384, 0.17837837322065464, 0.11297335984888596, 0.13125993308412873, 0.037223162691018774, 0.05194898480340431, 0.09512762041004123, 0.06475597506974518], [0.08520694191585833, 0.11935416775942788, 0.07139862031827335, 0.1340994619205225, 0.1790886957175936, 0.13312725804634826, 0.07644251455215838, 0.0905727199749246, 0.09570142520385924, 0.015008194591037036], [0.0659243567582264, 0.11706900854019654, 0.13698264750769937, 0.08107443761675058, 0.1029408247178507, 0.16110165450717365, 0.012090615147428952, 0.09686960706199492, 0.1540079964237479, 0.07193885171893999], [0.10208316966418729, 0.10594811766230403, 0.11336755968864942, 0.0972133912719248, 0.1502146097020327, 0.052001723337476394, 0.047936828578523376, 0.10836456017338485, 0.11271682771104569, 0.1101532122104818], [0.043330513770421825, 0.07510794383791283, 0.07079103059872034, 0.14062682375458155, 0.18691603429608378, 0.098407631244687, 0.15400116989636298, 0.11545208966485968, 0.07786303135030989, 0.03750373158606123], [0.12364161890521028, 0.08124042146873915, 0.12460140871029325, 0.11263979658277534, 0.056915794283259644, 0.07594875166305019, 0.12079796125422017, 0.1096322910020266, 0.16534511722389442, 0.029236838906531008], [0.051398664840759195, 0.03749276213767586, 0.19392704141771633, 0.06380047746141629, 0.12100194839614996, 0.09531817393019541, 0.11781070097902958, 0.08701308929037824, 0.10771339309138296, 0.12452374845529826], [0.11716579192542961, 0.05691672518496116, 0.1484790136383682, 0.07448964099521868, 0.10836365597985037, 0.11332837841563048, 0.10769243895406498, 0.09738976451824147, 0.08593433361067332, 0.09024025677755039], [0.14647937688757995, 0.13891784789942518, 0.0851522881033816, 0.07281452049474202, 0.0818598246937992, 0.14890858192720177, 0.09421797930468585, 0.10283614193549015, 0.060962169910298146, 0.06785126884339847], [0.09056593551815513, 0.04611141027835861, 0.1101443732188587, 0.07398298120046785, 0.12836210294325304, 0.18954613940401344, 0.0984760536380702, 0.03259169878108051, 0.11743441329421361, 0.11278489172352545], [0.12053086177403706, 0.10644722036509756, 0.19841358051668354, 0.14531482006890978, 0.09149870965868255, 0.13645332725421316, 0.029591855798485733, 0.07761183892939294, 0.06432666567895062, 0.029811119955553814], [0.09967247507125288, 0.10624011130523632, 0.09017034641308859, 0.16908416128174739, 0.06051061342878638, 0.05671532746756761, 0.06172592159305288, 0.17494457029496266, 0.10599169252600495, 0.07494478061830583], [0.16714674837351012, 0.1430585310733039, 0.030045951025009943, 0.04827273920286683, 0.06939821752745734, 0.0940326269482511, 0.09872511524182682, 0.09769386351385989, 0.10648323995933097, 0.14514296713458247], [0.15519989943347787, 0.03579886340142522, 0.020441506652640273, 0.11042995405726713, 0.017162758116969875, 0.11947610372584394, 0.13333567283039416, 0.14462938129368044, 0.12102340035608021, 0.14250246013221768], [0.10964126276343651, 0.05840961376113813, 0.03698071756400963, 0.12154407753645635, 0.1428152270346467, 0.07838612368303648, 0.08728542122845111, 0.12518381813951648, 0.11958203868686582, 0.12017169960242445], [0.06862694079638339, 0.08984115584087093, 0.01677804313072755, 0.17914163264314384, 0.012721266493348983, 0.15574538691800824, 0.1443177920770357, 0.10453604720655124, 0.12995529457680693, 0.09833644031712406], [0.046264271517108824, 0.14952684845523817, 0.061390301584959575, 0.07111508246646353, 0.10331686101979812, 0.08034944555025819, 0.0821578487232849, 0.12906187780856163, 0.14908349848088753, 0.12773396439343115], [0.10935091945661324, 0.10808257158246536, 0.1278049769735668, 0.12343002028282221, 0.04836028476162063, 0.1350728682834865, 0.04153838238250113, 0.13210884877547, 0.10456751880746562, 0.06968360869399887], [0.07850183106940893, 0.12380316672054534, 0.13323488445301357, 0.1565187974244046, 0.018716019908925827, 0.11118561890873666, 0.13878744250719388, 0.060921974901120654, 0.08579719764228463, 0.09253306646437126]], [[0.030605504847159574, 0.0907246448893917, 0.1503239134307235, 0.09672981628808604, 0.09094288647245947, 0.09956823449646943, 0.13653414321149207, 0.11206155223396957, 0.06922955495040876, 0.12327974917983697], [0.1729041525391858, 0.04818472737662791, 0.06299622687182736, 0.10162425126173376, 0.183149027484041, 0.13592366699790145, 0.10671687144921234, 0.077459041876736, 0.020819229234037832, 0.09022280490869337], [0.1526893204339342, 0.12492908654935354, 0.08624767624869528, 0.14577737524297804, 0.05285904324542246, 0.09557615933291802, 0.06497087633654566, 0.06421024022471981, 0.08137337507136239, 0.13136684731407727], [0.11039336182595655, 0.12376698185224473, 0.027501384211102663, 0.11734293964080272, 0.12254689829812894, 0.07563584320447551, 0.09679081984584822, 0.13009824284995375, 0.11620528735706781, 0.07971824091441866], [0.05253440408408561, 0.04410144030466566, 0.14559070409562302, 0.13141714689894482, 0.027911534600505526, 0.09652449373589675, 0.08235466638957917, 0.15349843028070118, 0.13510018939321122, 0.130966990216775], [0.010436807749902455, 0.05176926945940069, 0.18374282750722168, 0.0794902102909429, 0.18424218021175565, 0.09762500259298539, 0.09205370167261932, 0.11492696030763563, 0.1140239128409914, 0.07168912736654658], [0.03848291194557759, 0.08884980676603325, 0.06530379259434618, 0.14554800958882935, 0.13847867333802052, 0.1642284252691061, 0.12305227160551668, 0.08886890020806898, 0.10025037330690222, 0.04693683537759519], [0.10041949444708485, 0.0887594601814008, 0.15637027650734187, 0.0818344141577904, 0.15305497767634701, 0.0003165980771588982, 0.0697173797710138, 0.15333408457141764, 0.11000081752816039, 0.086192497082279], [0.08223497479507254, 0.12632207289871392, 0.1414136744526537, 0.10073440809451564, 0.07885679506092037, 0.06927823726330634, 0.11149270024308232, 0.12547369627645164, 0.07857201749220763, 0.08562142342307665], [0.050908197719721854, 0.016726228640324498, 0.10959308624632058, 0.04535266616341184, 0.174510684015979, 0.12350659709634716, 0.14220814156229802, 0.07111618302601337, 0.13727644769577255, 0.12880176783380878], [0.04547638207623415, 0.14952472020134167, 0.07289143004637554, 0.08986239427446867, 0.09378628091351622, 0.1295639147547647, 0.10622575870969637, 0.100640151517346, 0.11919928540587195, 0.0928296821003871], [0.13472004710418978, 0.14179636190252284, 0.08517565084769539, 0.10992389509851039, 0.10754238074571092, 0.10427324995400518, 0.0830959620949455, 0.10835146154247671, 0.05898663083627244, 0.0661343598736676], [0.030541754872760687, 0.17020840096117404, 0.12063549405090039, 0.09885605941533328, 0.06172587143702693, 0.09199810203200497, 0.05055670620573134, 0.12684720198553268, 0.10216812861482, 0.1464622804247096], [0.1372775755343788, 0.0072676946636298975, 0.16565147943893255, 0.08332883024940337, 0.14526803407082398, 0.028438457948150146, 0.11516973769178945, 0.1541877568269404, 0.026600293534035233, 0.13681014004192985], [0.07916797683426165, 0.07824084786801999, 0.1079030242194497, 0.14374963108557448, 0.08035518984311169, 0.1553972986490268, 0.07417831696589648, 0.13734836292909272, 0.03181319981595424, 0.11184615178960824], [0.09959086136153411, 0.02394133709136315, 0.07996813856218084, 0.12132969129367925, 0.10656296855756578, 0.1206477371826473, 0.06695057995344168, 0.13783722520269387, 0.10440582272359329, 0.13876563807128783], [0.11742423039001348, 0.06349873366517161, 0.09720243041318516, 0.11886297195700217, 0.10762337216151953, 0.0605204531872462, 0.1321528958714674, 0.09610726069114844, 0.05014246156936178, 0.15646519009389934], [0.02571082374024146, 0.09591840286802043, 0.15811742358863512, 0.0776933516052314, 0.11924207866645432, 0.10321783491457918, 0.052961628958162456, 0.10531998181526979, 0.13624326260675013, 0.125575211236661], [0.11689497044377976, 0.09532741483447509, 0.12022815681474, 0.05805437274051176, 0.10306562476841943, 0.11686106383628343, 0.12418317556027716, 0.11089190594174862, 0.09973806095933611, 0.0547552541004251], [0.11292156773761543, 0.021646526170617252, 0.10484594832166383, 0.09981051602918913, 0.1326156711203065, 0.10903680750962705, 0.1065430656190672, 0.09393309296814582, 0.11906456781732948, 0.09958223670644319]], [[0.12851443571364743, 0.10187295268021555, 0.1292708445776435, 0.07729501085875178, 0.060577791104022574, 0.09708535480773092, 0.12445973635026003, 0.09630234400836607, 0.10751253646689903, 0.07710899343245962], [0.10777856115840659, 0.07691790491505696, 0.10097240212509008, 0.09429065268006416, 0.1030376293512119, 0.14865030903983695, 0.03791760919998318, 0.10038037750266232, 0.12159597156588893, 0.10845858246180205], [0.11676940780662566, 0.16143549431143803, 0.1012628436697052, 0.12003750952509998, 0.15141945853235464, 0.13903842325580354, 0.03300687750669134, 0.05869583998124389, 0.0900077803569312, 0.02832636505410437], [0.12731605041415375, 0.10684703708488012, 0.1212607067835693, 0.06123579746401809, 0.08117779018102021, 0.09280255896797018, 0.09530495427062526, 0.11416454954094155, 0.0772888639694435, 0.1226016913233772], [0.12238760056274686, 0.06793810025047944, 0.04238963918287301, 0.04355952622719881, 0.12056730154970284, 0.1331905753665948, 0.0699861964698447, 0.14637780108284398, 0.10448019453408534, 0.14912306477362625], [0.06956708175030378, 0.057530757132588824, 0.04982184262751909, 0.11977043607043457, 0.11030031133859497, 0.15200405738971365, 0.07113978461935386, 0.07285429565404886, 0.1423309644878557, 0.15468046892958487], [0.10827530064293922, 0.026228394185638246, 0.1135535227269554, 0.12620324340318115, 0.08022384155051082, 0.11554615074368753, 0.13632720162544668, 0.08156796464941113, 0.10153791856367092, 0.11053646190856208], [0.1181625247542489, 0.07256353274194134, 0.11430669574532475, 0.11576767071176462, 0.07046844343223457, 0.17655650205499832, 0.153719614513562, 0.01036372993788272, 0.08870451694257277, 0.07938676916547001], [0.06492974318637686, 0.14166772777996, 0.0619564284003428, 0.01914693449003284, 0.06279788818308742, 0.13545003370997538, 0.10578308257244881, 0.12822136706961967, 0.13751700474531225, 0.14252978986283865], [0.1376895130077099, 0.12313923216192899, 0.06909834990350305, 0.13123876761484662, 0.0791827406395081, 0.14637998829183313, 0.1022679219483052, 0.09897735940831727, 0.08757896624340916, 0.024447160780638834], [0.10892570789848319, 0.0947727706175058, 0.1344150830072327, 0.1001390700399417, 0.10351495297559028, 0.05755010869981443, 0.07564291567798252, 0.07008782302652304, 0.14174176074573072, 0.11320980731119888], [0.10045580166287923, 0.12054834041145547, 0.06614210972306364, 0.10499389882099072, 0.10167946925194261, 0.10160800091154479, 0.1134786311818473, 0.0623673835566437, 0.11197449682799444, 0.1167518676516389], [0.030201160995067197, 0.10349573533781245, 0.09572560069517584, 0.1461333915853883, 0.10332160561020348, 0.12880968169171844, 0.13566336839501614, 0.14939870553596876, 0.012328483579090818, 0.09492226657454471], [0.16012020905290575, 0.12340315250487727, 0.005873896979059994, 0.08963157511207295, 0.04477633154828502, 0.0979126879902986, 0.09103380348798336, 0.12942593979125602, 0.1338658243918523, 0.123956579141392], [0.08272616225814043, 0.1243732062215636, 0.10045951426072704, 0.11155037587313561, 0.12546665517847688, 0.13349844795718716, 0.048864088749344704, 0.10599019280096453, 0.07681039397233201, 0.0902609627281255], [0.004331920322848903, 0.09184144883611244, 0.07725137664753429, 0.16043056308703024, 0.18665509575057612, 0.0841498151371532, 0.10155076762699035, 0.1449202599330702, 0.12484521079961045, 0.024023541859074782], [0.14420535679105184, 0.059765313903303016, 0.1285643746412633, 0.04060251218955534, 0.07414020662642322, 0.14871492849609816, 0.12180824494318529, 0.12188645571617382, 0.14608276998836042, 0.014229836704585573], [0.06596190662186932, 0.016359871909029385, 0.08707313350645225, 0.1330701401251175, 0.07301398694474763, 0.11991241007499362, 0.13715309817406526, 0.10940947237624538, 0.11003951687869985, 0.14800646338878187], [0.09053204124725013, 0.14155104753442457, 0.0674548606559903, 0.1323156776651421, 0.03936236511246352, 0.1129938000079973, 0.058981439076846394, 0.09653316660668643, 0.14527052957468808, 0.11500507251851051], [0.09916088183102259, 0.1084978518981713, 0.06580276043744351, 0.1331872853463631, 0.09476427177082283, 0.12683429380124864, 0.09639977207889314, 0.1304748271326136, 0.06571356539063107, 0.07916449031279359]], [[0.08986205536769222, 0.11498225973904927, 0.06696383187383687, 0.10439552905452604, 0.07383324180677026, 0.128094897260245, 0.11705847090688669, 0.08592415442305938, 0.08869105647303661, 0.13019450309489794], [0.07893387625201405, 0.10372067422242882, 0.11154216987927901, 0.11681360551055528, 0.1089829502329236, 0.05155467531942207, 0.10373702536142357, 0.14599989915120543, 0.08395766298313477, 0.09475746108761571], [0.0903134987351466, 0.11122143067148262, 0.07537303233666423, 0.11414560569814479, 0.09700867831094485, 0.11616141335264317, 0.09356874669771256, 0.08618053891809195, 0.09000287629727925, 0.12602417898188958], [0.10821409158619688, 0.1075764546147986, 0.09176632071542558, 0.10467705394492986, 0.10672519035617357, 0.10113189645662711, 0.10315129998386204, 0.10940205163381045, 0.07657433478321159, 0.09078130592496156], [0.08453469249724037, 0.08834490683820559, 0.10877095453906521, 0.07562260723718317, 0.11597730277786067, 0.06996805239562616, 0.06889304540749196, 0.14536925429590922, 0.10713536849986659, 0.13538381551155235], [0.09590896052781192, 0.10524642988622604, 0.1167073896820845, 0.0878660005184466, 0.0987644104120017, 0.08186745366188451, 0.11513385057196188, 0.0689306835967315, 0.1301708573399993, 0.09940396380285381], [0.07589023280794552, 0.06339282571221429, 0.12606984295241275, 0.08979940869256171, 0.13145080995515399, 0.10847175861653952, 0.08068629614452215, 0.14469960925205053, 0.09453198017206542, 0.08500723569454026], [0.09983389220271144, 0.11272887651692413, 0.10776146782471215, 0.08338570638575651, 0.11290891176944774, 0.11972262202049369, 0.10555532947652059, 0.10762864651931425, 0.0914256437206192, 0.059048903563503126], [0.07407344136674103, 0.12023317973594821, 0.028013798472834712, 0.060136587062819324, 0.06892040274034973, 0.13256958188836504, 0.11658177431866903, 0.1516941742404772, 0.1494460645345641, 0.0983309956392303], [0.06347178100712283, 0.1171681579293441, 0.15480348900516877, 0.09257786476758721, 0.14113955196293243, 0.08648352033807079, 0.06590139760037057, 0.12908873835267903, 0.12330727391254774, 0.026058225124155707], [0.10055682345594463, 0.04871690957082286, 0.11435797331624979, 0.029496128432849426, 0.1009377766813029, 0.1209985074930441, 0.11325815339010233, 0.13747287528501953, 0.12975205178959082, 0.10445280058507751], [0.0861829030402628, 0.10705442794808935, 0.0824458857376998, 0.010053989052897784, 0.14689469789357165, 0.1275700359682456, 0.09643329917353853, 0.08576566611862133, 0.10845914804614641, 0.14913994702092823], [0.10655209043572364, 0.1271106803951011, 0.07490378203446386, 0.12196343997414948, 0.10949514286845333, 0.07932830182959989, 0.10037992071865878, 0.08187228733817699, 0.10948203418614237, 0.0889123202195296], [0.0585196140239679, 0.07573960191369096, 0.09743754282020865, 0.11189243812089672, 0.09961505622482716, 0.07351015704451576, 0.10190512971051174, 0.11473087643783741, 0.14214822485394393, 0.12450135884960169], [0.09374558897814274, 0.06195675931985301, 0.14675548394654378, 0.09307536758581621, 0.09128097977904878, 0.11035294515278016, 0.10660750440120888, 0.11050838919803845, 0.09285233659900408, 0.09286464503956801], [0.12602695702524708, 0.09569550314172111, 0.1088293301002669, 0.07859739131210274, 0.12175164811832602, 0.10927034371737734, 0.10269684094091529, 0.10759188137194768, 0.09065400736475025, 0.058886096907346405], [0.06902864908719811, 0.051606279982636435, 0.07881540032689978, 0.11482726699350938, 0.1321772823774912, 0.11446768903185434, 0.09994867907787912, 0.05527016624217069, 0.1475440604042049, 0.13631452647615575], [0.10422014512764673, 0.14372456688772758, 0.15667341181386643, 0.08956719450018387, 0.09236629615623144, 0.05309407828118107, 0.0233523330627609, 0.08222736057409297, 0.15351200568095924, 0.10126260791534561], [0.1174723475217243, 0.04806192606377526, 0.12198375559322897, 0.11418448741740524, 0.10435130459602246, 0.11515697722974469, 0.08915344490767635, 0.11407992442972764, 0.11688699857930394, 0.058668833661391334], [0.1497206662197177, 0.10836898473143662, 0.0402186191440908, 0.08029977123281615, 0.04442303092802725, 0.16110208359065875, 0.055264760170246924, 0.1299450607105785, 0.10787502546516746, 0.12278199780726018]]], "bagging_alg3_list": [[[[[0.08267653949402129, 0.044940649835176406, 0.24088534778219003, 0.07105301076167296, 0.06864906752085646, 0.0954144046280355, 0.13194265334378083, 0.1453076999279926, 0.05931059998209675, 0.05982002672418456], [0.08724881074146354, 0.13832443932663618, 0.13487053431143958, 0.07261670787779963, 0.08590123264445854, 0.10236285686758957, 0.11323578929999238, 0.07204715901374104, 0.11740554766386085, 0.07598692225301759], [0.09531043732451691, 0.09484477025668374, 0.12579793554134103, 0.1326706802088932, 0.06703225056406334, 0.15027031115102762, 0.10933138141741529, 0.08474689625927606, 0.12181925242219843, 0.01817608485458373], [0.13348068101323013, 0.13065249609484245, 0.16508345558259033, 0.10290630524550766, 0.09501953680631924, 0.059369333734510574, 0.08127702773875162, 0.10122203158486785, 0.08397805925623683, 0.047011072943143925], [0.07799541767799582, 0.08652336297542866, 0.08949277848092842, 0.07179919585627866, 0.03162978605774515, 0.15550932808789394, 0.19676493962022737, 0.10184113710289172, 0.09706262923290213, 0.0913814249077069], [0.06003347688771269, 0.1155956105784281, 0.17321528217266952, 0.12195752379701241, 0.07534376424301105, 0.12116432597009874, 0.1309877322261698, 0.042118247201551856, 0.07241300150188931, 0.08717103542145464], [0.09273075959170907, 0.10210528741228789, 0.09618915957195945, 0.08800249158170664, 0.11183579800425306, 0.06610555860016444, 0.13451941690097338, 0.1196781053037014, 0.13603666862232514, 0.05279675441092429], [0.06753181236186717, 0.16224917146586307, 0.07050881033293357, 0.16497194237337018, 0.07016295552550712, 0.12105191624890733, 0.021320270788302034, 0.10281355157584297, 0.1421144467864802, 0.07727512254093029], [0.05333246518217926, 0.12199851015433644, 0.0946967683396631, 0.11416084979469243, 0.15493888982320422, 0.11779113590768722, 0.05516079126282771, 0.12991454349419124, 0.08943926009972071, 0.06856678594150012], [0.07705319960161686, 0.08844565217945635, 0.10095289630813907, 0.02517109016114735, 0.12161982958213173, 0.17366527495561326, 0.12125410652758566, 0.14100376625629615, 0.07584923980095552, 0.07498494462705527], [0.037804213571740096, 0.11414060856688932, 0.09005447386374635, 0.12923755214124535, 0.20595187159935163, 0.08841255248316812, 0.044186859879826804, 0.05700604747872363, 0.1406672107807949, 0.09253860963452026], [0.06023639441991122, 0.09508881582101844, 0.08919999149826062, 0.11604306593613783, 0.1420079203206509, 0.11509310056757147, 0.10473265809361004, 0.1471275216007602, 0.08815905552104351, 0.04231147622103483], [0.08904414804014217, 0.0871546170094931, 0.09100646521871343, 0.15045175384025714, 0.056060556481817736, 0.09676205137811354, 0.08571290777123443, 0.14691340078446738, 0.07849188406511225, 0.11840221541064491], [0.07630646524745732, 0.10646243617293985, 0.09197994180249373, 0.08205472924703344, 0.04641244394123054, 0.10124526478443528, 0.10991362967821632, 0.17003031766791485, 0.12228028310293035, 0.09331448835534933], [0.14166010898998652, 0.05428838195118675, 0.11107287214957344, 0.06082389529778513, 0.10502734615710527, 0.08683779126777313, 0.15934728996008113, 0.03954695442382359, 0.09334139943537206, 0.14805396036731536], [0.08150333073119649, 0.1442857797995917, 0.09475638001964258, 0.08268482919491178, 0.07878624185939914, 0.08642529771031546, 0.09020603754961125, 0.16287615886912174, 0.09706372198952688, 0.08141222227668457], [0.09457484797663966, 0.13001780459948153, 0.14919670822900785, 0.14468488929405265, 0.026813426432682398, 0.0682194977486758, 0.08891133506617517, 0.09218004063165691, 0.11303894479308385, 0.09236250522854651], [0.13439736920412, 0.06543744343311779, 0.1409346221332695, 0.12297595508601522, 0.12077052876472917, 0.027147218298344735, 0.1477612018897293, 0.08622482362361343, 0.05063646208738443, 0.10371437547968745], [0.15787979186447287, 0.09110214931431024, 0.16056213547337453, 0.04420082694018166, 0.06671085349400217, 0.13627101799004615, 0.06477174353985825, 0.127354618040406, 0.09664092283056397, 0.05450594051278805], [0.0969213908080757, 0.11989684123856621, 0.12836749608789466, 0.06890203593885368, 0.18402485096754914, 0.10839579280254673, 0.12655685241830195, 0.017695998693232122, 0.07946607456044674, 0.06977266648453234]], [[0.12008211625442079, 0.10109156195517187, 0.14916465658591382, 0.12009050376111731, 0.05897520721602077, 0.08560512107500508, 0.0790185450653307, 0.10238795863857264, 0.10608375543802441, 0.07750057401040657], [0.0672738285234152, 0.11046278837883981, 0.03267162975925156, 0.07298855417927373, 0.13034667344638526, 0.11995719258691451, 0.10092023893905962, 0.09250548146579503, 0.11211176065898219, 0.16076185206208515], [0.07143560578331425, 0.06569576165351301, 0.08007083366124017, 0.07984922443352506, 0.18447435387106584, 0.09102588811392716, 0.1293494446143632, 0.050404491470627526, 0.13921243774695802, 0.10848195865147296], [0.12419640526367352, 0.09415188996230693, 0.0429452825257861, 0.09027119058244512, 0.17598507277442896, 0.10421175876478485, 0.038450018602090234, 0.11692409218040034, 0.07288340283486429, 0.13998088650921484], [0.13373770622358563, 0.13116620148871713, 0.09355981875232874, 0.10185731813963804, 0.07059317547007037, 0.14128544193805573, 0.1324866244473412, 0.06553898271547856, 0.03788308427117065, 0.09189164655361291], [0.09034272249556814, 0.05474180679630278, 0.09444328921794437, 0.1098880915110204, 0.10743110723077384, 0.06724399297521833, 0.17083644261287612, 0.13375152924944644, 0.0900379284238711, 0.08128308948697859], [0.15338891097088195, 0.0841086872695282, 0.09701212247055174, 0.07834558910515664, 0.09851307472797934, 0.0711000374621292, 0.19812326292003438, 0.06688526116053191, 0.058472508146891096, 0.09405054576632778], [0.12259498534899649, 0.060999561500944134, 0.11896075392334864, 0.07962442275734843, 0.07768966708212596, 0.05659367087288979, 0.11621741055427323, 0.13923386995421466, 0.11702066775081349, 0.1110649902550473], [0.1377662390288102, 0.057655702845023984, 0.0733804926289116, 0.1515118459847307, 0.10126707082243222, 0.12922870021591515, 0.06562466225849851, 0.05600365640171732, 0.10108638135284038, 0.12647524846112135], [0.07199417613262091, 0.10932527252204144, 0.08423974380410718, 0.08830816779428254, 0.12498958816994152, 0.060678555929416796, 0.08680371655494457, 0.12976159676308016, 0.14563342721596345, 0.09826575511360296], [0.09305348824795612, 0.10411656108679018, 0.08679004811583382, 0.15039446731507017, 0.12432866181459216, 0.12547427702382463, 0.08709241927886496, 0.08226459830261902, 0.10007851018916553, 0.0464069686252843], [0.1727635980932865, 0.08583675570438126, 0.050189377612601456, 0.16085441276027948, 0.06700869870737108, 0.09156551963611433, 0.11611725908992529, 0.03916156530348877, 0.09094904669032536, 0.1255537664022274], [0.13548136659648669, 0.10602035577727006, 0.02973385036793192, 0.13799427999152716, 0.11728380856499256, 0.14434781558598142, 0.09001665654331255, 0.10510934998060384, 0.04823177838060876, 0.08578073821128028], [0.11069639179096658, 0.10956292857174497, 0.0840815710611847, 0.07466139707748448, 0.10355940012456295, 0.12775458249488658, 0.04288934803042929, 0.19736209649798386, 0.056816674631510536, 0.09261560971924916], [0.14164859284146308, 0.08268813181141307, 0.10599238142318546, 0.07336710020035551, 0.12314536813073941, 0.147641772458071, 0.06053068977812057, 0.06848248857691192, 0.09924775640343846, 0.09725571837629993], [0.05059526907547645, 0.16407609308212273, 0.07383147644526235, 0.06499250959689008, 0.11415381814104852, 0.0733299268470446, 0.060168180902518215, 0.11198814805313541, 0.16014686407970916, 0.1267177137767883], [0.03907476544003676, 0.08378611490863527, 0.10485008460875844, 0.03230426815911351, 0.09305176776254022, 0.12753678954413003, 0.1414931341438028, 0.1262830812056699, 0.08915600603215741, 0.16246398819515195], [0.09581055271447851, 0.1354626841071897, 0.07325496625652969, 0.11051089477188154, 0.13626783773713425, 0.12687777015766563, 0.05302841573562616, 0.07338077987634266, 0.07437932340618933, 0.12102677523696176], [0.09992256512326383, 0.052848445293041224, 0.10018267964677972, 0.09664201866363771, 0.1264692326575531, 0.09952003243689891, 0.1605455831165574, 0.05373385544221042, 0.09617447826300941, 0.1139611093570505], [0.10794590679725265, 0.10859105571258346, 0.0721535564290261, 0.0777936213885446, 0.11043665567111148, 0.06146054026216743, 0.08741307460464848, 0.11794871786545756, 0.12426868489906269, 0.1319881863701455]], [[0.1312104679093202, 0.14434790388002128, 0.0968725685277012, 0.04867597095656629, 0.06897593944776695, 0.09362605069858766, 0.13859334681958785, 0.1253120674575304, 0.09189117431333672, 0.06049450998958646], [0.057462444700949154, 0.11145990097281926, 0.04842189781553346, 0.1382685165736636, 0.10849604841226787, 0.11581001010562057, 0.07822804593142538, 0.13532922626045946, 0.10686117261169907, 0.09966273661556528], [0.033583251479068134, 0.12891559848959838, 0.15708800948892135, 0.08270776854736774, 0.09487562300210883, 0.1429464603522297, 0.10979814018183162, 0.08050422966339389, 0.10251273707401658, 0.06706818172146112], [0.0372541539636361, 0.07842302651258895, 0.09899875257685768, 0.06411500984594122, 0.15259340384051034, 0.10522722859400431, 0.11984081010622127, 0.1263400221161446, 0.08035715073873145, 0.13685044170536617], [0.09633390335980052, 0.11638656411435154, 0.07908533295385979, 0.12916333299227276, 0.13777319348183256, 0.11643310946059121, 0.05749869001709873, 0.09943561543249234, 0.06398261397632243, 0.10390764421138336], [0.03954353806887375, 0.08490660836006705, 0.09340821346664636, 0.05763939796182257, 0.11111845871616081, 0.12871980807511774, 0.1812320011810282, 0.14337994445405927, 0.0800425653120591, 0.08000946440416382], [0.09277432181494771, 0.1005221161819114, 0.11698961532785762, 0.13162055641012627, 0.1445179113769641, 0.10691889687665627, 0.08647844030164972, 0.04306872591251401, 0.05394006569249607, 0.12316935010487894], [0.1552910522561621, 0.05934579020497699, 0.14148394690541577, 0.07644379718183708, 0.04179319368528849, 0.12318864226233657, 0.10491159438856838, 0.06089459918563266, 0.15486134244657096, 0.08178604148321783], [0.09951339428674383, 0.06210876882624974, 0.06655172060519483, 0.09978969185039448, 0.07165725852975893, 0.06518582855850531, 0.1264753406512757, 0.17012052643742354, 0.12806949140983134, 0.11052797884463908], [0.07223844669864526, 0.14086385615137, 0.13220075532879774, 0.08444052233789406, 0.0383588263085693, 0.16734891299317348, 0.08816334868010102, 0.11007315241485328, 0.0776782697468392, 0.08863390933975857], [0.0517034811051217, 0.11727860178840112, 0.08776307201775055, 0.1614197645390096, 0.09557455798767543, 0.0497380298033273, 0.1270796895871366, 0.11794704666648043, 0.07012124491079685, 0.12137451159430238], [0.12648784740773814, 0.07144979823320621, 0.10776968621568778, 0.19349871723786435, 0.10567342808521817, 0.07428762802786136, 0.04076662795128124, 0.06142152199108616, 0.08980610141587493, 0.1288386434341736], [0.04412057584668754, 0.1116692082706572, 0.06992941714168187, 0.15315883713318287, 0.14957046297576207, 0.08542450066590872, 0.09881848747656916, 0.13268941892080832, 0.0981824514126426, 0.05643664015608581], [0.1619107362722295, 0.08241520398638932, 0.07771539514783546, 0.08452677026765348, 0.1385244237213399, 0.07488350755219432, 0.08582488236384404, 0.05275208082952473, 0.12619028330039536, 0.11525671655859249], [0.08794542252137048, 0.06695123836769201, 0.1483544112691296, 0.09088799922622082, 0.12220586662045799, 0.058732757316620136, 0.08522560056215468, 0.07129775276521685, 0.074153335261408, 0.1942456160897277], [0.06027140920199043, 0.06705984879353469, 0.11529230266641115, 0.03516916520892917, 0.08441642480934458, 0.13005356354349287, 0.08801336177895278, 0.16448264622332942, 0.10637646398417851, 0.14886481378983848], [0.13353597829854466, 0.11528682408130736, 0.09861096655697527, 0.03937993269587636, 0.0864563019594373, 0.09700137961360812, 0.058535695906517256, 0.1230354724080874, 0.09636620002856311, 0.15179124845107864], [0.028863962375682613, 0.11406626148210855, 0.13323573060556315, 0.07233103292803474, 0.0645893730777809, 0.10417109384878576, 0.09238054751546425, 0.1209450689518615, 0.11228590563445633, 0.15713102358026393], [0.02942949397455196, 0.14555623910017726, 0.06208434651881523, 0.06601250475627374, 0.16012042980090643, 0.15655449439292216, 0.12356274957469966, 0.08045599499913962, 0.09380773843533882, 0.08241600844717512], [0.1295412199188035, 0.04185891884841484, 0.1325161307320983, 0.06560750608592537, 0.08551588981433522, 0.04049121027329027, 0.06454266067120912, 0.11720587650125229, 0.18867513902149174, 0.13404544813318964]], [[0.16271292927674563, 0.08708258871852051, 0.12386489598406553, 0.10095789186495777, 0.09082552581010167, 0.05734358005755512, 0.08426750114219247, 0.07968591088930782, 0.08765434148971019, 0.12560483476684192], [0.15634672754700954, 0.1050361830807392, 0.11019587322909434, 0.17256855761618833, 0.12348043628277874, 0.032764889755700057, 0.09920367443973309, 0.09006262276229389, 0.06749645581298507, 0.04284457947348423], [0.06358687314061227, 0.16692593728272972, 0.06480934003298539, 0.08768757624254107, 0.17225533150783856, 0.04018056966207073, 0.11808610142279967, 0.1010064398697929, 0.0673435932174331, 0.11811823762121089], [0.10443367946035764, 0.05958538744977591, 0.09712370525310686, 0.08299053966113995, 0.15615247875431978, 0.07210619642966347, 0.056014152189367, 0.04966726193642512, 0.17198102235258958, 0.1499455765132533], [0.10016936752115693, 0.05942855872562491, 0.09156387204648091, 0.10674942723421703, 0.08822955612054129, 0.04800858170645937, 0.10550890750246934, 0.1649527076596902, 0.1393694828246824, 0.09601953865867624], [0.11713600569022505, 0.1363301393619812, 0.13094192557059525, 0.060402174236763584, 0.08539839191133454, 0.04945036777064267, 0.07331807392142299, 0.11020871845253093, 0.1310762364766485, 0.1057379666078605], [0.09586327479625958, 0.16852131980694995, 0.08058456083819028, 0.09680983946903049, 0.03544281970115054, 0.12208501669333785, 0.10117195023237548, 0.08038504141387637, 0.15405850678424346, 0.06507767026458568], [0.07105620817160693, 0.0525352951409719, 0.13536555583157459, 0.10214457142469886, 0.0847031337202678, 0.04800051474589669, 0.1325829673773743, 0.12193542108318271, 0.11791345419105877, 0.13376287831336162], [0.06771731655647076, 0.11019659773113227, 0.08764303851961051, 0.07983858588339122, 0.12364892688980939, 0.13820157727482182, 0.11963330961405523, 0.10597035228349534, 0.08630378094131712, 0.08084651430589032], [0.1119814824343061, 0.0974397031771195, 0.09592639668367917, 0.11524665971523969, 0.14811656847333257, 0.051746563655565105, 0.08798643448794041, 0.062130613203707205, 0.11616035727048846, 0.11326522089861195], [0.04403865972916492, 0.10784074491979273, 0.0510600971493644, 0.10476632668063252, 0.17836265879796734, 0.07191703190885317, 0.09166436227722746, 0.14257701376597326, 0.07232226911588145, 0.13545083565514177], [0.06289846820264115, 0.137697346872062, 0.05382690187620007, 0.1524379727929648, 0.09242185061987306, 0.13762886820505466, 0.08606387814551576, 0.09263428441106261, 0.0915158594153464, 0.09287456945928241], [0.09965113807751673, 0.09269479496179608, 0.09735099638716863, 0.10389975096425179, 0.10741236098868881, 0.18011883064985393, 0.12632684772057146, 0.08676146431348553, 0.04133933639578867, 0.06444447954087879], [0.044693425183533086, 0.046717146322488086, 0.08124445277857421, 0.15718588779384265, 0.17366471351268503, 0.1355451383643934, 0.08992722425101918, 0.05595170540319422, 0.1405948843752047, 0.07447542201506996], [0.07034233970945508, 0.0675452270552161, 0.09253017176296481, 0.11752037315931056, 0.16917187390235233, 0.1483185449675959, 0.07384300970131674, 0.13056213700569808, 0.04440483240495345, 0.0857614903311373], [0.07966435073731865, 0.08275229187656952, 0.16353539483217155, 0.09781009448484952, 0.09600537102802782, 0.09625527209906481, 0.12423404283025523, 0.060855296997208784, 0.06802792239747506, 0.13085996271705752], [0.12348119672668464, 0.11571970121299367, 0.10378816452082819, 0.0729077244604594, 0.10126088602134453, 0.08552737623207286, 0.16374542250654864, 0.0443862630442489, 0.102047247477821, 0.08713601779699819], [0.17304557253001915, 0.14125182566630534, 0.10295134178417649, 0.14712807940436523, 0.08647466138674738, 0.09295930901576004, 0.05735516486169523, 0.07272922464620525, 0.07144753021887315, 0.05465729048585781], [0.13546412583263337, 0.0623232535595368, 0.08771033154104879, 0.09847391201248687, 0.17401104636196518, 0.08777279189393422, 0.07264870277964638, 0.0826762882891807, 0.12194884867333863, 0.07697069905623474], [0.12063024645698484, 0.09050615097990145, 0.10116852752921769, 0.09159630098966913, 0.08326646083163355, 0.06874394725846156, 0.09116387281451285, 0.0953886208526469, 0.15153000130847558, 0.1060058709784846]]]]], "bagging_alg4_list": [[[[[0.11565449322934852, 0.03732889598508559, 0.06905374559247635, 0.0658057308728564, 0.1238339502629107, 0.10398261894203659, 0.21559017897972296, 0.08930451322781889, 0.08906854202018515, 0.09037733088755376], [0.09023322286038014, 0.10037343321971146, 0.08398766895136363, 0.10992982599969321, 0.18655957796935305, 0.0455489196666109, 0.11722512224537332, 0.12234913807566901, 0.08742634912045062, 0.056366741891398724], [0.012378780932099206, 0.12611711427687225, 0.1450035004347995, 0.04905336119830973, 0.15007699318146983, 0.10827357867813271, 0.049109367753572296, 0.12894485334875488, 0.11074371986081662, 0.12029873033516862], [0.12341594268755085, 0.12162264001236799, 0.06756120418599508, 0.10835927105154926, 0.16214871366531938, 0.06493849526619738, 0.0659347936344842, 0.11379321692764599, 0.07352762419020861, 0.09869809837868061], [0.10261826301845808, 0.11963732794827565, 0.12434235251287613, 0.07303241035106216, 0.08105803626420406, 0.05414820732902878, 0.2047678674637066, 0.09374976478587328, 0.05936665936823161, 0.08727911095829056], [0.14912414273539842, 0.10610084635401947, 0.07642238459053789, 0.03773103299965937, 0.19084176163567398, 0.08548563151739204, 0.09605398242889933, 0.05904826345471117, 0.12225694493637777, 0.07693500934730592], [0.14102303740858851, 0.025644734806418892, 0.08720213119346196, 0.06110161732023661, 0.11063431088403057, 0.13144587610470287, 0.08862618151874906, 0.168920894895088, 0.10930044481764588, 0.07610077105106305], [0.05119513720214675, 0.15613812828930376, 0.100618736131315, 0.08071822947080513, 0.07844227230173154, 0.18158314516046875, 0.1483441072015367, 0.03415466925406165, 0.10187455824295427, 0.06693101674567577], [0.10360522191022474, 0.1315831159530215, 0.07640716542854213, 0.09555404729298057, 0.0934787138576179, 0.05365827756348558, 0.07837864840667827, 0.11513195218470704, 0.14561559574007382, 0.10658726166266527], [0.04263061546227572, 0.07278649721258593, 0.059676460828975784, 0.06144231043318032, 0.10198789899111205, 0.11721983276981378, 0.14668441778807562, 0.1412991968338067, 0.1574153660375423, 0.09885740364262255], [0.08361315149322027, 0.09573922767889788, 0.09917815323416602, 0.06415108127470885, 0.06545638933144196, 0.14936433443780697, 0.13206141043161132, 0.14900189554325285, 0.10095267171863406, 0.06048168485626137], [0.10794002579321448, 0.10337384439693123, 0.0923648641764677, 0.099930159242224, 0.11934699364828374, 0.10586480948516307, 0.1413210548235974, 0.10979126961282715, 0.10907044459883986, 0.010996534222444954], [0.09581916157393601, 0.09932923199265917, 0.12537427561805892, 0.16790017413839836, 0.09295353094936525, 0.0851993446573929, 0.04772348273027441, 0.10888429882952268, 0.0930000250888979, 0.08381647442149497], [0.15827475795854803, 0.0931812290330125, 0.08720251719914952, 0.08616188063924582, 0.10499585595420129, 0.09246953527263424, 0.08318299269365782, 0.11672979569055886, 0.04647243483700123, 0.1313290007219905], [0.0763738077157444, 0.15709897291746508, 0.14641553477921634, 0.05125360281626972, 0.09073905864208442, 0.07171836520337334, 0.09250933709950644, 0.07850232369250977, 0.13602925315787606, 0.09935974397595464], [0.11833973492038435, 0.16606736104961817, 0.10741839473423534, 0.10743302819140721, 0.14980089995046922, 0.07323290175181929, 0.04456278619593853, 0.11034578659023626, 0.04615376564883494, 0.07664534096705675], [0.11207182652043404, 0.07216706392258, 0.1409576591950006, 0.10809925284554203, 0.12588877427256814, 0.08391957705477712, 0.09243446024621317, 0.013910877631078506, 0.08759357507766605, 0.1629569332341545], [0.13647388716463896, 0.09580741000797638, 0.08070504967362395, 0.07330173225524364, 0.07503251588645879, 0.10577866894716927, 0.14371566183677467, 0.09071891969194967, 0.07034038324808231, 0.12812577128806846], [0.1748557914856542, 0.04575538327033866, 0.13519034263635737, 0.057318033162106354, 0.08922200275015234, 0.15671702193108172, 0.08797008889712639, 0.0783888614785284, 0.10217158493718331, 0.07241088945146652], [0.07008023537197763, 0.07323423732231231, 0.06963095830228776, 0.17302976202635167, 0.09722114872128373, 0.10347600231295451, 0.1053875040094891, 0.08137204113926279, 0.08033766633031866, 0.14623044446375771]], [[0.10918806976126037, 0.09199874840111698, 0.15549667507444387, 0.15804914625909988, 0.07187465216094986, 0.1117673213939145, 0.11026546192314726, 0.045893310241471405, 0.09117552297164766, 0.054291091812947584], [0.1455917598560451, 0.0350096663407922, 0.12334970276577961, 0.0949338863087117, 0.07796043690423804, 0.16571720678021024, 0.10911621082820784, 0.08471701528138331, 0.08159409603225577, 0.082010018902381], [0.06283308803220147, 0.07286178167729004, 0.11991295046868523, 0.10125073703175508, 0.1100198961784408, 0.11284443100556965, 0.16964334620861354, 0.12802508744121352, 0.03609292329033228, 0.0865157586658913], [0.08014397458953446, 0.04988595726083202, 0.05392261857272073, 0.07077056998935292, 0.12518481167476692, 0.1154301110167661, 0.11870839542595671, 0.19749553567349193, 0.10793148844760367, 0.08052653734897514], [0.13314130763723203, 0.0779974870146519, 0.09036762270108159, 0.09243632087131083, 0.09657980800018098, 0.18590256037519606, 0.11064120897068526, 0.05889771944281381, 0.10282973980362031, 0.051206225183226796], [0.16120498243311052, 0.05350468909599669, 0.11277074957325794, 0.18624444126147666, 0.06935464346293929, 0.08302193951592203, 0.10790702328605643, 0.0458751945634988, 0.11783817479221478, 0.06227816201552658], [0.1262376540074511, 0.10821634305661898, 0.0924369133134972, 0.0709637670855399, 0.10278767781075782, 0.09344193906067541, 0.05600467604668618, 0.1335989632377876, 0.07894471901691254, 0.1373673473640795], [0.05310596939641857, 0.0627799238967556, 0.12165021166213971, 0.05735852308930819, 0.08032173675427169, 0.21333023624987185, 0.09942811676375866, 0.08982953283329334, 0.11077435898058419, 0.11142139037359276], [0.01883789613999088, 0.12672364293514682, 0.09062235368120293, 0.09120299764379758, 0.15784646775698968, 0.08812410026001938, 0.06687568210885231, 0.13272511918138358, 0.15997672799900203, 0.06706501229362596], [0.11502705276403617, 0.14850348158987978, 0.12525254669325167, 0.1