{"SAA_list": [[[0.18730422439156322, 0.10776566972504015, 0.07856970575048956, 0.10178759550214653, 0.0010937494230708552, 0.13688250804794405, 0.13883139128530186, 0.054849877437444385, 0.08893295462964011, 0.10398232380733963], [0.09945979229387893, 0.17538421092866904, 0.05155470832465058, 0.18360515346767564, 0.11469665333736177, 0.13064731506883034, 0.04173219506092341, 0.04782914730046394, 0.09277548057135986, 0.062315343646193955], [0.08414133492900883, 0.11964930126264671, 0.06968217956000185, 0.137943211266368, 0.18063327371739052, 0.13243555849362423, 0.08315326536431494, 0.08469916675927468, 0.09323897845653242, 0.014423730190837893], [0.0661141891150839, 0.1186073865561901, 0.13546949772625191, 0.08535470775426933, 0.10565038437398744, 0.16159031196244877, 0.014004196658989455, 0.09106071595059828, 0.15190041936696935, 0.07024819053521698], [0.10157307077320354, 0.10695062660300941, 0.111600658846712, 0.10116989215373326, 0.15278688436298182, 0.05215847987500397, 0.05317411468560081, 0.10211384369636738, 0.11073600872788436, 0.10773642027550343], [0.04272947263264618, 0.07515494858796477, 0.06903322262845518, 0.14449287781460993, 0.1883233410228689, 0.09765897640917628, 0.16282544596467774, 0.10814429645225355, 0.07558508057713217, 0.03605233791021133], [0.12255279556972834, 0.08155190085162815, 0.12207032266890548, 0.11683620014257905, 0.058146543696471514, 0.07582369861596647, 0.12984256164791094, 0.10290960858906634, 0.1620649939608284, 0.02820137425690609], [0.05107165718035204, 0.03793451322806337, 0.19063307557033043, 0.06741222817032977, 0.12331300962649326, 0.09516480063205496, 0.1271199998470868, 0.08100667618010697, 0.10512049530432475, 0.1212235442608276], [0.11645861672481105, 0.05749008861304699, 0.1460243785514738, 0.07769470310463716, 0.11003970272188851, 0.11327217985748007, 0.11564470856156933, 0.09141850090805384, 0.08403159742270642, 0.08792552353433977], [0.1453243744553925, 0.1396218523935813, 0.08339667126685321, 0.07609399711565876, 0.083487001581662, 0.14852434010649374, 0.1023165876569638, 0.09605821789295113, 0.059285013215543386, 0.0658919443149056], [0.0896777809631179, 0.04636764616583702, 0.10776280715339569, 0.07753495989866378, 0.13022140145288263, 0.1885134260907301, 0.10610487904527245, 0.029666063792943096, 0.11435940813294879, 0.10979162730422663], [0.11986296272537586, 0.10726098842959199, 0.1955106469084146, 0.15053606034475867, 0.09333503087761098, 0.13633579239461957, 0.033014805067903684, 0.07243578814726212, 0.06288455855201508, 0.028823366552461795], [0.09916218546782678, 0.1072220785885653, 0.08885800536754317, 0.17457695824067113, 0.06187177248558553, 0.05695202143416315, 0.06767426407574756, 0.1662372207262577, 0.10413991830900515, 0.07330557530463669], [0.16617910733664223, 0.14389350313868593, 0.02928912631926755, 0.05094783950659223, 0.07104371749532591, 0.09385200139519118, 0.10783462585926029, 0.0908942804697384, 0.10410417585162929, 0.1419616226276689], [0.15427510299817634, 0.03628594683670454, 0.019971888534536263, 0.11482148929726259, 0.017718514312731307, 0.11937894804237198, 0.14256440453658198, 0.13692546419271323, 0.11863417094758887, 0.13942407030133286], [0.10877366836769965, 0.05894513516924298, 0.03617133000604293, 0.12565113724540836, 0.14490708297770769, 0.0782968852880252, 0.09426057669931916, 0.1183804719123883, 0.11715435942118099, 0.11745935291299447], [0.06775284469806116, 0.09021750815320824, 0.016253284972401805, 0.18411212960476267, 0.013112294177283495, 0.1548035197069622, 0.15417391899285973, 0.09741886399885502, 0.12679076497785827, 0.09536487071774878], [0.04594567849913776, 0.15074687249340313, 0.06028477451237306, 0.07445651822798578, 0.10535467352806026, 0.08039006910439583, 0.089118329600289, 0.12223932083336676, 0.14641279005179447, 0.12505097314918204], [0.10890503025438737, 0.1092254084372525, 0.1261430535151084, 0.12844582831471987, 0.04982599744039451, 0.1353898205649702, 0.04657470867838753, 0.12492459779864568, 0.10269829575576646, 0.06786725924036884], [0.07766051369184812, 0.12397698060232559, 0.13031959523203507, 0.16079329272670684, 0.01924235441976633, 0.11043588255779076, 0.14744968155904034, 0.05657626462898589, 0.08356710193732608, 0.08997833264419194]], [[0.0303219653620407, 0.09127419348545855, 0.14728271713745114, 0.10091208863438407, 0.09271487191042045, 0.09926325133788651, 0.14659467385650185, 0.10463098465007963, 0.0671635543237578, 0.11984169930202378], [0.17065388109523819, 0.04854297057311829, 0.06106890919680527, 0.10588023502446552, 0.1852117990886889, 0.13509166815256038, 0.1158770203378767, 0.0706727313708446, 0.019986836437634888, 0.08701394872278054], [0.15128627889220597, 0.12554022938966203, 0.08418301940143186, 0.15114270649609673, 0.05418902163818711, 0.09527585688660209, 0.07225566891913486, 0.059095383188932975, 0.07921891361348302, 0.12781292157426824], [0.10939681836998752, 0.12439768076970498, 0.02677669259805074, 0.12185366687838897, 0.12441970235027622, 0.07548016980221114, 0.10493754618956037, 0.12198344275539921, 0.113495253741593, 0.07725902654483185], [0.052324450476044164, 0.044933542241472835, 0.14312141373913143, 0.13739542370769112, 0.02900513331532811, 0.09684903515396959, 0.09140997241472305, 0.14448934064133007, 0.13241710703178192, 0.1280545812785243], [0.010349677508681833, 0.05243842002107335, 0.17999315108242625, 0.08394372976391709, 0.18707685556168183, 0.09745189292926466, 0.10165237932563957, 0.10677324845062433, 0.11107783116972404, 0.0692428141869833], [0.037949408185859346, 0.08911236853973414, 0.06341612406268844, 0.15010315259101126, 0.1400381692715627, 0.1628069999862187, 0.1320679982126528, 0.08224660411435397, 0.09714749096547794, 0.04511168407043616], [0.10002544718599679, 0.08980979535641184, 0.1540900224465792, 0.08607216094925686, 0.15601994481501033, 0.0003210822158186615, 0.07683712461940717, 0.14497141695253507, 0.10788604435677329, 0.08396696110221616], [0.08154779898206414, 0.12689884244321237, 0.13866155749500272, 0.1052318552498905, 0.08061207305529455, 0.06920111821793835, 0.12088404979529739, 0.11734189221718568, 0.07644682376999415, 0.0831739887741218], [0.05035814120322244, 0.016983321611240925, 0.10709476710749835, 0.04816553848170329, 0.1769113564088149, 0.12313972898221845, 0.153003183074959, 0.06526295039212604, 0.13389233848338083, 0.12518867425483435], [0.04507355921893467, 0.15009898870617785, 0.07122469057859915, 0.0939515466596076, 0.09559057178356518, 0.12905445560242523, 0.11510540525567166, 0.09358483097546198, 0.11633169285627547, 0.08998425836328905], [0.13321279864213886, 0.14230206949314023, 0.08303757247413483, 0.1149234245325389, 0.10933861818771098, 0.10372384058304977, 0.09194084115164174, 0.10072344748844055, 0.05709583586676948, 0.06370155158043232], [0.030409234476131343, 0.17166606903505738, 0.11867049504664878, 0.10391325697221838, 0.0634873244575553, 0.09222638231213769, 0.05700252282843955, 0.11912182722343397, 0.10011523191670697, 0.14338765573167642], [0.1362552819553563, 0.007419469119491763, 0.16248751780133647, 0.08794417141913273, 0.14809371153271636, 0.02848386400648115, 0.1267689529401397, 0.14394420893957896, 0.025671124067435276, 0.13293169821833917], [0.07852370236899629, 0.07902908932608523, 0.10574218285301287, 0.149312283160035, 0.08230523698726036, 0.15504751314222195, 0.08140860192369187, 0.12907528112069583, 0.030791906614523704, 0.1087642025034883], [0.09911507455832183, 0.024374359505701142, 0.07847846899551714, 0.12652875153663207, 0.10891918535283078, 0.12080768759666559, 0.07398777130079238, 0.1298774581142142, 0.10214337559107814, 0.1357678674482651], [0.11627224802243792, 0.06398928406772725, 0.09494082572920802, 0.12330668931919093, 0.10942930143060169, 0.060298731989747764, 0.14204939261641406, 0.0889337325725917, 0.0485931140428498, 0.15218668020923323], [0.02559288888800318, 0.0973026825708604, 0.15582223441671866, 0.08184465746397247, 0.12176920630099289, 0.10341155505569152, 0.0591716807659775, 0.09849897638441385, 0.1338337186841914, 0.12275239946917049], [0.11587144554053586, 0.09593291224422124, 0.11786307939807354, 0.0611609137781117, 0.10499876151072808, 0.11649327841406748, 0.13371248561221152, 0.10369500427017012, 0.09736050502781358, 0.05291161420406863], [0.11192485772682642, 0.021986671871248566, 0.10259888246417036, 0.10433999971121978, 0.13471361140201327, 0.10872574166912206, 0.11530132116913265, 0.08745089566977915, 0.11626177007752538, 0.09669624823897487]], [[0.12728155276406442, 0.10253719209423098, 0.12650049059843357, 0.08156381505962389, 0.062207656899975615, 0.09676122830821786, 0.13498289922773493, 0.08896944245300352, 0.10467381374978241, 0.07452190884493529], [0.10733196679295683, 0.07802578180479426, 0.0991830467398816, 0.09933154771822063, 0.1056017369696233, 0.14890294952337027, 0.04306454374767317, 0.09364011747142073, 0.11921126490443774, 0.10570704432762738], [0.11545620360080437, 0.16209906192636986, 0.0986323059666881, 0.12585205053389792, 0.15401133073731937, 0.1384019414979972, 0.03818043240301588, 0.05307294816250404, 0.08723262805894083, 0.027061097112451415], [0.12647777962407789, 0.10782233298064156, 0.11902992845452791, 0.06490197509649742, 0.08323585305075865, 0.09279087623346241, 0.10424030408761675, 0.10676007926805021, 0.07525829115309535, 0.11948258005127053], [0.12178671300385371, 0.06906263151435736, 0.04129304285560766, 0.046932734083757706, 0.12357430754662338, 0.13341078677935247, 0.0791403655154352, 0.1372582633758611, 0.10204116498916115, 0.14549999033599256], [0.06887468307597776, 0.05827749387833344, 0.04842745889236087, 0.12551835120062907, 0.11255010642397356, 0.15147047561957075, 0.0793096919376045, 0.06662123326140909, 0.13864910687042895, 0.15030139883971], [0.10696379458074556, 0.026596424730196137, 0.11067264165473739, 0.13135171561990364, 0.08205370378895191, 0.11485080825188021, 0.1477644740043566, 0.07438958828913615, 0.09846185642248143, 0.10689499265760623], [0.11595989266289465, 0.07270700924474516, 0.11054576424990174, 0.11996369564627431, 0.07188535947011876, 0.1742004322650694, 0.16458900702644433, 0.0089495138660971, 0.08536026407959721, 0.0758390614888615], [0.06465760440222383, 0.14321149701905167, 0.06060924930379905, 0.020968447195118978, 0.06494081883263184, 0.13574268252653263, 0.1163236513759566, 0.11967176930162464, 0.13471925355999123, 0.13915502648307868], [0.13594996695868247, 0.12354841494568682, 0.06706772315199806, 0.13631098639337186, 0.08097001554468762, 0.14537583565266568, 0.11182141228088735, 0.09089972233827527, 0.08477662159384243, 0.023279301139917132], [0.10788133393940204, 0.09561331329745294, 0.13141945776801864, 0.10563575276634155, 0.10600753261828472, 0.05749230745359365, 0.08418199321327968, 0.06403480819079738, 0.13812154758818787, 0.10961195316463808], [0.09931882022351199, 0.12092172913875, 0.06433435670937233, 0.10939296514340392, 0.1033804619636121, 0.10110565354379622, 0.12234967142787925, 0.05695946690329377, 0.10899672691589089, 0.11324014803049043], [0.029798379215055164, 0.10393598000451869, 0.09318215177456998, 0.15157023566783331, 0.10510872154019406, 0.1279493075087508, 0.14648585588249916, 0.13875497506626477, 0.011767069656605653, 0.09144732368367486], [0.1588505107413837, 0.12458642621545923, 0.005668318453534271, 0.09477635675652848, 0.04643206928287954, 0.09785534995410793, 0.10110066760648737, 0.12006984185206183, 0.13045166792658708, 0.1202087912109864], [0.08209807865448428, 0.12530194546392753, 0.0984135824376697, 0.1168065201100966, 0.12803738042721796, 0.13331002451631546, 0.05497595563535266, 0.09874778797641777, 0.0747331877682183, 0.08757553701029977], [0.004269812948689682, 0.09235199788960953, 0.07484942512043433, 0.16600592804983302, 0.18879398523208527, 0.0837019014287791, 0.11202244195166089, 0.13416170614555803, 0.1209880232347831, 0.022854777998587206], [0.142951931360737, 0.06049271220545295, 0.12578400585273217, 0.043613055246838096, 0.0761694822668559, 0.14833367121356625, 0.13352355851281625, 0.11307048623659702, 0.14250538179309236, 0.013555715311304674], [0.06522963661895367, 0.016657942236399447, 0.08481073289727524, 0.1387187611009841, 0.07489813129756837, 0.11948809995528485, 0.14872250107788623, 0.1010553272691816, 0.10685306494363435, 0.14356580260283347], [0.08991242368822727, 0.14264121578135916, 0.0659322025329373, 0.13819425183330677, 0.040785916562851285, 0.11294762306842346, 0.06633801497079035, 0.0892223890295556, 0.14209710144616353, 0.11192886108638275], [0.09804534214808285, 0.10912005651478793, 0.06386444981807439, 0.1388769773416656, 0.09672695213635314, 0.1261766548570299, 0.10628849652020074, 0.12102473236267917, 0.06354072579524513, 0.0763356125058754]], [[0.08876095627170298, 0.11554886377215727, 0.06497519882062258, 0.10953084159526835, 0.075738616065482, 0.12739339747146242, 0.12829748666981716, 0.07806494260575131, 0.0857705441863152, 0.12591915254142055], [0.0781501489337542, 0.10464442014705716, 0.1088822158941616, 0.12261758775526325, 0.11156630202048001, 0.05156544973019945, 0.11434818876853117, 0.1353881055997675, 0.08129983903515942, 0.09153774211562403], [0.08932112801560717, 0.1119070511986026, 0.07326483539525272, 0.11929985486567099, 0.09925007282646567, 0.1157056899774509, 0.10304219581331502, 0.07885675579716374, 0.0872504379627372, 0.12210197814773832], [0.1070604355336669, 0.10824899150537669, 0.08944824211403878, 0.10950770920370415, 0.1088768533626909, 0.10074359095098542, 0.11297669353558898, 0.10123441744526734, 0.07419437275462341, 0.08770869359405874], [0.08406271430766273, 0.08961152987176237, 0.10658153585289255, 0.08064536894518441, 0.11887086251208609, 0.07019096847882002, 0.0775455373499607, 0.13599928509291048, 0.1045559683569108, 0.1319362292318127], [0.09486670214520543, 0.10593388406425558, 0.11391313870195253, 0.09229318470538063, 0.10072939364957567, 0.08158879749101915, 0.12521300891019357, 0.06268074468837084, 0.12671837897394903, 0.09606276667009636], [0.07532685907794671, 0.06441185909095404, 0.12347017978415148, 0.09509725710384463, 0.13430872836212768, 0.10846223123443266, 0.09024094757234608, 0.13460994457423875, 0.09189943107140283, 0.08217256212855112], [0.09877135578269892, 0.11343727752113995, 0.10503721884166968, 0.08791804599228012, 0.1151973774670901, 0.11928127561205946, 0.11564371746549575, 0.09924922618677674, 0.0886869045333053, 0.056777600597480764], [0.07342918586392752, 0.12142435488329013, 0.02708581006428021, 0.06476421611370957, 0.07123170752862908, 0.13242175237734685, 0.1288510666158969, 0.14036405732346457, 0.14557281187595336, 0.09485503735349597], [0.06291845335028422, 0.1182294454452552, 0.15161872643738983, 0.09793144369884, 0.14395208664572504, 0.08648878746633556, 0.07438550281847907, 0.11964974481267784, 0.11997770196977976, 0.024848107355231568], [0.09993543723724867, 0.04960907142877235, 0.11205332974578928, 0.032243003024526706, 0.10372079780548171, 0.1211303128171973, 0.12490520375195856, 0.12824040331004785, 0.12673888664359023, 0.10142355423538445], [0.08561092941446646, 0.10828899195047255, 0.08053276739494085, 0.011141966383784088, 0.1501158484381019, 0.12758337569182554, 0.10715415486040161, 0.07848123206904233, 0.10574069332304996, 0.14535004047392264], [0.10529946411773783, 0.12764783468580057, 0.07277237770336617, 0.12721057323044488, 0.11160002052750284, 0.07905387988148262, 0.11031152020999273, 0.07419731039484793, 0.10622817659220386, 0.08567884265662162], [0.05797404026551377, 0.07656459098654812, 0.09515140406618233, 0.11707228152589547, 0.10191401642276691, 0.07345566566380857, 0.11185175227174614, 0.10635823168462404, 0.13874611749087376, 0.1209118996220439], [0.09276452695315753, 0.06274374995417802, 0.1434046419991559, 0.09836663399613853, 0.09365133912838164, 0.11002897124823155, 0.11804028868024836, 0.10148876651195596, 0.08998677268069367, 0.0895243088478633], [0.12479175804234013, 0.09655669383294392, 0.10625881581054847, 0.08299744696879668, 0.12403136944207648, 0.1089616674173834, 0.11261116580428841, 0.09930418302874199, 0.08795701951096334, 0.056529880141919404], [0.06808732373327805, 0.0522390660407209, 0.07631613143998187, 0.12052491623138506, 0.13448548300518753, 0.11379306860667861, 0.1106877213841183, 0.04921942642174039, 0.14314026025327417, 0.13150660288362961], [0.10390731784468576, 0.1456110609223208, 0.15433685976477685, 0.09538485624702894, 0.09536999998512247, 0.053428965132302456, 0.0278473250935021, 0.0750848715391441, 0.15059489563654027, 0.09843384783457447], [0.11635866582395146, 0.04873788809956136, 0.11930093557383784, 0.11946377804545212, 0.10665819275832114, 0.11483049395007554, 0.09856896463777844, 0.10578408886106702, 0.11379122151354099, 0.056505770736393714], [0.1489321137432156, 0.10985673338876217, 0.03909368121541858, 0.08572036401226882, 0.04639906853541974, 0.16130966909651248, 0.06411821583449717, 0.12026447017962802, 0.10505937914831835, 0.11924630484595672]]], "bagging_alg3_list": [[[[[0.08360632214688711, 0.04673773843174655, 0.2356605552229738, 0.07364041947741193, 0.07149730064407019, 0.09462169822596903, 0.1392817042611674, 0.1368918430506033, 0.059582410233785014, 0.05848000830539843], [0.08660953095161043, 0.1379249178700736, 0.12817852553513853, 0.0743322060495669, 0.08896571941846848, 0.10414555543858538, 0.12740850214415378, 0.06752656802799713, 0.11071440159927452, 0.07419407296513059], [0.09471675573695783, 0.09541847835784517, 0.12440308937610325, 0.13482482507055135, 0.06742921966800255, 0.15017370666244004, 0.11729356010073784, 0.07785414277421016, 0.12015620039838555, 0.01773002185477355], [0.1330006115416726, 0.131899375704875, 0.16337155597917186, 0.10499003345669895, 0.09605225239897566, 0.05993332972622026, 0.08444486332500034, 0.0977356842732352, 0.0824456693382205, 0.046126624255920845], [0.07656556670249931, 0.08631384975926429, 0.08786747301254295, 0.07608035951539935, 0.032045194440005344, 0.15674222698179568, 0.20566191091685618, 0.09645457055503935, 0.09663699361858204, 0.08563185449801655], [0.057328418252149974, 0.11541781616590381, 0.1714739308653457, 0.12461116464173158, 0.07543969802167556, 0.11987207206186473, 0.13812103254261934, 0.040377854835173255, 0.07113132700693359, 0.08622668560657362], [0.09174964990458746, 0.1046601427863347, 0.09168363037607538, 0.09235769926248563, 0.11366569883909103, 0.06605264750528116, 0.1427394360683177, 0.1139131541280252, 0.1323995549288387, 0.05077838620096299], [0.07120072693669854, 0.16842524966421107, 0.042190433041367284, 0.05232814524252031, 0.11421879462197096, 0.101958262292573, 0.17014215834657698, 0.10411887840488229, 0.0664523058603981, 0.10896504558879748], [0.05384916635775141, 0.1229578624251273, 0.0935584201837651, 0.11658652049196667, 0.1572673256051892, 0.11747518898024258, 0.05818720976017937, 0.12502661689526687, 0.0876710107283624, 0.06742067857212855], [0.07881456060364343, 0.1010733186666731, 0.10899978065956903, 0.10161487729257607, 0.07455507137477785, 0.08419070464843377, 0.1861559773592368, 0.09770756144146252, 0.11588186759792132, 0.05100628035570189], [0.1395520100104115, 0.09224518308321397, 0.06570644862829778, 0.15154250413198303, 0.14781673497323558, 0.12852868830101866, 0.1116692629153793, 0.010684390196785923, 0.05202229109083154, 0.10023248666872214], [0.06001037818217174, 0.09410479155330825, 0.08854005218861556, 0.11916286374254212, 0.1438436099696408, 0.11478222143473675, 0.11098301986677145, 0.14027433134446618, 0.08658007318958034, 0.04171865852817644], [0.08890784523933577, 0.08746459611288758, 0.08962684156589472, 0.15438835471103704, 0.05660756745049612, 0.09674302272701116, 0.08944704814739488, 0.1431259007311437, 0.07705661761939464, 0.11663220569537376], [0.07573242792400074, 0.10722128616574679, 0.09175989987735687, 0.08422353634907243, 0.04716751061141358, 0.10257736142959824, 0.11518018956434312, 0.16301838740881433, 0.12095479326202199, 0.09216460740763326], [0.13819145682845346, 0.05458177875203277, 0.10719674454428373, 0.06264952129076873, 0.1055156667009673, 0.08661097844509155, 0.16995252352754864, 0.038221504969278584, 0.09107938171312892, 0.14600044322844183], [0.08133518141268825, 0.14428310117618393, 0.0943451512606837, 0.08518119177431001, 0.08046486570134329, 0.08725586016183225, 0.09474588900532446, 0.15616961566383714, 0.09667837433094358, 0.07954076951285409], [0.10879197209937151, 0.05608118952935703, 0.12602534706244298, 0.10060116561531166, 0.14922700986421963, 0.07278704709066629, 0.08339513965618266, 0.03730955590400989, 0.094749245519851, 0.1710323276585924], [0.1331570531933362, 0.06567830091193498, 0.13673445393101039, 0.1258151074471376, 0.12269240375136631, 0.027509106311734827, 0.15678408545056108, 0.08163450783610815, 0.049129826454658306, 0.10086515471215741], [0.1579603831526831, 0.09175851758058282, 0.15793085867059983, 0.04616349319038848, 0.06828217132916548, 0.13674481486830387, 0.06867639886495798, 0.1234063993834913, 0.0959885998369604, 0.053088363122858695], [0.0965002119330408, 0.11984448741498153, 0.12692964922839994, 0.07106835581683182, 0.1841468134982432, 0.10761624624919064, 0.13216854377952553, 0.0167620542726015, 0.07773378938702709, 0.06722984842013655]], [[0.11974729044853749, 0.10260281270807846, 0.1472748729542229, 0.12522235605789364, 0.059572322334282606, 0.08483328731346314, 0.08358158373069119, 0.0969198576621462, 0.10473339867285056, 0.07551221811782884], [0.06569072649683648, 0.1124364335978607, 0.03254895514969106, 0.07470889294848894, 0.13215732555926918, 0.11998046861639657, 0.10505522943917824, 0.08775466174126276, 0.11040291663384731, 0.15926438981718796], [0.06757712410842125, 0.06749760927145354, 0.07926088467122723, 0.0821537925435808, 0.18219798199419587, 0.08964984309256724, 0.14038156544094224, 0.04794588382930938, 0.13631648261152962, 0.10701883243676599], [0.12157029951668019, 0.09447211258937857, 0.04165660556598528, 0.09668314774172349, 0.17875055770928394, 0.10317942771021052, 0.04029883023163256, 0.11156116359110377, 0.07318933264702437, 0.13863852269697846], [0.13242598369240757, 0.13093669518841344, 0.09199089452181813, 0.10328259434724904, 0.07118251731402885, 0.1381259026567013, 0.14345529676096366, 0.06258569475619581, 0.03561396748321537, 0.09040045327901669], [0.08869002247135675, 0.056419877212734976, 0.09301513189113042, 0.11349702048102299, 0.10818008223688773, 0.06731170046497977, 0.17816317149933214, 0.1254876690626823, 0.0888922098981074, 0.08034311478176248], [0.1517999258586448, 0.08374253279491546, 0.09586197309986899, 0.0821313223144675, 0.09957770862101989, 0.06959402369668892, 0.2055674612204991, 0.06193011888402211, 0.05729057427224213, 0.09250435923762346], [0.12248675979516939, 0.06154809599917461, 0.11756476758777538, 0.08190702109534333, 0.07927571595281287, 0.056635551966527684, 0.12157924317344929, 0.13409649320439593, 0.11514665246322657, 0.1097596987621293], [0.05217412550355296, 0.1259763801574281, 0.07603740840081682, 0.13151086360431533, 0.0947727512997941, 0.16965692553190728, 0.0935206839780941, 0.10219656759541113, 0.12185846974794057, 0.032295824180733096], [0.07170278481450411, 0.109722944281388, 0.08424842662328237, 0.09111611959362886, 0.12953963781558275, 0.06066702695562223, 0.09214154899558721, 0.12503047832017697, 0.14340723916008644, 0.09242379344014746], [0.09069216602120564, 0.10404497766176268, 0.083332790241678, 0.15255517406096125, 0.12661453449667817, 0.1260577695080875, 0.09780051666052134, 0.07706066676819685, 0.09809918420609016, 0.043742220374838006], [0.17210313955581807, 0.0858700828335466, 0.0487768121116654, 0.16321856776580518, 0.06764912607865758, 0.09064489373189936, 0.12391012516936713, 0.036213331020908, 0.08883143002941958, 0.12278249170287497], [0.1346938835707423, 0.10762706650429608, 0.029499166865565345, 0.1406192099584735, 0.11873562420620136, 0.14402173091047746, 0.09378199813944273, 0.09883869706247529, 0.047098500599148316, 0.08508412218317342], [0.11174839733298779, 0.11020830340129253, 0.0817842701175119, 0.07722293348736137, 0.10601606996777674, 0.12882653847570358, 0.046472947989921146, 0.19051888218133997, 0.05641336295239499, 0.09078829409369855], [0.14184032126278107, 0.08299225798422998, 0.10381860720869039, 0.07531407966635137, 0.12480338246516808, 0.1476984510211925, 0.06413294142120249, 0.06605402290325761, 0.09834964049585443, 0.09499629557129086], [0.052230972971888466, 0.16776093548947896, 0.07309168522920852, 0.06810039366982912, 0.11763948884871797, 0.07405261465531524, 0.06313642606362212, 0.10288149669355688, 0.15712959374631916, 0.12397639263205926], [0.03859934867599561, 0.08432328941907904, 0.10409591803591892, 0.033141270579273505, 0.09369736927491394, 0.12795625625085488, 0.14856782749718386, 0.12103565255509109, 0.08822216344931476, 0.16036090426238012], [0.09468208439631062, 0.1358401460590621, 0.07310058342973663, 0.11323736334636798, 0.13735806857879249, 0.12614897638124403, 0.058906084775672676, 0.06859955403157374, 0.07231690384810771, 0.11981023515314239], [0.09842581959906438, 0.05344316114839952, 0.09894008811876268, 0.09903670860223295, 0.1281791138221062, 0.09873327767713878, 0.16689389392105175, 0.04884223540606749, 0.09537688285430858, 0.11212881885086479], [0.10697414543158777, 0.11062003199341507, 0.07159013555727838, 0.07885186512269476, 0.11102218622066377, 0.06132652415624625, 0.09668968649638028, 0.11298838734337227, 0.12153354597941345, 0.1284034916989431]], [[0.13009056804544106, 0.14605195802537696, 0.09447110908904643, 0.05145356329689992, 0.069494280741976, 0.09374475084253385, 0.14487667094488493, 0.12097055533672943, 0.09047473253331709, 0.05837181114379526], [0.0937460239917849, 0.1572147304581823, 0.09298850789877976, 0.04902396784590585, 0.09884360823843259, 0.10406872873994139, 0.10707502293510787, 0.04451643082215461, 0.1581188176385262, 0.0944041614311853], [0.03395899269184556, 0.1285753494843307, 0.1551548606398577, 0.08407658700921082, 0.09638047985810827, 0.14295471488374473, 0.1152469698568448, 0.07718838131117725, 0.10060290116799354, 0.06586076309688513], [0.03716288223771266, 0.07882771930616106, 0.09811374920993712, 0.06502085399378979, 0.15478314762491316, 0.10452569110652794, 0.12506120724316105, 0.12195247382097293, 0.07915103087606379, 0.13540124458077682], [0.09624203783879696, 0.11623244890477225, 0.07676479013896868, 0.1318330664386654, 0.13917357071422107, 0.11701879542192158, 0.06453072499641169, 0.0946224043201775, 0.061854654624288394, 0.10172750660177046], [0.03855664882935471, 0.08561022353224555, 0.09270189665951778, 0.059299823807018, 0.11348248390597228, 0.1271796059171494, 0.19112560706656806, 0.1355850273990227, 0.07892904667769794, 0.077529636205435], [0.09220786533232653, 0.09911656769074727, 0.11492157029578642, 0.13487987903872303, 0.1446659071118773, 0.10599720491986347, 0.0937059816922524, 0.0407807623333905, 0.05312268037250869, 0.12060158121250263], [0.13526474633387534, 0.0856242269655021, 0.12526635755819598, 0.03709903230114387, 0.10127337335201668, 0.0708994775235147, 0.12649987976256863, 0.047790702761406824, 0.11197232664293039, 0.15830987679884526], [0.0985973969704794, 0.06118823536894893, 0.06584259159702567, 0.10187119147237414, 0.07264393495448342, 0.06553452586957013, 0.13279655975167604, 0.16531865329097092, 0.12744228725488926, 0.10876462346957086], [0.07205663431733397, 0.14186589766731925, 0.13125155442480504, 0.08578809271672094, 0.03899223816392956, 0.16752316173047602, 0.09212697470956925, 0.106382537995358, 0.07650558058193971, 0.0875073276925431], [0.05153778930832535, 0.11679995083713056, 0.08565353785099249, 0.16607477127597312, 0.09596609531101563, 0.049576314329524515, 0.13507774745404497, 0.11101374690084896, 0.06913648025086638, 0.11916356648126628], [0.12516272571560697, 0.07155837065528813, 0.10635424667214381, 0.1958310322192511, 0.10633010257608859, 0.07374187504089995, 0.048717801029784596, 0.0576195490954341, 0.08950250785651379, 0.1251817891389983], [0.04350791361321912, 0.1112468794245928, 0.06847993722449432, 0.1565026342147742, 0.15147617158535465, 0.0854592405825448, 0.10455986841945875, 0.1286623310117724, 0.0957708258477742, 0.05433419807607501], [0.15972584357999428, 0.08254550211081997, 0.0762827384271392, 0.08661899074182895, 0.1401473506806961, 0.07503008975823153, 0.09044740222023513, 0.05062697811762333, 0.12484194820393926, 0.1137331561594861], [0.08726206716590884, 0.0669972954091102, 0.1465489379280057, 0.09526530078163076, 0.1233325852264988, 0.059138565902274995, 0.08967781630761588, 0.06820297225601638, 0.07308653457319028, 0.19048792444976181], [0.06080896683588003, 0.06753466779400204, 0.11482650591505042, 0.03638229638078201, 0.08537694869762004, 0.13142827502309792, 0.09227544802117225, 0.15810775867372928, 0.10581841055286198, 0.14744072210581521], [0.13354674021881302, 0.11611512095260076, 0.0983832380386296, 0.040832955121228025, 0.08761277276819485, 0.0973195329132933, 0.06156231711507362, 0.1187443809016946, 0.0956348189782166, 0.15024812299226384], [0.0826713105041228, 0.15690390396146736, 0.10160006668595348, 0.0808915379964536, 0.08403832028987418, 0.11705203389574118, 0.16256883677649003, 0.09279805789037078, 0.06782809586913845, 0.053647836130392146], [0.02863516379870462, 0.14627000252762873, 0.0601703800368306, 0.06845869087190444, 0.15858615566473147, 0.15671643051633147, 0.13243158021341564, 0.07759707139437688, 0.09062446316082189, 0.08051006181522154], [0.12972058671335532, 0.04294093913447716, 0.13171031872839695, 0.06723331632842164, 0.08626106328629439, 0.04028369553486505, 0.06983582912100367, 0.11360142194587615, 0.18605193451161992, 0.13236089469568782]], [[0.1622492833135398, 0.08641327680852523, 0.12185307948907297, 0.10612893722910732, 0.0944937464257644, 0.057315889737397645, 0.08796109646995222, 0.07524430953147009, 0.0854062646978949, 0.12293411629728145], [0.15580477600765907, 0.1052916449512268, 0.10869902779318337, 0.17730180909304308, 0.12466782259484797, 0.03271417620593523, 0.10335912784472605, 0.08435259994528671, 0.06690091569203482, 0.040908099872051136], [0.06331548604013962, 0.16742436180405657, 0.06336117526053246, 0.08935738760388676, 0.17417732866797342, 0.04034981205541798, 0.12282847466888878, 0.09744774885858122, 0.06655461782888829, 0.11518360721163726], [0.10392436533307377, 0.06032173244146673, 0.0960069798111044, 0.0857082966505799, 0.1580439132755459, 0.0718445988009413, 0.05830844942413267, 0.047592023966162064, 0.1702238610463484, 0.14802577925063706], [0.09959369684303274, 0.051719488178492624, 0.15073404827340833, 0.06744786285240399, 0.12348833464063858, 0.13646646177853597, 0.14154209264858142, 0.08267119121077973, 0.05244859658469185, 0.09388822698943328], [0.1168658563732064, 0.13927299911684551, 0.12995012159466254, 0.06258793835270017, 0.08649332296150053, 0.049887021468372296, 0.08133765195506873, 0.10054540485702265, 0.12970847013818587, 0.10335121318242303], [0.05458172906807331, 0.11121863712672485, 0.06888438639171379, 0.11448866454409168, 0.08411248737633793, 0.08736626887787903, 0.20539650797975148, 0.11526441751785017, 0.04455508474413827, 0.1141318163734444], [0.07060092469188695, 0.05371564150574262, 0.13220825439786318, 0.10624649974317564, 0.08565118949575204, 0.049776723366556176, 0.1377762731610639, 0.11684912412037282, 0.11538128877770401, 0.13179408073985652], [0.06801114838868222, 0.11034218023820848, 0.08675186442025426, 0.08195959788984229, 0.12447567062012348, 0.13791489039610305, 0.1246908192765388, 0.10069568785336702, 0.08542330975034322, 0.07973483116652169], [0.11103600379156198, 0.09747020560733113, 0.09398619025849907, 0.11816048505623569, 0.1484783594058326, 0.05162070794040411, 0.0939350994021859, 0.059991640525422066, 0.11484738062837473, 0.1104739273841339], [0.043847261954710705, 0.10780978030096558, 0.050770756558993144, 0.10703817374840721, 0.17861408666415735, 0.07192717422592372, 0.09954719366900018, 0.13732054815963987, 0.07065544217280194, 0.1324695825453988], [0.06234133572183358, 0.14012468452749802, 0.05256061787497697, 0.15803871939261094, 0.09122362331714386, 0.13752478180771677, 0.09124360895197195, 0.08882846603769584, 0.08779954162142384, 0.09031462074714434], [0.09814310492032043, 0.09328461358306972, 0.09567110589484973, 0.1072907975302153, 0.1076120744447264, 0.18048157196578019, 0.13115648467297475, 0.08261758287965072, 0.04088535834474921, 0.0628573057636399], [0.13653209030372085, 0.12225346799877965, 0.10599682866333934, 0.08665866879559812, 0.07726698486853546, 0.09532031464836706, 0.13330898330822322, 0.02321041003294283, 0.16165966620595018, 0.05779258517452556], [0.06999823230856264, 0.06807867365771988, 0.09107355513651337, 0.11984473334050155, 0.17167523303589405, 0.14778615808802562, 0.07735289899574263, 0.12553677763174032, 0.043675089138232585, 0.08497864866707361], [0.07795107876134129, 0.0855336668862387, 0.15979571895007594, 0.10126037736028609, 0.0961678110484824, 0.09498139069502291, 0.13267144322586497, 0.058518469973816246, 0.06711734221728788, 0.12600270088158433], [0.11994730981163967, 0.11528316544279636, 0.10230134631056426, 0.07459615326739288, 0.10158451505976046, 0.08569971793306538, 0.17321223190783153, 0.04254120071876766, 0.10048716349946192, 0.08434719604871954], [0.17170540614721308, 0.14063380199161113, 0.10099858352835445, 0.15033036188290663, 0.08814367139402508, 0.09302566391197399, 0.06047473739218921, 0.07007753852786532, 0.07117035734833578, 0.053439877875528376], [0.1331597181244331, 0.06284809762631828, 0.08427540510783113, 0.10201767397196843, 0.17572956741807913, 0.0876579967326398, 0.07712109679263579, 0.0793731859008089, 0.12197191603180813, 0.0758453422934896], [0.12135610376902899, 0.09127919950413155, 0.09928117813835201, 0.09420240608008983, 0.08375538837511143, 0.06956133040701835, 0.09608687815433455, 0.09164250180824793, 0.14829648674269527, 0.1045385270209706]]]]], "bagging_alg4_list": [[[[[0.1140244452179973, 0.03738175645746245, 0.06855027632172436, 0.067426726665593, 0.1243166653511062, 0.10301320861505081, 0.22522872798841664, 0.08461298966449138, 0.08780872778978603, 0.08763647592836081], [0.08845701641416223, 0.10030287409121094, 0.08283611832462666, 0.11145063135563817, 0.19031419892645626, 0.04426504125540558, 0.12553200004823398, 0.1164267502805321, 0.08473854639288829, 0.05567682291087851], [0.012745536076164639, 0.12723824013019916, 0.1425552143300657, 0.050256509462943674, 0.15240004629848752, 0.10824541884105232, 0.053728963606306704, 0.12473851917803161, 0.10978926528096133, 0.1183022867957742], [0.1236084563322715, 0.12259674644633613, 0.06656176329733648, 0.11225995888343454, 0.16364609816886144, 0.06488645944022362, 0.06837663008138642, 0.10809814221014176, 0.0726088247476058, 0.0973569203924037], [0.10286354974038567, 0.11953611014281731, 0.12152822016196863, 0.07492236410918128, 0.08192923979361534, 0.05318779472515016, 0.2179466749689212, 0.086013740935744, 0.0584739051478169, 0.08359840027437333], [0.14686081002016602, 0.10666245091753286, 0.07473441131458224, 0.03863041288394944, 0.1929002247944418, 0.08501548256433379, 0.10363590755936032, 0.056540938969692055, 0.11965671281151649, 0.07536264816445384], [0.1412238471228585, 0.029095106689790626, 0.08561958268700194, 0.06708448879362544, 0.11224745381547536, 0.1305467503874086, 0.09379916220019886, 0.1587532082530824, 0.10714840736228227, 0.07448199268827636], [0.05119030356010001, 0.15591653522291635, 0.096248424336091, 0.08470069090737901, 0.07978393741405697, 0.18041224639529255, 0.15665406819059913, 0.03179158725691874, 0.09941684204154491, 0.06388536467509325], [0.10228382589221144, 0.1326759066892622, 0.07522641004863431, 0.09938845232336198, 0.09587984076870233, 0.0540876525373475, 0.08201860957027941, 0.10897281076425801, 0.14486606207332742, 0.10460042933261497], [0.04250637743068372, 0.0733011561988406, 0.05868122542879165, 0.06322954593849173, 0.10287764856923375, 0.11714611642426545, 0.15401564737110546, 0.1370004964413199, 0.15415631432831445, 0.0970854718689551], [0.08381149820042604, 0.09571909564891226, 0.09737920726228937, 0.06535083044439892, 0.06640788370772523, 0.15143785670569385, 0.13971295734494346, 0.14204747315701305, 0.09868077323318102, 0.05945242429537997], [0.10629990604850939, 0.10288391891492697, 0.09194306993547854, 0.10830036750203238, 0.11904607640832329, 0.10638331041932306, 0.15161979823214974, 0.10089398636689384, 0.1052980575026223, 0.007331508669737842], [0.0791219250628655, 0.14553680624100324, 0.08638555104308537, 0.12971474723622906, 0.08346760210775482, 0.06724615975304434, 0.11746748100558087, 0.13754859409526504, 0.056140550080630715, 0.09737058337454056], [0.15734696221027833, 0.09285949890550416, 0.08539050921285431, 0.09243233963622471, 0.10651913138541197, 0.09085096225531662, 0.08848608217130871, 0.11185292374947854, 0.04495870521378637, 0.12930288525981876], [0.0767629498048188, 0.15861219766409354, 0.14652770698566925, 0.05274385505781569, 0.09168646110679322, 0.0719320172632362, 0.09857969586599506, 0.0717995328819008, 0.1349233687415345, 0.09643221462814142], [0.11666041331978623, 0.16692541651886145, 0.1068369953748621, 0.11005257810936006, 0.15182299115154654, 0.07334913386982858, 0.047044473792928504, 0.10649694576184608, 0.045026743780633295, 0.07578430832035511], [0.11180661610477662, 0.07232375635693931, 0.13935140638141724, 0.11180022733769053, 0.12755579648888601, 0.08419201764779825, 0.09585989800008435, 0.012768758381597795, 0.08533812990540889, 0.15900339339541286], [0.1346043997470722, 0.09643485441669469, 0.07879228961067328, 0.07475814565247872, 0.07536275184683074, 0.1054631614840179, 0.1543546561092826, 0.08602533912247397, 0.06921255065487353, 0.12499185135559523], [0.17434419876370888, 0.045961697584725895, 0.13435038673306587, 0.05932994067473988, 0.0904401974918159, 0.15752284894436272, 0.09259718684423306, 0.0749993659881571, 0.10080111830944251, 0.06965305866575276], [0.06948074195810346, 0.07328738331241647, 0.06894614372206703, 0.17665190106984538, 0.09806338756375155, 0.10389181265242001, 0.11014282225481224, 0.0783425561194158, 0.07866131417368633, 0.1425319371734685]], [[0.10797921117613464, 0.09309666152424427, 0.1519104513845673, 0.16272957620667314, 0.07220055837607553, 0.11021487110151357, 0.11688817485173714, 0.043906468224592966, 0.0890872099684299, 0.05198681718602233], [0.14404586694141144, 0.03541081146501682, 0.12235115847361586, 0.09730478443018417, 0.07994297955160706, 0.1633658621138046, 0.11530045861723977, 0.08183265675128627, 0.07961562283289207, 0.08082979882292589], [0.06289161751845561, 0.07306705043244091, 0.11880177448434674, 0.10279080428775259, 0.11137870574346247, 0.11216193940049912, 0.17542442962805388, 0.12233945207357777, 0.03539829796183621, 0.08574592846957746], [0.0796735097464326, 0.050083539458521044, 0.05329525680484224, 0.07250020504809679, 0.12719319832104353, 0.11479398756802876, 0.12533466365820442, 0.19048248340139853, 0.10731382504465584, 0.07932933094877627], [0.13283124604103114, 0.0791168316272911, 0.08535624227328693, 0.0927407048449922, 0.09786306061647942, 0.18567622245240475, 0.11915508602062312, 0.053923177459997154, 0.10235451348764042, 0.05098291517622205], [0.1599455378390978, 0.05354219074012774, 0.11135931524350348, 0.19021887209283228, 0.0698066877299701, 0.08230698945769, 0.1118213157414564, 0.044071389598739415, 0.11596422076263706, 0.06096348079395458], [0.12361777667701739, 0.109544670467132, 0.09257164917283808, 0.07238453024394678, 0.10489078859640712, 0.09346683270818683, 0.0595413952514938, 0.12865699977155945, 0.07881349656249449, 0.1365118605489446], [0.052193746594951435, 0.06280310185253442, 0.12476604018647984, 0.06001394045923138, 0.08158222781272385, 0.21487377701953764, 0.10769057611858365, 0.07724640445282804, 0.10786793005120411, 0.11096225545194541], [0.018954003939231724, 0.12757614269324882, 0.08887912797073587, 0.09458408227665481, 0.1595712017985689, 0.08813345846092609, 0.07090980753540879, 0.12690762222218765, 0.15785235693982796, 0.0666321961632079], [0.08067820330475625, 0.08260812723303979, 0.11547888746487663, 0.11286572