{"SAA_list": [[[0.19039920548764155, 0.10746044441435122, 0.07685711906471158, 0.09691254789032683, 0.0010373916025679239, 0.13811584547454653, 0.1287865337263098, 0.05896384819550659, 0.09740912447944455, 0.10405793966460497], [0.10106546127325346, 0.17493174978798992, 0.05036779030116818, 0.17694780412878133, 0.11220989324940427, 0.1318256907621136, 0.03759509186383946, 0.05141895608829601, 0.10109457064553143, 0.06254299189961904], [0.08571197131752605, 0.11931361204679498, 0.06849327775905077, 0.13290886993204276, 0.17793743184907615, 0.13357032242756348, 0.07677737548722195, 0.08970198615881927, 0.10118221321872531, 0.014402939803184382], [0.06648372941949796, 0.1170853583849556, 0.13225314410621467, 0.08032417122463496, 0.10219692638196093, 0.1617857103389557, 0.012226760803516904, 0.09591696226020503, 0.1622232699536748, 0.06950396712638449], [0.10284235480736692, 0.10624147103716669, 0.10969731263913447, 0.09664079787782211, 0.14964515762807332, 0.05252835877835283, 0.04839936604212982, 0.10774254061637147, 0.11881966872184188, 0.10744297185173232], [0.04374853704172391, 0.07522640738443226, 0.06804892690723265, 0.1395743350793611, 0.18596564298588125, 0.09890969827738569, 0.15455213344610924, 0.11453783787317612, 0.08325053086997024, 0.03618595013471717], [0.12399835112376324, 0.08120599762892604, 0.12028307191803954, 0.11157177275240235, 0.05642452686786746, 0.07624123251143275, 0.12105296278036083, 0.10846698644276107, 0.17268386663929683, 0.028071231335158042], [0.05212963259329122, 0.03771437152613603, 0.18840799916527046, 0.06325102277636739, 0.12064064390429863, 0.0963313304797216, 0.11870684207545944, 0.08651542215477208, 0.11489622221683445, 0.12140651310784906], [0.11807941980152897, 0.05715448115993489, 0.14401651491168727, 0.07401096913185692, 0.10806675753760282, 0.11410036570934853, 0.1083800032067457, 0.09680302306570358, 0.09140129513709291, 0.08798717033847685], [0.14725700526063834, 0.1391209216271236, 0.08202465939853537, 0.072169116266065, 0.08140191092813331, 0.14972365946863878, 0.09476863931975094, 0.10201845085885014, 0.06571710443490174, 0.06579853243736546], [0.09105833257745016, 0.04619087767032672, 0.10622412971205702, 0.07326159546323043, 0.12757152415834597, 0.19020910268660307, 0.09885306743172188, 0.032245823386225184, 0.12452437859545212, 0.1098611683185868], [0.1216323997532602, 0.10696508151224852, 0.19306326627057316, 0.14471498360928373, 0.09118298456776999, 0.13756166835180794, 0.029929134203679448, 0.0771747945896993, 0.06901618824626156, 0.02875949889542234], [0.10034727603559192, 0.10644602721443047, 0.08706627043754028, 0.1680675127822117, 0.06021801024749582, 0.05707131580315922, 0.06213942693630561, 0.17386409631998362, 0.11179579766278054, 0.07298426656049933], [0.16766818315579046, 0.14290695514674362, 0.02839863395034514, 0.04770672618671416, 0.06882027684749155, 0.09442535551536738, 0.09907887683391674, 0.09665899766642179, 0.11299172087516234, 0.14134427382205247], [0.15567502081901827, 0.035818300725625536, 0.019282992900363893, 0.1093221781899693, 0.017009987813101837, 0.11979195785731742, 0.13355785869021164, 0.1432865494386074, 0.12739763278740177, 0.13885752077838445], [0.1101673658829683, 0.05845505740653967, 0.03524165914557368, 0.12051336148971667, 0.1419553651262962, 0.0788112906485899, 0.08765762475486545, 0.12420918479050948, 0.1257304965752511, 0.11725859417967963], [0.06899094203381069, 0.08975753655538472, 0.015786415314313226, 0.1772592406637872, 0.012571802579903164, 0.15594567447688285, 0.14447147614825773, 0.10329566596496481, 0.1366234153468682, 0.09529783091582292], [0.0466376636171856, 0.14937775335913767, 0.05876721952622335, 0.07041327524757857, 0.102538796118891, 0.08074418030236198, 0.08245456212698175, 0.1278958683232744, 0.15671489801653635, 0.12445578336182499], [0.110085553779663, 0.10825889136398496, 0.12352366847776004, 0.12255214957478368, 0.04805626604414989, 0.1358139786626114, 0.041909417842826854, 0.1311473450893164, 0.11107677508782335, 0.06757595407707598], [0.07918150252065778, 0.12407109768815691, 0.12918367657020607, 0.155627237972698, 0.01861160965466808, 0.11190657655941902, 0.13951626744794438, 0.060488976443696135, 0.09117517813911553, 0.0902378770034367]], [[0.03109508947138535, 0.09118436968021174, 0.14568623318800172, 0.09622366068847153, 0.09069459713746905, 0.10051702097151238, 0.1376040821346784, 0.11151327127753387, 0.0751314045698521, 0.1203502708808793], [0.174655032479495, 0.04854313082731255, 0.05987245565763776, 0.10112473823511635, 0.18285940616635135, 0.13738041979098953, 0.10772450156523589, 0.07699681045410406, 0.023256585820229332, 0.08758691900350211], [0.15376465540335785, 0.1252822774191877, 0.08254833856356085, 0.14486596486554607, 0.05258093265028961, 0.09633778170614413, 0.06556319837698059, 0.06368495516676176, 0.08725597291347563, 0.12811592293469032], [0.11088966250641577, 0.1236371913267547, 0.025958242256790113, 0.11615244373201068, 0.12159897156447184, 0.07604875848254172, 0.09706134794265053, 0.12875645992404852, 0.12293635331261867, 0.07696056895169305], [0.05318608667678832, 0.044297263313140794, 0.14043052504930303, 0.13049796660152427, 0.027736319759460802, 0.09733325391648392, 0.08300870391403055, 0.1523904879314532, 0.1436223403861749, 0.1274970524516233], [0.010624369550545834, 0.05210285751699804, 0.17770262604665507, 0.07888325130114027, 0.18360974060710814, 0.09860954038099037, 0.09295223621442025, 0.1141686108068017, 0.12201099315437305, 0.06933577442098658], [0.038887683712704, 0.08889655861021181, 0.0621415583119303, 0.1441901414821487, 0.13753961838169815, 0.1648386409153069, 0.12344053388591122, 0.08801780145785719, 0.10686280911313792, 0.04518465412909687], [0.10132815056400611, 0.08918020719053954, 0.15155888206453322, 0.08132159289137048, 0.15259201497199654, 0.00032421294204526275, 0.07034124306764898, 0.15252093816512394, 0.1171298884184874, 0.08370286972424815], [0.08300439032970627, 0.12675979586829797, 0.13661272172032315, 0.10011277217122565, 0.07853856505232482, 0.07000476346492876, 0.11232721002534413, 0.12475005847370048, 0.08455159234942808, 0.08333813054472333], [0.05145098458516929, 0.016819481308251814, 0.10506971707644487, 0.044869012043518904, 0.17353419855879326, 0.1242629201536073, 0.14284292955019273, 0.07043776391991383, 0.14545141258471686, 0.12526158021940206], [0.045916970388833016, 0.14959063782978785, 0.06976139104187411, 0.08897475024201724, 0.09314636441969788, 0.1301606627946202, 0.1066701209743113, 0.09965665511451448, 0.12615276200037973, 0.08996968519396169], [0.1358416712930381, 0.1421621485523943, 0.08147429338953788, 0.10905437532247468, 0.10702427922151377, 0.10510737412917644, 0.08381472161257479, 0.1075621822444888, 0.06415841451734224, 0.06380053971745928], [0.030959965622796702, 0.17077665436260944, 0.1164096958859134, 0.09821198559806352, 0.061462658129562774, 0.0928957526118909, 0.05111119632044333, 0.1260391044094105, 0.10902767852309414, 0.14310530853621878], [0.13936281690874736, 0.007370997411330196, 0.16077127458222298, 0.08319043518068124, 0.14558045968888428, 0.029032120787519287, 0.11685592122257592, 0.1541195290230793, 0.02995310130048716, 0.13376334389446], [0.0802922552090365, 0.07882704932159565, 0.10418968936857635, 0.14325707761256185, 0.08019069227232263, 0.1569335196457813, 0.07501511815355179, 0.1368846991214973, 0.035256840687663306, 0.10915305860742211], [0.10037239346691829, 0.02407193991415111, 0.07657338902523646, 0.12039257624505659, 0.10598007142903734, 0.12138387154340033, 0.0674482612815761, 0.13681768302911662, 0.11169150040197959, 0.1352683136635311], [0.11861961509622232, 0.0639200351329302, 0.09370114889506313, 0.1183963386367978, 0.10742145446051578, 0.06125346606223555, 0.13332589029405184, 0.09562872924035215, 0.05473948421906836, 0.1529938379627519], [0.0260854939084718, 0.09633675841397399, 0.15293978005140632, 0.07712666512379415, 0.11877039607703406, 0.10407972125252682, 0.05345851459333152, 0.10459986313394762, 0.14432902772703443, 0.12227377971847361], [0.1175790417939015, 0.09548057019581722, 0.11591781913623046, 0.05751356255541083, 0.10240384399060201, 0.11753198778005551, 0.12470367088876348, 0.10993903170460452, 0.1061521140397527, 0.05277835791485523], [0.11369255520017528, 0.021755457624322325, 0.10069945554387169, 0.09899927090613606, 0.13190271917158367, 0.10969451635083466, 0.10712651078481931, 0.09316369475948506, 0.12617521732596063, 0.09679060233281128]], [[0.12933472680237534, 0.10207149915853174, 0.12432536132761915, 0.07651261444865193, 0.0601613935573857, 0.0977115448638369, 0.12511029136302365, 0.09540376455876341, 0.11493525306407454, 0.07443355085574277], [0.10863890505258947, 0.07714665103736831, 0.09669555257591868, 0.09343911778289225, 0.10241308884530126, 0.14946328253707783, 0.038282540384469356, 0.09952179612958041, 0.1292651413867268, 0.10513392426808088], [0.117679315753301, 0.16150299997255946, 0.09640259718322661, 0.11876844810243947, 0.15031198571573479, 0.1398055471840802, 0.033342232281152795, 0.05797867848125363, 0.09724217581757494, 0.026966019508679794], [0.12833069336798247, 0.10722764800484093, 0.11688661682511457, 0.060729376051056196, 0.0807836003586584, 0.09362643264337422, 0.09601873103980087, 0.11339434451857298, 0.08365970500411939, 0.11934285218647633], [0.12321362851612563, 0.06809110439487812, 0.0397578809107368, 0.042993174602019624, 0.11968472433340709, 0.13387227479995623, 0.07050663137425082, 0.1449468682455655, 0.11229235322151214, 0.14464135960154234], [0.07018697218945512, 0.057615493640172356, 0.046937142016509004, 0.118417497895523, 0.10934760489899299, 0.15255110263153493, 0.0715307572614085, 0.07195984317653752, 0.1514302443463276, 0.15002334194353853], [0.10922149972091263, 0.02638414339284197, 0.10881249108728612, 0.12516219422601255, 0.07970572637267581, 0.11639898434474732, 0.13713253147940566, 0.08077943171889167, 0.10922274565633737, 0.1071802520008849], [0.11907919920332426, 0.07280329009453096, 0.10917563887529111, 0.11470066948712666, 0.0699483698416937, 0.17750054900197668, 0.15442764549147428, 0.010213871431868218, 0.09573381578256368, 0.0764169507901495], [0.06545039796958675, 0.14155105656144126, 0.05851080481647809, 0.01885023184307992, 0.06221376129356296, 0.13602784973844853, 0.10619509706806946, 0.12679052198390137, 0.14625715560236652, 0.13815312312305908], [0.1383209191298243, 0.12309884650093891, 0.06540113543787504, 0.1298043560825524, 0.07846324240440114, 0.14688429667476452, 0.10268262703688612, 0.09781035943943854, 0.09432740322444666, 0.023206814068864046], [0.10984831899511101, 0.09500670827947819, 0.1288688733940595, 0.09914195769784517, 0.10279626435232676, 0.05812783958309558, 0.07620758834188832, 0.06934505376812367, 0.15111640900767548, 0.10954098658040773], [0.10118236783021509, 0.1206612550601306, 0.06287665396747548, 0.10402139794793722, 0.10099871827598259, 0.10222013510580001, 0.11399484864902282, 0.06171660983383678, 0.11892218909320355, 0.11340582423638862], [0.03084243914852671, 0.10442772832861454, 0.09220618461329448, 0.14586179024095694, 0.10335984319877944, 0.1305306361417526, 0.1372607026328643, 0.14911031094812882, 0.01412471517983707, 0.09227564956725165], [0.16031136620187314, 0.12301420978080001, 0.005388513422442079, 0.08824914091100404, 0.04418982940394666, 0.09819775385500765, 0.09119894726861573, 0.1275464425989084, 0.1425814028454128, 0.11932239371199596], [0.08360198830002352, 0.12475079160741398, 0.09644475021335917, 0.11074159330529597, 0.12491030071222478, 0.13450004545828353, 0.04932338684684393, 0.10522861277388625, 0.083045672401791, 0.08745285838088761], [0.004407762870621637, 0.09195947086292044, 0.07305456806808121, 0.15881347897180542, 0.18525809788161846, 0.08480678876792064, 0.10208830244889902, 0.1434010505993809, 0.13339721349449002, 0.02281326603426661], [0.1446205748860701, 0.05972089809044031, 0.12285478717267855, 0.03995607616095032, 0.07333357091481749, 0.14896724510840628, 0.12204980742762943, 0.12029143120948063, 0.15477754229852794, 0.013428066730984844], [0.06676633485420884, 0.016466700459763273, 0.08293218982497984, 0.13193748811449385, 0.0725337833570897, 0.12085189353244967, 0.1379217567761771, 0.10843250517879123, 0.11834529606641987, 0.1438120518356305], [0.09113629398069857, 0.14141791495062195, 0.06398984745365825, 0.13088679165803266, 0.038968648625153035, 0.1135503762750313, 0.059343015255718015, 0.09538696407290205, 0.15398403986589412, 0.1113361078622962], [0.10007132547205941, 0.10884765479838125, 0.06224599319080953, 0.13212741165630199, 0.09423379336981427, 0.12773468727898393, 0.0971683148881418, 0.12944623963858867, 0.07167554019698191, 0.07644903950993776]], [[0.09071255025151405, 0.11520960781570216, 0.06335793624510119, 0.10335424924546899, 0.07327798219040169, 0.12893895910234915, 0.11777072215932784, 0.0850022244512949, 0.09620519290671409, 0.12617057563212078], [0.07990850623180638, 0.10412890099931653, 0.10671412925308053, 0.11587483054900811, 0.10839127468510022, 0.05227768251399506, 0.10456958124014638, 0.14486716333076138, 0.0917256754132416, 0.09154225578354146], [0.09117689221975962, 0.1115034598614605, 0.07143546183847867, 0.1131545505708986, 0.09639527681874052, 0.11704477632974734, 0.09423425667869212, 0.08533982075264616, 0.09743129061304431, 0.12228421431653225], [0.10917184383952254, 0.10789763950392782, 0.08769552298274669, 0.1038095730333351, 0.1061379471583873, 0.10198411526505148, 0.10389795376207293, 0.10850565659110036, 0.08309980755501845, 0.08779994030883298], [0.08545570477932557, 0.08872311867582218, 0.10396883681828832, 0.07490731437413073, 0.11538110176479127, 0.07077901243217088, 0.06954930194266455, 0.14428581102180563, 0.11540036543769723, 0.13154943275329664], [0.09666796237528687, 0.10542553764609261, 0.11176470990217909, 0.08699803966256167, 0.09810237975988495, 0.08253515735936744, 0.11573941679490096, 0.06818686869799477, 0.13850771833508482, 0.09607220946665652], [0.07679150241227069, 0.06372442596489365, 0.12078835341138246, 0.08899139357834907, 0.1307729593945849, 0.10941396766598309, 0.0813916996337697, 0.14356903183344566, 0.10263977946318154, 0.08191688664214511], [0.10067439307662204, 0.11296614631809593, 0.10282528479782739, 0.0825397933659684, 0.11218707603257916, 0.1205808528225178, 0.10621373322651596, 0.10661490821664805, 0.09866658518365543, 0.056731226959573944], [0.07458343126195377, 0.11989972927064553, 0.025829567770385534, 0.059093144239983006, 0.06804219505065634, 0.1329168675052412, 0.11675689306744914, 0.1494921577764237, 0.15931644321842894, 0.09406957083883581], [0.06416540985391754, 0.11726298271247913, 0.14850788393649353, 0.09148088023391644, 0.1400684218566656, 0.08724622003546337, 0.06638219079432334, 0.12770517065320702, 0.13252889371832086, 0.024651946205217223], [0.10139882834825162, 0.04889410146838932, 0.10920561923971496, 0.029066049818122434, 0.10016139557346966, 0.12178172632146453, 0.11385890156723216, 0.13612141170044323, 0.13864759641541924, 0.10086436954750912], [0.08705066656120769, 0.10724491907310546, 0.07815481792073492, 0.009901323401040463, 0.14592132505504635, 0.12836693379645642, 0.09705631272138936, 0.08482714755315289, 0.11663461561490196, 0.14484193830296022], [0.10735623135053252, 0.1272131526717525, 0.07098504745435337, 0.12076307357188562, 0.10868272827974804, 0.08002102933028092, 0.10094240626054446, 0.080912055486765, 0.1174479550001878, 0.08567632059394342], [0.059175000450171024, 0.07596732342162461, 0.09295726473998482, 0.11088372562574703, 0.09896580886870099, 0.07419968009069394, 0.10251823451014612, 0.11368712791272945, 0.15084858190778233, 0.12079725247242873], [0.0947634737937493, 0.0623098749363496, 0.14099551645222888, 0.09225877829819425, 0.09077896225272279, 0.11142211922489788, 0.10751793022479209, 0.10959489466655331, 0.10077432817915852, 0.08958412197134893], [0.12693785470099225, 0.09592779152361204, 0.10412003026199516, 0.07778189451837517, 0.12096637879019548, 0.11008155655008303, 0.10330289029381223, 0.10655304661014313, 0.09795202948878107, 0.056376527262025994], [0.0697781436443855, 0.05179301921856627, 0.07426421605235145, 0.11353758270834582, 0.1311442410654989, 0.11521212206807899, 0.10056110126876067, 0.054516276561662275, 0.15748067630287635, 0.13171262110947354], [0.10517280601951473, 0.14396138399162678, 0.15061351223627986, 0.08864105406711671, 0.09172721300233273, 0.05369574985864387, 0.023664064612402492, 0.08131912687174701, 0.1635762434002038, 0.09762884594012744], [0.11824924150701416, 0.04823638670808472, 0.11699338964988754, 0.11308705079127582, 0.10360314071722504, 0.11585149726892512, 0.08969918101592936, 0.11296670676932825, 0.12497376219069642, 0.05633964338161975], [0.15044475619071734, 0.10834530955745543, 0.037406747285456204, 0.07920686195476058, 0.043914966677253704, 0.16169032950834125, 0.05571159874014431, 0.1283156711728543, 0.11671230197303936, 0.11825145693997266]]], "bagging_alg3_list": [[[[[0.08464234205881965, 0.045766883019130365, 0.23479671132175015, 0.06989410966170094, 0.06983045951878174, 0.09602740330075347, 0.133976084279956, 0.14349629153762755, 0.06242756304194474, 0.05914215225952446], [0.08723417931218444, 0.13839350600219444, 0.13175622647116436, 0.07247322186013858, 0.08450247298529545, 0.1023094484720152, 0.11378082155026016, 0.07166236663201352, 0.12323136079865445, 0.07465639591608149], [0.09554849883904062, 0.09451595979822268, 0.123169347451272, 0.13184383082566206, 0.06660253725654106, 0.1507272163639393, 0.11004304301837638, 0.08377241988115391, 0.12596809324814617, 0.01780905331764273], [0.13331894820294696, 0.13142909709025602, 0.16191998881342629, 0.10279317144311088, 0.09371535921631993, 0.05996322809675913, 0.08155384209552366, 0.10080638575638551, 0.08802647282745511, 0.04647350645781702], [0.07790623272743616, 0.0865006538037949, 0.08687519338722825, 0.07290918892495013, 0.03177540206557043, 0.15727304127976144, 0.1976831908302262, 0.10091694830630556, 0.10077451594836621, 0.08738563272636195], [0.00960735260520682, 0.06125562950990903, 0.15159484964472092, 0.1152181551202058, 0.14232067346197386, 0.09477052466982412, 0.10945084482354918, 0.06047275785943521, 0.18166029420745033, 0.07364891809779302], [0.06128648053088814, 0.10359182322595463, 0.1164246063673183, 0.09698865035643903, 0.07150193196822033, 0.08960070626901834, 0.06506671580489401, 0.10799482384007425, 0.11763370227172781, 0.1699105593654645], [0.06744911897889658, 0.16234455506326034, 0.0665845338786097, 0.16529158813821657, 0.06950706097326982, 0.12107617336603486, 0.021642306429157227, 0.10253948403993074, 0.14839307348114772, 0.07517210565147528], [0.05381984356128799, 0.12193170736753776, 0.09267348695092535, 0.11381347352993311, 0.15378444283391868, 0.11812610512333666, 0.05545263902287918, 0.12923728548156083, 0.0935334473654325, 0.06762756876318249], [0.07766688994800955, 0.0885867398728137, 0.09799730835801063, 0.025095055035644808, 0.12133621439276195, 0.1746893369636173, 0.1216496533721452, 0.1397397042429792, 0.07936938488341007, 0.07386971293060055], [0.03797137626464826, 0.11417244533981999, 0.0878489738961545, 0.12919002735724758, 0.20555419966986088, 0.08879577896247079, 0.04474836878738802, 0.056983155204743174, 0.14481132244885703, 0.08992435206881316], [0.060874618040985914, 0.09503193888645613, 0.08554352914886626, 0.11530644989188807, 0.14147866454071945, 0.11561719682940146, 0.10542636589045111, 0.1473925499065873, 0.09145608016208207, 0.04187260670255736], [0.0894660484400399, 0.08674404847482656, 0.08875991539155154, 0.14971041525452794, 0.05592652806612948, 0.09727284096209067, 0.08639086791176852, 0.14659048990556955, 0.08180237906987062, 0.11733646652362954], [0.07715886328421814, 0.10753851966684654, 0.08870994608641614, 0.08170269247295882, 0.046308355663992155, 0.10062163212189867, 0.1101860008295776, 0.17007950585320264, 0.12638913671274235, 0.09130534730814947], [0.14202309823941664, 0.05444181832852709, 0.10767970693286784, 0.060770681331691466, 0.10512115860679352, 0.08710324289606829, 0.1600719265481401, 0.039833168350061746, 0.09676193673982053, 0.14619326202661126], [0.08207263355821524, 0.14394624962368394, 0.0929166831507438, 0.08260080394109404, 0.07910749740859964, 0.08761446440560415, 0.09043890768058728, 0.1627002584300351, 0.1005592752965983, 0.07804322650484184], [0.11078307109937052, 0.05545477411066074, 0.12482538431701239, 0.09822238961324668, 0.1473403372883325, 0.0742098790053941, 0.07973464806746372, 0.03947524555273987, 0.09832688675190625, 0.1716273841938695], [0.13447865939361994, 0.065858905503148, 0.13759150830228747, 0.12289647531057799, 0.12087496440994502, 0.028301641678923663, 0.14902666688654487, 0.0860983876188793, 0.05359689361149344, 0.10127589728457552], [0.1590398821064029, 0.09025414637356444, 0.15396534398648806, 0.04426573485769059, 0.06819362511744385, 0.13737249467155863, 0.06490493813488626, 0.1265586805146284, 0.10241682010587354, 0.05302833413145789], [0.09756041891282102, 0.11956396764253951, 0.12636896789042312, 0.0685439249277241, 0.18372883910571236, 0.10870207946997856, 0.12697633848639156, 0.01746417111838385, 0.08263865189067156, 0.06845264055535173]], [[0.12114721402941764, 0.10145798199244292, 0.14550811992017085, 0.11988091885664598, 0.05887259167818794, 0.08585811452795163, 0.07922747715412867, 0.10148120532310993, 0.11024303867640031, 0.07632333784153583], [0.06797335761818298, 0.11055942276541188, 0.03185477372762706, 0.07248731566316496, 0.12975470477974985, 0.12007392781467988, 0.10074755283105806, 0.09167697405096441, 0.11616969449882987, 0.1587022762503328], [0.07200726458902211, 0.06493771794463722, 0.07769959413584894, 0.07945466155367475, 0.1841919814450996, 0.09170760876941764, 0.12887384848629937, 0.04999010468783506, 0.1447524304035971, 0.10638478798456479], [0.12527917357727866, 0.09476990511643249, 0.04168722454889, 0.08995089444122917, 0.175438918045421, 0.10442644406885852, 0.03870507783973135, 0.11607970923959002, 0.0764427364911608, 0.13721991663142571], [0.13428344231230915, 0.13176377413029838, 0.09202122160683408, 0.10158557053578078, 0.07042377144401041, 0.14240799784702932, 0.13208294940754253, 0.06534897677861806, 0.03962785543367324, 0.09045444050390222], [0.09088717393099854, 0.0547407116970604, 0.09241083676030296, 0.10957580475070623, 0.10706939817204354, 0.067597589585106, 0.17150797975474077, 0.13334345873098613, 0.09289265387097344, 0.07997439274708837], [0.15513218142671004, 0.08419355524201999, 0.09474383842093766, 0.07750704189510761, 0.0981080740121878, 0.07130119929256692, 0.19868574436955022, 0.06635359024841915, 0.06094362275619289, 0.09303115233629311], [0.12194159189123882, 0.06052342228142245, 0.11691484432528709, 0.07918369930492239, 0.07763560500082144, 0.05712798917456371, 0.11648101477774286, 0.13823352153746077, 0.12442818078539207, 0.10753013092116229], [0.1384033489962231, 0.05793484688989561, 0.07178721674394942, 0.15061449753445968, 0.10063111085514359, 0.1299594703431209, 0.06630361330693774, 0.05526652748450625, 0.10567363408608337, 0.12342573375966506], [0.071813400567856, 0.10894448696015446, 0.08178961876005529, 0.08777516559465363, 0.12517520020276984, 0.06206222286394907, 0.08704460530086956, 0.128767525016277, 0.1512349644772843, 0.09539281025610817], [0.09304180393321636, 0.10420177573784661, 0.08418116914490544, 0.149800228881139, 0.12401280940232318, 0.12566432769734498, 0.08839573465323369, 0.08136973071227058, 0.10440191404914101, 0.04493050578857059], [0.17280383330261298, 0.08590848888176383, 0.04868350876029089, 0.15883158902633288, 0.06701597244889855, 0.09104465229949418, 0.11739049214548988, 0.038752796136659044, 0.09686960278225759, 0.12269906421619316], [0.13638320125886225, 0.10555019843553291, 0.028897178479634057, 0.13711918439832516, 0.11685075349741306, 0.14573132305970424, 0.09019749781578819, 0.10482390061385057, 0.050222832967417586, 0.08422392947345098], [0.1120347692318856, 0.10945954718483637, 0.08144479772071651, 0.07454624510781331, 0.10345786160020426, 0.12830589188827948, 0.0440491569089544, 0.19681872499765235, 0.05947699936762982, 0.09040600599203547], [0.14200121625576456, 0.08290543594954405, 0.10354937480625541, 0.07329821562865317, 0.12283041196946673, 0.1483812698671936, 0.061214974499593615, 0.06806477528982283, 0.10238423902124692, 0.09537008671245593], [0.050963609675174396, 0.16376963415842524, 0.07148369033962806, 0.0654456361212225, 0.1121333683763446, 0.07331929920968352, 0.06024042621586776, 0.111241387560734, 0.16807440288575476, 0.12332854545716503], [0.03948344672138741, 0.08383033502965816, 0.10283063248554229, 0.032200268602922986, 0.0928591146316285, 0.12815137231893495, 0.14223158381657047, 0.1261864162955312, 0.09203555597760009, 0.16019127412021783], [0.0969125828951716, 0.13448306669216156, 0.07210463153388794, 0.10923854414829784, 0.1359192014327871, 0.1274833987074687, 0.053079221895921444, 0.07265714988031126, 0.08058741271011705, 0.1175347901038704], [0.10028315640171591, 0.05313520115801649, 0.09863457377085635, 0.09648188325488857, 0.1260834306531927, 0.09982811059983243, 0.16108158831686722, 0.052830580232396, 0.09907978184502131, 0.11256169376721151], [0.1085805673247636, 0.10857803303702174, 0.06980586936253601, 0.07755778288654024, 0.1100861303650896, 0.06173575136392933, 0.08769282501375512, 0.11766085299043907, 0.12856232666752043, 0.12973986098841542]], [[0.13205687374979425, 0.14525606459548268, 0.09237893730195262, 0.04933175893341486, 0.06849715367124547, 0.09421745443883754, 0.13885885950105759, 0.12476560755187048, 0.09534943657479084, 0.059287853681557055], [0.05775619259647312, 0.1105704313535771, 0.046503910663216866, 0.13718877605742447, 0.10720092132547722, 0.11785519791369034, 0.07757161042299952, 0.13518794144116308, 0.11202789099572585, 0.0981371272302405], [0.032901918552447396, 0.12934302688573843, 0.15387658498453588, 0.08229372675899947, 0.09383297260282929, 0.1432607866502626, 0.11061088013500898, 0.0802701256710671, 0.10741408680187586, 0.06619589095723025], [0.037428250266215345, 0.0783574631676184, 0.09727024439700688, 0.06369610328173031, 0.1528849050448404, 0.10545920038152316, 0.12026506670565497, 0.12608971125814877, 0.08316042392712115, 0.13538863157014255], [0.09667341757815168, 0.11687805681929177, 0.0767236896373209, 0.12918080710859314, 0.13734403835890815, 0.11628157083945857, 0.05822027906226821, 0.09996143601380075, 0.06717009414677372, 0.10156661043546136], [0.03981742558157916, 0.08493291408338097, 0.09174074468087082, 0.05736118846356809, 0.11097141707515709, 0.12947834600110542, 0.1818343781374365, 0.14282634545225506, 0.08234205738766598, 0.07869518313697044], [0.06867905636346404, 0.0642827996151839, 0.1259589411092003, 0.08539227462265819, 0.17623661781467537, 0.11041219713166539, 0.11805696988984132, 0.09194189472896531, 0.08970924294526636, 0.06933000577907003], [0.155561870663134, 0.059615898495213863, 0.13861277401376418, 0.0758092735276683, 0.041499880210830876, 0.12423343133063901, 0.10445487016538285, 0.05967326840826317, 0.16063043595771512, 0.07990829722738428], [0.08997484800081353, 0.0821883406551294, 0.0246715111086288, 0.05942996636339943, 0.11207425261108385, 0.11298974353479059, 0.08817024987557014, 0.11280214519847773, 0.1900432143063021, 0.12765572834579342], [0.07282502380111563, 0.14012743512250989, 0.1289909889962564, 0.08433860829700085, 0.037981957390112, 0.1676602286910403, 0.0882759586825903, 0.10884082588846569, 0.0834024124465257, 0.08755656068439159], [0.05213904670475446, 0.11760652380422502, 0.08513219228332412, 0.1602511846771363, 0.09549398991809523, 0.050612736470734554, 0.12846421822393053, 0.11757061067772227, 0.07294691406945339, 0.11978258317062504], [0.12659814529353317, 0.07156926389882336, 0.10608293731555475, 0.1931736533481508, 0.10574667992163918, 0.073998392315109, 0.04255026636797691, 0.06081327195017387, 0.09271728691744084, 0.12675010267159947], [0.04444407161651458, 0.11186697091472013, 0.0686580575239777, 0.15240039828775795, 0.14897599646230203, 0.08578479058101635, 0.09903259426964182, 0.13225532376571936, 0.10171309413034695, 0.0548687024479817], [0.1613605733707851, 0.0830460266901597, 0.07533612173900933, 0.08225899611130554, 0.13839820831105654, 0.07571499939091893, 0.08705150491886454, 0.052406714091914, 0.13150477253061885, 0.11292208284536764], [0.14277086033460998, 0.112736611788501, 0.06512788494063634, 0.12667430495824172, 0.03568431795484713, 0.13743288483081256, 0.09928716777130296, 0.06218144370629395, 0.08726170614950872, 0.13084281756525498], [0.060732575909462176, 0.06684749780801015, 0.11313960173690071, 0.03524676935507795, 0.08417490711379778, 0.13158583890785688, 0.0883968263748456, 0.16438900768608145, 0.10985556726682617, 0.1456314078411394], [0.13448929022710746, 0.11522996130038494, 0.09622082279150797, 0.03950288388854214, 0.08607597899805931, 0.09826234414711167, 0.058430524554943755, 0.12208777794527051, 0.1003788744766012, 0.14932154167046968], [0.02899511683313753, 0.11510787740626989, 0.12980824504746366, 0.07224504116470996, 0.06385636980290041, 0.10495218132446021, 0.09283331104977573, 0.12160145356178852, 0.11592967200907611, 0.15467073180041685], [0.028206726873052035, 0.14542897257577037, 0.05931131991068416, 0.06501287542064832, 0.15708604008856228, 0.1581933038290623, 0.12478348595942643, 0.07998791916464346, 0.1023802547980056, 0.07960910138017156], [0.1302983855451591, 0.04178485961508743, 0.12791707774099828, 0.06536510204305798, 0.08544105328912598, 0.04066955967798834, 0.06407418885356747, 0.11662385934151072, 0.19645551403186998, 0.13137039986164717]], [[0.16267338103905002, 0.08823736917029916, 0.12125218740073335, 0.10066621490847295, 0.0896914815666887, 0.05748202577034925, 0.08443597924125154, 0.07965604541819248, 0.09146087354584657, 0.12444444193912695], [0.1572011691255976, 0.10512703632762616, 0.10786873495644507, 0.1724422317009497, 0.12325760106317751, 0.03301981869053843, 0.09974795026110102, 0.08935967454547897, 0.07013546008429736, 0.04184032324477899], [0.06404806160563446, 0.16734642077559952, 0.06341674130952579, 0.08755721395805392, 0.17245209730887068, 0.04051216444659861, 0.11865071181560781, 0.10067600478100609, 0.06939490047405278, 0.11594568352505585], [0.10539894024676581, 0.060375866142932375, 0.09381406183850031, 0.08174622243383095, 0.15563787625009295, 0.07265875478103795, 0.056193317029771636, 0.049494125432550475, 0.17778662800786238, 0.14689420783665724], [0.10028623622656699, 0.059398924202987154, 0.08946242144361165, 0.1060536530180448, 0.08834197268869443, 0.048120163209208054, 0.10641047479665688, 0.16406071520885673, 0.14366005241984423, 0.0942053867855284], [0.11795324594731718, 0.13565675712010422, 0.12784591215095836, 0.05992421342635066, 0.08532884863496433, 0.0506129152568768, 0.07426114243772719, 0.10890824275683524, 0.1358729293230762, 0.1036357929457942], [0.0963433366501515, 0.16890082019299246, 0.07765964215711305, 0.09653208698117337, 0.034779362865007483, 0.12244447389230254, 0.10132923246802394, 0.07921996280526872, 0.1586150371306768, 0.0641760448572885], [0.07127744782703165, 0.05326330188196813, 0.13210183308194204, 0.10113552925593297, 0.08477105344252521, 0.04795074005819489, 0.13326940185385616, 0.12156392608366892, 0.12229692254601968, 0.1323698439688641], [0.06865472939049912, 0.11038118097692091, 0.08576162898853194, 0.07955805518045926, 0.1229471238941908, 0.13868491173230757, 0.11996930411094749, 0.10512782796247604, 0.08931682959291612, 0.07959840817075439], [0.11259830855901423, 0.0973231096771142, 0.09428917465814811, 0.11494453953126767, 0.14766109497708393, 0.052244360387227566, 0.08878728529157816, 0.06170440728863091, 0.11977017448132969, 0.11067754514859962], [0.04444985373542037, 0.1077445853540406, 0.04995625384090654, 0.10409629893636983, 0.1778606176967779, 0.0723502967614379, 0.09225195363005514, 0.14198227216613415, 0.07549665564439953, 0.1338112122344615], [0.06295002504912621, 0.13650507493863842, 0.05255487242227901, 0.1500202767531232, 0.09251699654536798, 0.13773872742715684, 0.08649864964071818, 0.09124419888147871, 0.0988431236106548, 0.09112805473145252], [0.10014927885900107, 0.0929962122819089, 0.09505915158602772, 0.10390164490505023, 0.10709523695987933, 0.18125168714455983, 0.12683034172686436, 0.08624624300489978, 0.04291765592184479, 0.06355254760996878], [0.045698481593644175, 0.046631732196709866, 0.07694384810491324, 0.15565641997577323, 0.1719029939709007, 0.13620708532651749, 0.0903146565860646, 0.054432361889267505, 0.14831317888114526, 0.07389924147506571], [0.07076043056514027, 0.06784461740532843, 0.09094711674512641, 0.1171699555187512, 0.16874000389444538, 0.14902167519923237, 0.07445840009758693, 0.13042060425480226, 0.046389947668799544, 0.08424724865078517], [0.08000007040468325, 0.08390349366135663, 0.16006986649496072, 0.09750276068648943, 0.09599772847241751, 0.09718278225089386, 0.12592782335223052, 0.0602601175571008, 0.07145597215814146, 0.12769938496172678], [0.0701321726030933, 0.14933579216675394, 0.054241132393788104, 0.05980837189530022, 0.11356109564840049, 0.13093904376862148, 0.10434115074150713, 0.06771696446016694, 0.15115669357699596, 0.09876758274537129], [0.1738048306332194, 0.14133464522377384, 0.09782196246442679, 0.14687524940463348, 0.08757913149329626, 0.09282320877380483, 0.05756397248256082, 0.0720500753350274, 0.07636688734719393, 0.05378003684206491], [0.13515016530206786, 0.061788951786389816, 0.07941314618875983, 0.09888021935361137, 0.17414985684754233, 0.08898120252277249, 0.07360959954306458, 0.08180870469250104, 0.13046446468193867, 0.07575368908134414], [0.12247878667231943, 0.09058742578068925, 0.09808475933893426, 0.09026416601224611, 0.08250969426168425, 0.06900447648533338, 0.09122585315904375, 0.09429978415813473, 0.1583469262488824, 0.10319812788273434]]]]], "bagging_alg4_list": [[[[[0.11648027419468877, 0.03712376963107414, 0.06700082673686374, 0.06591863310233843, 0.12323374201861298, 0.1048194312726436, 0.2159750921261032, 0.0890557271462817, 0.09363881282940788, 0.0867536909419881], [0.0904040321717873, 0.10042982360525185, 0.08248063368337065, 0.10905692811713605, 0.18528417380183038, 0.045932453638320714, 0.1175060807129315, 0.12223167684805337, 0.09115571680617753, 0.055518480615140885], [0.012599055266831883, 0.1266157510691893, 0.14218639265124772, 0.04913982518885618, 0.1498149805617948, 0.10891217030703049, 0.049797346567665116, 0.12834790652331077, 0.11452080212849007, 0.1180657697356004], [0.12393555060819349, 0.12112459296592011, 0.065592944109976, 0.10787621037005343, 0.16167916242752867, 0.0656789922090029, 0.06623520820126648, 0.11235251021202478, 0.07812472147517215, 0.09740010742085879], [0.10396482434124749, 0.11975512810564665, 0.12149830065346204, 0.07231516197354898, 0.08131476646791043, 0.054631209947539956, 0.20692717935374036, 0.09309333907543221, 0.06147982175652755, 0.08502026832494304], [0.14905717433689955, 0.10585606262610263, 0.07511773999770065, 0.03715664907824374, 0.1907417243973747, 0.08593285432344484, 0.0959727155068349, 0.05856580018756309, 0.12700639191006863, 0.07459288763576599], [0.1424504056525226, 0.02599741634366979, 0.0847008196422911, 0.060562982642706514, 0.11054846572836584, 0.1318086733010883, 0.0883130467513413, 0.16762159784192976, 0.1141776086302536, 0.07381898346582247], [0.05129812925100163, 0.15695495053751207, 0.09772811978176052, 0.08075076225596753, 0.07773628784406277, 0.18237333588546123, 0.14949718500051573, 0.0342019509319445, 0.1054053337451035, 0.06405394476667439], [0.1035300191502397, 0.13194587899608223, 0.07402484827489425, 0.09567028650672203, 0.09314512800985102, 0.05392996770051006, 0.07856628823174185, 0.11408485267883621, 0.15016658314013026, 0.10493614731099207], [0.04268165402517626, 0.07266112079207862, 0.057765514738691806, 0.060982020557008895, 0.10171844807059272, 0.11675919192422504, 0.14624442589731135, 0.14048015985785023, 0.16396715030047954, 0.09674031383660021], [0.08442070292186754, 0.09622114520313017, 0.0965505813539739, 0.06377132644951793, 0.0646865662488465, 0.1505268854077211, 0.13161624347015777, 0.14678945089521936, 0.10710124149141097, 0.05831585655816191], [0.10871910197582245, 0.10328384290478092, 0.09028443507553613, 0.09952527946149095, 0.11838426744091625, 0.10615919690809733, 0.14099425757623274, 0.1085279054097218, 0.11405674433246647, 0.010064968914934108], [0.09346087718527106, 0.06105427491667067, 0.10014488213605129, 0.07931855472746721, 0.07466331852653173, 0.13052695670635722, 0.12681738104836565, 0.13005418217734618, 0.10550954697802652, 0.09845002559790522], [0.042682636487266966, 0.15517949352959481, 0.07859270373698944, 0.11528249804144867, 0.03763916136002844, 0.09630038007071821, 0.04802755210473616, 0.19041232301087796, 0.1366442171543932, 0.09923903450395097], [0.07691580083767352, 0.15834740769287756, 0.14278048767809332, 0.05101347251976329, 0.09026197396812126, 0.07220722272139768, 0.09307266109909995, 0.07823959636956927, 0.14021617214341067, 0.09694520496999785], [0.12033834095843898, 0.167017616236659, 0.10354616933336422, 0.10578703348462964, 0.14935853610077388, 0.07399233675188088, 0.04481759352784476, 0.11036558813109044, 0.050126627827167154, 0.07465015764814663], [0.11298982395642376, 0.07247633235930916, 0.1383790388488264, 0.10732033120628004, 0.12494700634138138, 0.08460327854240111, 0.09290957666660861, 0.013592668339736859, 0.09180898744825294, 0.16097295629076994], [0.13695371129993414, 0.09608161575677425, 0.07851696385059599, 0.07321092628971282, 0.07498250400128313, 0.1064288708298241, 0.14491623197895329, 0.09011126758190051, 0.07241321935639884, 0.12638468905462388], [0.17781665408794484, 0.04583197904983382, 0.1300920701686576, 0.057302348777308075, 0.08912283933968967, 0.15820310399104714, 0.08794658109702298, 0.07856520726515548, 0.10655068778198695, 0.06856852844136184], [0.07109856635726203, 0.07352630870419308, 0.06806051168944569, 0.1725482293965789, 0.09701479976565541, 0.10431727693227658, 0.10562357875498053, 0.08120481348423368, 0.08306563624374205, 0.14354027867163435]], [[0.1093595883795015, 0.09206301109076671, 0.15198220078016103, 0.15794702067184266, 0.07171605861305251, 0.11227716559077355, 0.1109484775420728, 0.04587286841073075, 0.09469240873163194, 0.053141200189476066], [0.14649218436153097, 0.0351679904674998, 0.12129722121715326, 0.09453059713023267, 0.07727395261213976, 0.16647756082115708, 0.10879392676324713, 0.08459956518364191, 0.08443030932880927, 0.080936692114576], [0.06316134414041782, 0.07302403745836819, 0.11744903893254723, 0.10107228925559224, 0.10976678008059837, 0.1136196277774712, 0.1703878187106263, 0.1284610106574414, 0.038958298499878107, 0.08409975448706433], [0.0804171482585578, 0.050016461586982794, 0.05208820349845026, 0.07033006853488447, 0.1247920401414063, 0.11620730013590815, 0.11912478577405237, 0.1963732686234355, 0.11190790286534429, 0.07874282058098087], [0.13360355819599837, 0.07846849667273678, 0.08404436557172475, 0.09200979538448321, 0.09616090283782418, 0.18693237730713635, 0.11251641604051237, 0.057706839079964656, 0.10794337644282825, 0.05061387246679431], [0.16200376974877345, 0.05353195243075927, 0.11011325620751439, 0.18515403397703833, 0.06916306551919846, 0.08354155133868656, 0.10786959544372822, 0.045616338194672076, 0.12150724196142663, 0.06149919517819499], [0.12746239723434535, 0.1086660473249324, 0.09048873194598665, 0.07069360155824331, 0.10239794710978548, 0.09374124671917082, 0.05614226584294181, 0.13325997121152874, 0.08142122850596561, 0.13572656254709697], [0.053611142956262015, 0.06370551626239579, 0.11551529068172131, 0.05612167733993647, 0.07994612227969435, 0.21445821200619247, 0.09925990048132971, 0.0924052433679474, 0.11574412666450948, 0.10923276796001383], [0.019048366172112762, 0.12604919872962153, 0.08697043106361094, 0.09004772516762813, 0.157767912627797, 0.08847362454196277, 0.06716354896134553, 0.13199314246399907, 0.1668367947703339, 0.06564925550159205], [0.11661534710722131, 0.14848452898947995, 0.119303428