{"SAA_list": [[[0.08429445215738027, 0.15624015176010686, 0.3141825628295362, 0.19635027039514538, 0.2003818238481557, 0.048550739009655765], [0.056344866856510994, 0.06871747181268027, 0.2860442125026537, 0.15331881857354918, 0.14033185906122408, 0.29524277119339415], [0.1472355575871896, 0.07241839620683965, 0.3353793460328627, 0.2348418538364605, 0.10381151671099585, 0.10631332962563726], [0.1819170991958182, 0.04156745500898289, 0.3786859648144813, 0.16406185401468823, 0.10280496439437034, 0.1309626625716581], [0.11644636682190505, 0.047508749875276604, 0.25717433850653854, 0.39102983770572286, 0.1285283884293993, 0.05931231866116055], [0.0742384915954738, 0.11425305524111935, 0.34234603534106556, 0.04941771607398872, 0.24299019775189779, 0.17675450399646908], [0.06275045148188668, 0.15708452530860725, 0.29864736852751383, 0.19038482782888685, 0.1541729802171212, 0.1369598466359878], [0.10527337652623464, 0.14083366354609952, 0.334474268058535, 0.17479370235179012, 0.1658329499732262, 0.07879203954411156], [0.10668533492507767, 0.10063352342560135, 0.29579058481826587, 0.2763197550385311, 0.12062681322039957, 0.09994398857212536], [0.0936301589292117, 0.06355969544840744, 0.29759243556381165, 0.21041891286165193, 0.12493910132291591, 0.20985969587399278], [0.03718711732024631, 0.14652270949668886, 0.2534720325548871, 0.26245727207829045, 0.12146881717694816, 0.17889205137293765], [0.03059460074985726, 0.23370754437444427, 0.3245909996337609, 0.0751095374089204, 0.3150205464290426, 0.020976771403999023], [0.16939811595868007, 0.06330646390081673, 0.37005603141766313, 0.1741768208543131, 0.10637677947598434, 0.11668578839260849], [0.15324600900940374, 0.08566884033977128, 0.362945198819194, 0.17078205308891362, 0.2068434644562992, 0.02051443428642726], [0.08923373787702464, 0.11295333000436421, 0.36168157428465086, 0.024943411609715003, 0.20823557657960634, 0.20295236964463875], [0.20596554564507963, 0.013583399519666238, 0.4092871996928058, 0.1085235921541183, 0.09549407912535708, 0.1671461838630458], [0.15340886844120766, 0.11799215312020013, 0.37513827659414867, 0.1527097550733765, 0.01166995710137989, 0.1890809896696852], [0.20103365779434554, 0.03447243456106667, 0.4048138614399085, 0.12480017916476856, 0.14289828219135964, 0.09198158484854786], [0.07428203873329463, 0.10969778953740013, 0.3219294440682007, 0.11226384115127605, 0.15160782117588206, 0.23021906533394892], [0.02613374673866923, 0.07398941375493724, 0.2743544107016332, 0.11583555927355171, 0.22542917100741736, 0.2842576985238034]], [[0.05108300275575137, 0.10048994224087379, 0.24099062786089287, 0.30795601882384516, 0.13231747990727255, 0.16716292841136035], [0.1500896684979006, 0.03890407613222278, 0.31126318210790205, 0.2980371958172026, 0.1653065510478479, 0.03639932639692291], [0.08207733782086349, 0.127962327526757, 0.263687423253282, 0.3350732071790023, 0.1705770244994762, 0.02062267972061484], [0.0647528078747934, 0.14029216518773693, 0.30458797079319877, 0.16464646723101406, 0.1409808720010931, 0.18473971691216376], [0.126678155474311, 0.17779741897921872, 0.3965939963648024, 0.05468752753936145, 0.16755071508928282, 0.07669218655302727], [0.02802910901483907, 0.02523700692771473, 0.17401275092620766, 0.4137692462854398, 0.2504001632998394, 0.1085517235459938], [0.11741276623217542, 0.10710672000510679, 0.3201787006302723, 0.23035343123601235, 0.2235242466477284, 0.0014241352486433496], [0.08670773518500975, 0.09712399664940315, 0.30010565897240477, 0.2078235284518091, 0.22991769603587156, 0.07832138470549843], [0.06991686188820938, 0.11329367774540045, 0.2873239958624492, 0.2153038030392824, 0.06317562840561602, 0.25098603305903405], [0.10717785616413524, 0.03248740090900281, 0.29404754196390126, 0.23660605907986976, 0.19231188345693376, 0.13736925842616043], [0.117866939198503, 0.15125446576269697, 0.35094547302312207, 0.16106687913890305, 0.07433728230294936, 0.14452896057382478], [0.06576339536294824, 0.030665649479931643, 0.23662128828605664, 0.3124539160270681, 0.10577162057243375, 0.24872413027156426], [0.12679527706330093, 0.03568753311572432, 0.3051342264768084, 0.25384947773749583, 0.08721782604890546, 0.19131565955776275], [0.09988882383381716, 0.22016228969618845, 0.36100607475217783, 0.12901230863218188, 0.14941183098799207, 0.040518672097643094], [0.17354835698159604, 0.11677986557486351, 0.3582224941431337, 0.260069816667182, 0.01874702266912735, 0.07263244396412549], [0.1356231155684939, 0.0792546025234864, 0.3282707609940995, 0.23259041553329723, 0.18979612331691967, 0.03446498206371123], [0.05279205528407988, 0.1963333162985559, 0.30548995510584576, 0.1690587725651996, 0.16505610279904767, 0.1112697979472659], [0.12128803421644235, 0.05034412639009963, 0.30702342796052046, 0.243719306845222, 0.15489941501913593, 0.12272568956857381], [0.038636374941780835, 0.2419271003919808, 0.2967369850696302, 0.19090479932768145, 0.028274320873210912, 0.20352041939571797], [0.10724581441432354, 0.0291571245232665, 0.2995049812099978, 0.21634806969926088, 0.12971833316692963, 0.21802567698622222]], [[0.08966843633367556, 0.12195078318887477, 0.294513876649061, 0.2506101005267445, 0.16659631705535313, 0.07666048624629497], [0.09258760489630125, 0.14862723215162799, 0.3124744785334546, 0.21784410378696212, 0.08882339810260309, 0.13964318252905042], [0.01041616355837993, 0.15853287484643924, 0.24726320660491521, 0.22044800634885167, 0.1362590506380235, 0.22708069800340694], [0.1004378273805888, 0.0885610534072574, 0.2915270728134105, 0.26537016028743315, 0.1208893152165623, 0.13321457089475086], [0.09161458104771981, 0.13217077651445996, 0.2940178972213731, 0.26438397057201374, 0.1601716688853551, 0.05764110575908747], [0.1202741430807491, 0.08850669233912041, 0.3276277252224583, 0.20007859943085907, 0.10346412848062238, 0.16004871144619023], [0.09451454869191807, 0.10425045091451908, 0.29037682853004587, 0.2639475913484894, 0.05599851720503288, 0.19091206330999275], [0.10800126290200039, 0.1548751402314562, 0.3307071191270587, 0.20338994159910254, 0.07225411504787829, 0.13077242109250398], [0.1277019652692851, 0.13655569432814113, 0.3648791324294997, 0.13202117714969216, 0.15994153067333428, 0.0789005001500475], [0.04548205245665649, 0.14435478115486716, 0.26609972438462404, 0.2418500086466148, 0.13855100901055023, 0.16366242434668626], [0.07995643466075669, 0.1456123133567309, 0.31364235594319445, 0.1789612825039421, 0.1410252721263554, 0.14080234140902034], [0.025830247471929864, 0.13482870804859035, 0.22592498716772436, 0.3141740927756975, 0.14163416554803107, 0.15760779898802776], [0.08946383318014019, 0.08884172398474705, 0.28426249716912927, 0.2603417192312327, 0.13455098713420716, 0.1425392393005419], [0.036663897546975535, 0.04972693171156001, 0.22618469170083944, 0.28360770721924367, 0.23219344978229978, 0.1716233220391094], [0.1263560452503357, 0.04477447346731855, 0.3090859933268303, 0.24613144381039842, 0.08986168625958381, 0.18379035788553322], [0.13491710382036914, 0.1351746614181725, 0.3555027374252631, 0.18019504440309841, 0.09206251281730952, 0.10214794011578726], [0.02653501192523183, 0.12645867549613818, 0.28391754108022604, 0.12213978762479322, 0.2395742147692081, 0.20137476910447344], [0.12174105589163399, 0.1731291384704149, 0.3430822391554876, 0.2123484996846066, 0.13318392815907829, 0.016515138638779868], [0.12564416977818374, 0.08651666184872676, 0.32846517991673, 0.21036831030992068, 0.14126966583289577, 0.10773601231354424], [0.04744015577080499, 0.18070342419778174, 0.26818180527574975, 0.26548811789523746, 0.15798654474128812, 0.08019995211913097]], [[0.05591846575300733, 0.12582128618769967, 0.277110267017086, 0.22078518843325876, 0.14698343581700535, 0.17338135679194283], [0.04081109348937506, 0.10410474846890319, 0.24597591662202004, 0.2675731523042359, 0.2036100824361634, 0.1379250066793039], [0.0410934384913, 0.12456556840136068, 0.2689993032981691, 0.2073174525858292, 0.16488080253878645, 0.1931434346845577], [0.10207916728726575, 0.06525588754011492, 0.2947795662427048, 0.24303462196233297, 0.12616817361641477, 0.16868258335117295], [0.05396392616648481, 0.08149341611831515, 0.26585823333100467, 0.22184452328338006, 0.18855354432270227, 0.18828635677811065], [0.027585741370878922, 0.09427661712227436, 0.22588091663580273, 0.2908901926618613, 0.1384051615683725, 0.2229613706408112], [0.03887203041371702, 0.1497314314227637, 0.2756738665091634, 0.19738804784932706, 0.20590917715257806, 0.13242544665245068], [0.08939597946555378, 0.10040155895823598, 0.3068447239049002, 0.19481170368760306, 0.1568770056679279, 0.15166902831577975], [0.06355361884871799, 0.13054566101130352, 0.2797520517385771, 0.23572059247865557, 0.16825563235180868, 0.12217244357093185], [0.05710087397433551, 0.11535727123948367, 0.26131975243254174, 0.26821275565585295, 0.17431981445977995, 0.12368953223798351], [0.04181765070516691, 0.10517490683823007, 0.25078887614764167, 0.254815551937231, 0.12201865565345088, 0.22538435871828916], [0.06835116524877981, 0.10812200638714238, 0.2852609759552432, 0.21487771278491763, 0.1571284414367238, 0.16625969818719435], [0.07583168587239231, 0.17434549732250595, 0.3030244517520292, 0.22223435970818475, 0.09736057617909137, 0.1272034291657965], [0.05903372620219784, 0.07699640354081005, 0.2543950255481369, 0.2692365426804517, 0.16057652675948572, 0.17976177526883427], [0.078507748932307, 0.06299932668126379, 0.27166149850185045, 0.25504226968576693, 0.2111929737971251, 0.12059618240169763], [0.09904993824554477, 0.1604138993751058, 0.34022326402771874, 0.15292354502790376, 0.11797762047905394, 0.12941173284467383], [0.07486116489930113, 0.11390266392312673, 0.27990532952110314, 0.25353944410868173, 0.16867585167277083, 0.10911554587501923], [0.05932467298303986, 0.055977878374171154, 0.2842796433343689, 0.15848826741170308, 0.202921534636059, 0.23900800326072816], [0.07717079112697885, 0.15128630193295395, 0.30017571980245533, 0.21911384436007283, 0.10096079020214364, 0.15129255257539484], [0.0710799245878945, 0.13851360842965102, 0.2984656132584081, 0.2001044911981169, 0.15424389303955435, 0.13759246948637743]], [[0.03215366882745486, 0.08791347280289914, 0.24072972094391154, 0.2505332052081764, 0.18989155024585425, 0.19877838197172967], [0.05162786091226598, 0.13949125407788396, 0.26714983953238924, 0.25156065144050477, 0.18525335134632703, 0.10491704269062627], [0.07676150970244243, 0.11069098159516201, 0.2950732499856288, 0.20698528499957775, 0.16998904590457264, 0.1404999278126072], [0.06125966304424719, 0.1366907631804853, 0.28851286694475387, 0.20520118769704257, 0.1330473614643695, 0.17528815766910855], [0.0775348728013723, 0.1386947441960221, 0.29754701526076544, 0.21977763513593407, 0.07708319972149509, 0.18936253288440794], [0.05218635628274638, 0.13501468255845553, 0.2566503269913952, 0.2836912187576385, 0.117123068591595, 0.15533434681821062], [0.04955978664360378, 0.09568785705859126, 0.26781785013578036, 0.2136156040412649, 0.18001422321588512, 0.19330467890489908], [0.01914626039598613, 0.145423826341704, 0.24828527283367555, 0.23127981456998453, 0.16888578669452933, 0.18697903916412073], [0.06839673497940568, 0.11219665873135949, 0.2936063073763905, 0.19070389944041488, 0.16423693407282333, 0.17085946539957067], [0.016933020165297994, 0.11408483360378072, 0.2299580243310025, 0.2635531806396426, 0.19294586877188533, 0.1825250724883912], [0.0772538314377464, 0.02760580892255737, 0.26454173457905844, 0.2504512857397459, 0.21464546174656357, 0.16550187757435963], [0.05737667896714316, 0.13549358562347089, 0.27338896174161226, 0.24320113731090914, 0.10953619465816321, 0.18100344169870536], [0.056467603259418575, 0.10524483419606093, 0.2612881956670165, 0.2596284846266553, 0.1701624400020003, 0.1472084422488368], [0.06594935835695107, 0.08198205622728012, 0.27313741824718146, 0.2300986441419912, 0.18713577925085947, 0.16169674377575752], [0.09544346665724539, 0.0021419073596106015, 0.2673703568322738, 0.27147188106919296, 0.19101332838295937, 0.17255905969870433], [0.05338859326453557, 0.13957489319476654, 0.2696844995831383, 0.2477916112079538, 0.14820859692527652, 0.14135180582432894], [0.06593077796224588, 0.16025749245439416, 0.28830186550534587, 0.23446959184459912, 0.12780924316496428, 0.12323102906844403], [0.013748270649272537, 0.0987054756119471, 0.21656113228701493, 0.2883172028573636, 0.2270907262517452, 0.15557719234268322], [0.06747939397934083, 0.11257106668843735, 0.2726991457972078, 0.25631716658591414, 0.12209279560634742, 0.1688404313427543], [0.05320496797376819, 0.1402462496720946, 0.2751509675059881, 0.2299881609294396, 0.14878278824063315, 0.1526268656780758]]], "bagging_alg3_list": [[[[[0.1017707348237938, 0.09322044058267508, 0.3452948806369111, 0.09766608531111794, 0.20531919636734244, 0.15672866227815985], [9.23447490423229e-11, 0.06707513110239269, 0.20329719040562239, 0.2730224063424444, 0.17320733408667421, 0.2833979379705661], [0.11851724970409346, 0.0812450364864795, 0.2462744969021654, 0.4551038548512218, 0.09885936063723687, 1.4188018038762393e-09], [0.1400436915500067, 0.15685058110289485, 0.33911613239148886, 0.2618947125722599, 0.0710837410981839, 0.0310111412851616], [0.1611603302360266, 3.987472281270045e-10, 0.32523460547299565, 0.2545033505672388, 0.10347960764720503, 0.15562210567778537], [0.04831977943151329, 0.0974459971102866, 0.3049139589975582, 0.09088120637281753, 0.1839534575322783, 0.2744856005555576], [0.08656409671329304, 0.23536558229930285, 0.34634929431596595, 0.15163576671553877, 0.07701951508425586, 0.10306574487164391], [0.17702839964565525, 0.1366661885654351, 0.3945892472322398, 0.16462046309450482, 0.011004728112598111, 0.11609097334957134], [0.13076976192142337, 0.21393158361089962, 0.37833875975399495, 0.14945079359405117, 0.09955256226745965, 0.02795653885232518], [0.06494726716698489, 0.11086668176180194, 0.26996921750909014, 0.2575192789084362, 0.15129472952063416, 0.14540282513305403], [0.10203443082669514, 0.10578340737457008, 0.3075152859086716, 0.22976777830242023, 0.17095662045420143, 0.08394247713344472], [0.004694428868124829, 0.16038678849820429, 0.2617217177458452, 0.15988779302811293, 0.18493595485951633, 0.2283733170001579], [0.1628902552789943, 0.11200903233212077, 0.4047943293648504, 0.07775457979427641, 0.12295426163910735, 0.11959754159064703], [0.05590405362668639, 0.11465806038700628, 0.2689655305543701, 0.23955280445359223, 0.176620763391293, 0.14429878758061188], [0.15992001405609046, 0.09715422695099007, 0.3502899021589202, 0.23670330147488305, 0.07422283104358626, 0.0817097243155299], [0.1218983809591834, 0.013415547817783235, 0.3062516813901848, 0.22237135915216089, 0.16545969566833282, 0.17060333501235603], [0.15738857120790056, 0.19121150956415672, 0.4093980295881889, 0.102415297661331, 0.021669000887284882, 0.11791759109113062], [0.10144949845610336, 0.1643174434000192, 0.38418311821356, 0.018639180613478128, 0.07232742317200366, 0.25908333614485524], [0.03942396443356565, 0.17034491698354814, 0.3020106690522899, 0.12643555486032737, 0.0456989652903379, 0.31608592937993696], [5.8145148118473456e-08, 0.17659219965707365, 0.268500928327181, 0.13699415205001508, 0.2414937112674117, 0.17641895055316048]], [[0.07934521736807369, 0.08919336112340967, 0.2976464940841616, 0.19047354557931026, 0.15511863871594672, 0.18822274312909762], [0.09111553583168762, 0.17974513720959495, 0.33215483655419115, 0.1717454338477119, 0.13939106692527686, 0.08584798963153763], [0.08170072101673602, 0.07807870190555553, 0.22839625718370446, 0.41397251622493675, 0.09618584817132822, 0.10166595549770444], [0.04864312892868481, 0.13965505618670196, 0.3156690514215348, 0.08616478924346063, 0.224173508554512, 0.18569446566510242], [0.10796219979931243, 0.14191037833358014, 0.3881226857516681, 0.007463070068899189, 0.06542326806888875, 0.28911839797775746], [0.06878150690869717, 0.13196038629761603, 0.28691731558565337, 0.22694116960473543, 0.12992483806031055, 0.1554747835429873], [0.11634744076482843, 0.06005450206234362, 0.34151420931270693, 0.12478052367543052, 0.08914777171463259, 0.26815555247005807], [0.15408977362808957, 0.04246975026536718, 0.334258414564678, 0.23613763882669747, 0.14993376557299762, 0.08311065714217208], [0.054432636706014254, 0.21200317027526208, 0.3430010457304812, 0.061729696594690374, 0.09265454169351604, 0.23617890900003438], [0.07468280994756339, 0.05780180709560834, 0.2963226292423848, 0.16116863265897033, 0.21950128445965608, 0.19052283659581598], [0.039031804431062044, 0.21639930623378156, 0.3079398252137048, 0.1384462982893161, 0.1278839804169076, 0.17029878541530125], [0.10741884096957581, 0.038381730289896075, 0.2534481426784222, 0.3726861628926774, 0.0706603644149268, 0.15740475875449653], [0.06473010678457218, 0.06346023542720967, 0.2750486493452899, 0.2073459592868249, 0.1021280324713836, 0.2872870166847177], [0.11796659211750213, 0.12391556534263089, 0.33549217507937296, 0.19316488879365032, 0.14988814208333506, 0.07957263658350859], [0.1740809860294879, 0.10038545507577848, 0.39125987204955176, 0.1433865491913079, 0.14222031157968631, 0.048666826074178], [0.10947413452660433, 0.09360264672336195, 0.33832311136183524, 0.14085468291739275, 0.1925438861663817, 0.12520153830442368], [0.07748837812727172, 0.17988015293797352, 0.3647451869910565, 0.03004997639739526, 0.1719456709513583, 0.17589063459492082], [0.09954329922883028, 0.12712579830730367, 0.3451297873625142, 0.11510611818915155, 0.09501994703012484, 0.2180750498820755], [0.1930859075297451, 0.13276764441205685, 0.393940352110443, 0.20634601814343162, 0.004414051156418756, 0.06944602664738875], [0.07925397466007573, 0.19805838742129306, 0.30120270582576497, 0.07503399003529973, 0.2868325497020968, 0.05961839235582127]], [[0.14980515750463946, 0.06268755381209644, 0.336715474715657, 0.2303591987948037, 0.07342328567254233, 0.14700932950636927], [0.06906906103224923, 0.04762258046225998, 0.27431301044567596, 0.2109607702843156, 0.22291484634060688, 0.17511973143489226], [0.0617696076630606, 0.11367155613072367, 0.28163738895172385, 0.21332103506659203, 0.1859723146730093, 0.14362809751477218], [0.07212013304773321, 0.19280477480902736, 0.34649402830771747, 0.08427238067405057, 0.1812082404163882, 0.12310044274508332], [0.12054114051378689, 0.10697115998685912, 0.32317677610619266, 0.22816470327683866, 0.1255475601836425, 0.09559865993267244], [0.10402027269441003, 0.06362480523197538, 0.32799758735677, 0.1389627848195306, 0.12971151763254657, 0.2356830322647679], [0.06144579084937203, 0.1646958885475836, 0.31033653673843486, 0.1543188207214959, 0.1784946322636016, 0.13070833087952374], [0.10402769120715398, 0.1408854379236343, 0.36387744341193934, 0.07544248345605367, 0.09455076626594484, 0.22121617773527927], [0.08659884853896274, 0.1489810632793888, 0.3285025977673261, 0.15023002238325367, 0.1034362538784593, 0.18225121415260834], [0.03544109885891492, 0.1512247200727789, 0.3105208820063823, 0.0759908896220436, 0.2066124649226908, 0.22020994451719095], [0.1571187783582325, 0.11466965725443393, 0.40727049226766243, 0.05651850800004593, 0.1565945879448533, 0.10782797617478032], [0.05130927391112737, 0.19307632573977124, 0.3214284037236608, 0.11105635460517262, 0.16847968524546186, 0.1546499567748], [0.09583022090950347, 0.07800924915793908, 0.3265434769066038, 0.13204371020392816, 0.13042105301760523, 0.23715228980441946], [0.18882782473309553, 0.03426745522395207, 0.37098065153993653, 0.20190217883946457, 0.03476471371138275, 0.16925717595228001], [0.06612868944344011, 0.13421018036148954, 0.33281049430572596, 0.07316786928207454, 0.29500321399850765, 0.09867955260876052], [0.06380167149894793, 0.0580062013804034, 0.2674637609996392, 0.22635401255630028, 0.19308153840779743, 0.19129281515709246], [0.022577268453107927, 0.08388537661102485, 0.2060074454519028, 0.3358134834959756, 0.24668644051273922, 0.10502998547516487], [0.0735987186377019, 0.1589893557438882, 0.3346984798370927, 0.10302327626419204, 0.15647453313710313, 0.173215636380031], [0.09875734065054502, 0.1239402332569301, 0.32798667068853593, 0.16711748568479015, 0.17904675827275754, 0.10315151144644649], [0.12312872073392873, 0.15758463668795267, 0.3708637201538117, 0.11479585889697841, 0.12164834086013535, 0.11197872266719545]], [[0.06609808549294524, 0.13481424166395403, 0.3033769279015494, 0.16861173972159746, 0.1848225492690302, 0.14227645595091998], [0.07344516586174936, 0.1590515133294294, 0.29472646284459486, 0.23258436766011756, 0.13359553319453896, 0.10659695710955534], [0.11487651456780627, 0.12486277318853073, 0.33186815270254216, 0.1971930602894228, 0.10526349504065285, 0.12593600421104606], [0.06257030804254464, 0.14083056079565054, 0.2819236110823517, 0.23290258049340365, 0.12348543237858627, 0.15828750720746454], [0.1197042174319122, 0.12406237008059237, 0.3314922451206012, 0.21053693479447708, 0.09560288633968694, 0.11860134623273734], [0.05824899882619477, 0.1822204916497348, 0.3309568978801916, 0.0906500855385735, 0.1354206141631248, 0.2025029119421775], [0.08492799737671287, 0.11757385424874721, 0.32372661052663587, 0.13976704372837237, 0.12309268678815513, 0.2109118073313766], [0.08956152940076709, 0.08069320716997194, 0.30071516208301335, 0.20150167836970137, 0.14614675004333727, 0.18138167293320726], [0.12052541548994651, 0.17637758153025487, 0.37264570178342643, 0.1153675278928407, 0.1618505109288224, 0.053233262374709135], [0.08911351970715217, 0.16371667366787956, 0.3304476708595297, 0.16076052071542535, 0.10992442286885191, 0.1460371921811731], [0.06998581329545768, 0.13294022424132382, 0.29255345538078376, 0.21268024864575832, 0.1671442215199068, 0.12469603691676813], [0.1214046166605678, 0.10160319939116452, 0.36587960646701684, 0.08792433305950334, 0.14882245185665724, 0.1743657925650783], [0.09547078016654464, 0.11869299937940894, 0.32017351478096584, 0.17994818841744128, 0.12993541123545166, 0.15577910602019943], [0.05763217693041184, 0.12022139161532988, 0.2923134882682289, 0.17218577612896668, 0.18364439174162442, 0.17400277531543132], [0.110873977527387, 0.14557093090647183, 0.34554922591750936, 0.15649072405886627, 0.11383469592558551, 0.12768044566418002], [0.09859826304916011, 0.16305569997653258, 0.3128172781998024, 0.24294592958319117, 0.15339138778927236, 0.02919144140204157], [0.10330445633450837, 0.068953915832193, 0.3254980851973127, 0.14915615384299913, 0.1734823104114621, 0.17960507838152323], [0.055411121207900066, 0.17124015253406488, 0.3157722328571752, 0.12506571736798097, 0.14936480106201894, 0.18314597497085788], [0.09260169977428231, 0.1164388289214492, 0.3356182607153122, 0.12072072187259633, 0.15515352704906543, 0.17946696166730014], [0.06930727289625262, 0.154644065872196, 0.30387357966553874, 0.18869405839009765, 0.10593156834590678, 0.17754945482959514]], [[0.09570385011134165, 0.1587180887883038, 0.3312392379373387, 0.17227945567783295, 0.1380507350147096, 0.10400863247047368], [0.10068712067399678, 0.1667161159069293, 0.3404771066806335, 0.1609570469698164, 0.14855294912757766, 0.08260966064104701], [0.08546253636895099, 0.10746735507703802, 0.30663297254855865, 0.18992943331965964, 0.1431603027425348, 0.16734739994325806], [0.07570053987635353, 0.13878970411579117, 0.29388453220041544, 0.22710216511444128, 0.10689457378967282, 0.15762848490332634], [0.07528404807971278, 0.15820108201536415, 0.3165104111942884, 0.16611223829194272, 0.15793622951579847, 0.12595599090289256], [0.12115795301412872, 0.1431535531867509, 0.34507327234886404, 0.1835282319854437, 0.12009528045398736, 0.08699170901081968], [0.062496615590361536, 0.1259543368389025, 0.3110533755674179, 0.12794496990884982, 0.17403043108452662, 0.19852027100993586], [0.08635547653518225, 0.1461503037591689, 0.3119569859784974, 0.20155941337904418, 0.11875156402967066, 0.13522625631844626], [0.07040458746751486, 0.11078195421750253, 0.2908928580204259, 0.20403025130186014, 0.19410842140863613, 0.12978192758409013], [0.07244248992730117, 0.08131454095587624, 0.2750331863274963, 0.2402496226578126, 0.13010079017563433, 0.2008593699558816], [0.07953311381862656, 0.1085775530360437, 0.31417776907109324, 0.15069910753800533, 0.17457747493033923, 0.17243498160589246], [0.060117273749184796, 0.12182640991376165, 0.2973714114000172, 0.1631953989746241, 0.15100883746842123, 0.20648066849398825], [0.10383130320030483, 0.1271108018676642, 0.3116951734132584, 0.23552404839445198, 0.14972738004329347, 0.07211129308102743], [0.06194378930401027, 0.10508178969780582, 0.2855894071753139, 0.19473231503285113, 0.14448234819318537, 0.2081703505968331], [0.10377080990030724, 0.09233376507381594, 0.31446925247647195, 0.20224771731435054, 0.14215143148641152, 0.14502702374860965], [0.08323797174005025, 0.15170382769693855, 0.3132142231195404, 0.19320478383438988, 0.13840176161822343, 0.12023743199085687], [0.09409557951451351, 0.12318918977908284, 0.3207297202391786, 0.17760144780042203, 0.12682746422127372, 0.15755659844553657], [0.06084392210172672, 0.1500603040727525, 0.2797643754285035, 0.24191670173037186, 0.15004140778019534, 0.11737328888646069], [0.0606519519591427, 0.15800675278916093, 0.30291875618986697, 0.1716136929147939, 0.15815027578869084, 0.14865857035834212], [0.10121154321177833, 0.07929007208548328, 0.31792537025115847, 0.17539209496958683, 0.1683703264725704, 0.15781059300942366]]], [[[0.12279516705623097, 0.19215182167595443, 0.3776314313888113, 0.115835813879606, 0.12840217671377077, 0.06318358928562696], [0.02780972764510664, 0.05539274886367553, 0.23177411065780967, 0.24583907457322296, 0.20771548425965333, 0.2314688540005712], [0.12297191476006018, 0.08979278513072114, 0.285015482668575, 0.3466856787116249, 0.09535138787424718, 0.0601827508547714], [0.15380827707415998, 0.09858607039400726, 0.37084462386715494, 0.15491606675757716, 0.11116086181495245, 0.1106841000921481], [0.09564890673961776, 0.01607558417751305, 0.25230266476251934, 0.3300633520393952, 0.089573611780841, 0.21633588050008212], [0.08378396972337153, 0.07996238930704223, 0.3461261420000358, 0.03798912298933376, 0.1442479041464789, 0.3078904718337404], [0.08282610523756355, 0.14241347198661752, 0.32207196730321935, 0.15674730843897933, 0.1174059245563182, 0.17853522247730233], [0.12180612618840729, 0.1185420043322828, 0.31803628296373654, 0.2558384006345074, 0.06104657289524838, 0.12473061298581706], [0.10766572174696376, 0.2325542045769093, 0.34827594516377425, 0.19891202761904472, 0.049890500636182854, 0.06270160025712572], [0.06966070043021522, 0.030071313215926126, 0.2429964249477601, 0.3021760568016114, 0.20497983520264956, 0.15011566940183735], [0.1258635724538791, 0.08972899113699613, 0.34886514003196306, 0.14693289036299065, 0.16488938577242676, 0.12372002024174487], [0.05958993582097345, 0.137884775533313, 0.3184073940958246, 0.10490238034876903, 0.22433445170654642, 0.1548810624945735], [0.17210857893017836, 0.1214584854004077, 0.3939780379138033, 0.14356959940974243, 0.0857208555479945, 0.08316444279787338], [0.10640028534068645, 0.11063913851231537, 0.345880397756405, 0.11982504542748583, 0.17397059838693532, 0.14328453457617193], [0.10973751108467969, 0.13002830123472436, 0.32946388522110637, 0.19514545043028414, 0.12373295491083976, 0.11189189711836454], [0.09495454169021471, 0.0026286467480227905, 0.25002677574694376, 0.3268773495958464, 0.17870851327071202, 0.14680417294831666], [0.16973180910537478, 0.2041584326334506, 0.4375531192634444, 0.052257115353479926, 0.013021015848508028, 0.12327850779570658], [0.09201600475086043, 0.13781864380121414, 0.35294973572516525, 0.07723642043181181, 0.10065878970536424, 0.2393204055855839], [0.10509284863304023, 0.10808204748579672, 0.35696844965327995, 0.07787993193922725, 0.06601400840557715, 0.28596271388307853], [0.018480625926049855, 0.04445824815116344, 0.2722180916885615, 0.08187504144543654, 0.17401930930774548, 0.40894868348138846]], [[0.08510578556837087, 0.18187457913659522, 0.3140131013015466, 0.21575345647119168, 0.03253098710175568, 0.17072209042053055], [0.11003932448605931, 0.16996341746890964, 0.32175150846593653, 0.24843375087636238, 0.08833261141005677, 0.06147938729267489], [0.032737899993135366, 0.0851568083176413, 0.2244990570404457, 0.30319882588604125, 0.22629570631687343, 0.12811170244586265], [0.05915329379196232, 0.12694208727875317, 0.2874686289518295, 0.19630056244707877, 0.13256784782409697, 0.19756757970627878], [0.10091198842152742, 0.09202475691829637, 0.31867530358056007, 0.18027227419454064, 0.05315102271136112, 0.25496465417371106], [0.06738499336696924, 0.1407335343587486, 0.2734428908307628, 0.2729922792416772, 0.10094756081197209, 0.14449874138986973], [0.0747013017167356, 0.06875777218667671, 0.26801226440459347, 0.260157167095677, 0.09481118106096521, 0.23356031353534962], [0.14034193422383928, 0.1704265622510756, 0.36851376310420547, 0.17653594031418401, 0.09137338960486667, 0.0528084105018283], [0.1038949449089363, 0.09235756925059992, 0.3480436768148311, 0.093080306058171, 0.09789222784973521, 0.264731275117729], [0.0800481276096538, 0.12698921860623388, 0.32132054955072753, 0.14118665561697274, 0.11495236433513832, 0.21550308428127438], [0.12395559232662703, 0.09730794391963457, 0.33856305161787137, 0.1803881849149117, 0.11949964353461733, 0.140285583688538], [0.016551777318771176, 0.09247787143901444, 0.21838676596374393, 0.2855888617944691, 0.24763702434706877, 0.13935769913693025], [0.08740140227432887, 0.12389356948391388, 0.32434706301408606, 0.14854140957705644, 0.1065830980468207, 0.209233457603795], [0.09518525795678073, 0.1391416155887098, 0.3070545886869081, 0.23649054032393935, 0.20805632494112944, 0.014071672501879061], [0.16945564783866682, 0.05268592832078652, 0.3945535599368273, 0.0878589668775981, 0.20320181844096452, 0.0922440785851597], [0.10468816809832253, 0.012735656121411849, 0.278009468615389, 0.2683785737082569, 0.1608442344992042, 0.1753438989574122], [0.04025573955133882, 0.13709231182592568, 0.30982109056786833, 0.08174473769812127, 0.2978850707480484, 0.13320104960870513], [0.1196758230541497, 0.03219634167519278, 0.2964075794382068, 0.2614850573083963, 0.15875406285119417, 0.13148113567282044], [0.1919734187940551, 0.1634889096300622, 0.4261226500270262, 0.12006331959936292, 0.025231678487956335, 0.07312002346153927], [0.09786032055562463, 0.11388608577172273, 0.33730125276577927, 0.12801365427587583, 0.2655203675624968, 0.0574183190685017]], [[0.09375093849921515, 0.08626288966073697, 0.2986656668881906, 0.22331824470682557, 0.18731439266985128, 0.11068786757520281], [0.05812655838989376, 0.1250471020984346, 0.29419244671548683, 0.17015956273463367, 0.09192040613005628, 0.2605539239314973], [0.10460666321970655, 0.14012729850409553, 0.33688268900534457, 0.16439333483395185, 0.1132174358422703, 0.14077257859463538], [0.10641173207128868, 0.0634435810657776, 0.29544735448163106, 0.2513267716511691, 0.17453784930083197, 0.10883271142930687], [0.10342414582217993, 0.10899445020005026, 0.3047293718936643, 0.24433211587619263, 0.10695012448941868, 0.13156979171851219], [0.10396939280493829, 0.11713129952764097, 0.3328806462704422, 0.16001962498248137, 0.14384200126342733, 0.14215703515106956], [0.06720800082625254, 0.17299188688680564, 0.31360511166306704, 0.16460705755904334, 0.17694917418929368, 0.10463876887553905], [0.13915392859489056, 0.09833152826944841, 0.3658388127988473, 0.1322698295714922, 0.09299801446166485, 0.17140788630365825], [0.12429707108111825, 0.11483406316583164, 0.35642794504571335, 0.1355255076774935, 0.16061977857407797, 0.10829563445577678], [0.03868895465467422, 0.1991596258501695, 0.3094196646699773, 0.12148139663568204, 0.2397042505644202, 0.09154610762508623], [0.06377923915599973, 0.08794074260837023, 0.2847229374868499, 0.19082758763404933, 0.19202509860260134, 0.1807043945121144], [0.10563449096463741, 0.1028755173729705, 0.3316735410595495, 0.1587221383821955, 0.18363363475294817, 0.11746067746770053], [0.13360016308710146, 0.09413604309221274, 0.3420697517281038, 0.19216211418590867, 0.10967142808247111, 0.12836049982420514], [0.0965136829183304, 0.020445380965216687, 0.2921773447194776, 0.20560765816019277, 0.08735052121455733, 0.29790541202222265], [0.10523312571162459, 0.18764694555992698, 0.35968695022364017, 0.12476386768403809, 0.12380374863516064, 0.0988653621856159], [0.16591923691503024, 0.08804615603019493, 0.38410626047394886, 0.1362030583849376, 0.07533629014552941, 0.15038899805035683], [0.04314320910741717, 0.1323309857454464, 0.2472027639555393, 0.289147590961691, 0.18703966632605099, 0.10113578390385503], [0.08616352817159016, 0.09480489260405384, 0.3274424905754626, 0.11573041300695634, 0.2123631460729467, 0.16349552956899818], [0.13560740898006332, 0.10138224756059909, 0.3632704371318184, 0.1335073412552987, 0.11368751045850041, 0.15254505461372211], [0.10895104548556621, 0.1667748996056974, 0.3389323625199945, 0.18723125129416035, 0.05105045613949456, 0.14705998495511854]], [[0.09242110457012365, 0.09861356703489212, 0.315842352025609, 0.17207544729288038, 0.123381628588269, 0.19766590048822688], [0.1307962097891952, 0.08888979407453464, 0.33818395513862654, 0.19378018292645335, 0.10912932647602869, 0.13922053159515363], [0.09873509522984383, 0.10115724487059376, 0.32072700604617826, 0.17481229634420004, 0.1598197793036726, 0.14474857820551199], [0.09128345306566589, 0.11243053480726056, 0.3003197333940854, 0.2289835496933723, 0.09814921336978114, 0.16883351566981436], [0.11137969962024412, 0.09747687008623086, 0.32203764835372956, 0.2011453710497379, 0.12562966491872693, 0.14233074597133105], [0.07063771706076939, 0.11451097879323753, 0.31073367119207207, 0.14260755595217506, 0.18453157727035283, 0.17697849973138582], [0.07663062673122886, 0.09597546983846547, 0.3174052786342686, 0.12367645070305917, 0.14918846686867435, 0.2371237072242974], [0.08448098948599385, 0.15022814868503911, 0.3183462632701198, 0.17849823889711822, 0.0942830423124337, 0.17416331734929646], [0.07170549023324008, 0.11338802920672768, 0.2945612607737302, 0.19702840781026068, 0.14460205233448883, 0.17871475964154876], [0.035597029207083734, 0.14522447243251324, 0.27730881719311984, 0.18055212351134842, 0.245288081104354, 0.11602947655157132], [0.06626849978325514, 0.10619922713009494, 0.30031737148444143, 0.15888874384571192, 0.1278749319621861, 0.24045122579430972], [0.10558632752273904, 0.07905384360377159, 0.27618620243653763, 0.3222635649435378, 0.11626245718906658, 0.10064760430436953], [0.0851615521499961, 0.13469894572241822, 0.28866302651530834, 0.26630069607224793, 0.12101235846400711, 0.10416342107602189], [0.07599356284400859, 0.10697948249772204, 0.28708026642182044, 0.2287205460706822, 0.2229460852561194, 0.07828005690964225], [0.10963163029628556, 0.09611876671513724, 0.3329620984548587, 0.16035274541332473, 0.17584443254588003, 0.12509032657450844], [0.04543376716900682, 0.1026273642886288, 0.2589820306862622, 0.23633962743312323, 0.1896099704240384, 0.16700723999894035], [0.1196056776218718, 0.09660808341878332, 0.3291097590524492, 0.19899328845067532, 0.08664001347288491, 0.1690431779833376], [0.07987296826077628, 0.12822969728954356, 0.2917773871076537, 0.23790528020014465, 0.14736229367425516, 0.11485237346762622], [0.05393825665240673, 0.17676620234405593, 0.3079440837732069, 0.1506373993933305, 0.176608987786236, 0.13410507005077948], [0.08330866593039296, 0.15342034945048155, 0.3073141969910396, 0.2136312037326776, 0.11445338861095848, 0.12787219528444863]], [[0.09217173182300148, 0.12589882356566529, 0.3212332996376809, 0.17282658604781254, 0.13746523759659232, 0.1504043213292506], [0.11471196713446301, 0.07262667205166351, 0.314227476686316, 0.2183533986214467, 0.15688015925110513, 0.12320032625500764], [0.06402735729693947, 0.10706963844209469, 0.284990640879103, 0.20369282389205304, 0.16816547162740442, 0.172054067862416], [0.09574604670093889, 0.13534415085513352, 0.3202000001329236, 0.19218253571880473, 0.14353214630842118, 0.11299512028377792], [0.07865435600867213, 0.10177456667313776, 0.2862464353892332, 0.23447084793622802, 0.15962847997820828, 0.13922531401452634], [0.11477266618008612, 0.09605744383957196, 0.3233181306919749, 0.20506129689070668, 0.1447608333973479, 0.11602962900031258], [0.08281323562576676, 0.11092036077580975, 0.31884084456387646, 0.14577983561524172, 0.17172358930210938, 0.16992213411719573], [0.06195901489065492, 0.12627565934109805, 0.2861816425466322, 0.20765326729975767, 0.17009866471858578, 0.1478317512032717], [0.07314186399777747, 0.12412899456286801, 0.2915175035061085, 0.21804280637430218, 0.1273605220638466, 0.16580830949510006], [0.07417124086230542, 0.11565813079344335, 0.29463412283153284, 0.2049217791972971, 0.1541990783217655, 0.15641564799366314], [0.06707183108665228, 0.13982715931246562, 0.29491633829899083, 0.20199890901765985, 0.15562986176512666, 0.14055590051910535], [0.08049932258910747, 0.11505442155759833, 0.30252193668847127, 0.19566831273811522, 0.17741483606233438, 0.12884117036433732], [0.08395100316242907, 0.1091424136255614, 0.31049545879782336, 0.17487370734989288, 0.1996327421616361, 0.12190467490265891], [0.0568751258977405, 0.11598035208068996, 0.2855134830799838, 0.18936308444194602, 0.18037721026737855, 0.17189074423226028], [0.09297635780547508, 0.09837890588728648, 0.3156713071329513, 0.17431496258995108, 0.18656737667005704, 0.13209108991429022], [0.08580674303359866, 0.1137891409295608, 0.3137744884511642, 0.17200248420917544, 0.14837863868562962, 0.16624850469087102], [0.09109770237582328, 0.134656952665673, 0.30752813836927184, 0.22065337779945182, 0.13915113788890382, 0.10691269090087914], [0.09509764536899029, 0.12464036120649895, 0.3237182042018838, 0.17178412556395078, 0.17004498225796702, 0.11471468140071028], [0.07970292738557724, 0.1440821485699919, 0.3114210746074481, 0.1844378155036951, 0.13695463652075965, 0.14340139741252791], [0.05975374497304488, 0.11679733700606709, 0.2799101924758776, 0.2156835504624039, 0.16903873796049607, 0.15881643712211554]]]], [[[[0.17909956203777327, 0.13306346972507127, 0.4138468623492326, 0.10569167957570276, 0.13713947938895074, 0.031158946923265738], [0.06537792885574178, 0.07334807336789113, 0.29161501746667884, 0.16199328211444336, 0.1031249278834712, 0.3045407703117722], [0.17780200396574955, 0.06059485244452563, 0.33576195202554426, 0.30578110983581297, 0.06140067884859278, 0.0586594028797731], [0.17755545857447086, 0.11357248089455668, 0.40116290299014357, 0.12906964038801913, 0.07994349522488392, 0.09869602192792587], [0.1585599792058515, 0.06682209444140651, 0.35102084318336696, 0.20975272124493846, 0.07194580815510696, 0.14189855376933086], [0.04474201798619631, 0.1647994278654365, 0.3307482088573647, 0.043901807695332716, 0.1752941738403524, 0.24051436375531596], [0.044938343612151446, 0.24063158833943069, 0.324990516388247, 0.11508742613154915, 0.09285156849760133, 0.1815005570310208], [0.10045950926255036, 0.13641366160778465, 0.33113039359970553, 0.16945920234682127, 0.08902108928206925, 0.17351614390106965], [0.1203787953392865, 0.20101461861712894, 0.3497778004822861, 0.2058341106399614, 0.0642255589994222, 0.05876911592192114], [0.09656704320606632, 0.0236714806421974, 0.22587470829854736, 0.4238624077758317, 0.1118872238495098, 0.11813713622784862], [0.12554160734555103, 0.052216455278388384, 0.2994922156974416, 0.28044778802572534, 0.10689791806615122, 0.13540401558664644], [0.060254159114703124, 0.18241241293807647, 0.35342954168796614, 0.023588706644665034, 0.24146693248102405, 0.13884824713392205], [0.18120782214822348, 0.07055313462651605, 0.3979157223577933, 0.11935634909123301, 0.05206943084057702, 0.1788975409356489], [0.06521966907713907, 0.14272411796543413, 0.269473904863193, 0.28181847427246853, 0.14182749014156243, 0.0989363436803292], [0.15901703410415108, 0.0673979552082151, 0.35926540738983315, 0.18450591614987993, 0.06793113300771253, 0.1618825541402062], [0.13963085144053278, 1.0911951023919187e-09, 0.303468068517082, 0.2689385217254927, 0.16853228108054583, 0.119430276144669