{"SAA_list": [[[0.2373720911387833, 0.15050031372564263, 0.20255080114226742, 0.09129826886630348, 0.178527808916714, 0.13975071621028956], [0.32806919024955894, 0.09029388499504258, 0.19388511675820458, 0.13258552683663025, 0.2375765977469377, 0.017589683413625237], [0.4637279685219683, 0.24758482168010873, 0.06840071809503033, 0.16675731295544685, 0.037672675098693355, 0.015856503648751366], [0.3075933770202298, 0.06952536714752659, 0.10486521764584163, 0.07606250907781498, 0.2581062831542095, 0.18384724595437693], [0.4232168492829847, 0.24885225394429106, 0.10430021869716963, 0.17545910835860243, 0.048171565139330255, 4.577621387075948e-09], [0.4275538742648649, 0.12041116113072439, 0.12292210824050123, 0.05192934604673132, 0.26795789763799444, 0.009225612679167458], [0.34731960126466915, 0.15508350674258742, 0.04931432231436494, 0.09685226512789728, 0.28822223242875666, 0.06320807212172314], [0.26819055116899954, 0.1446040143538065, 0.10617580272284265, 0.16520733113533032, 0.25649050473574064, 0.059331795883280816], [0.32477893618604126, 0.15368724696076766, 0.005903313879770007, 0.16532833434207322, 0.35030216862912167, 2.2444528564210996e-12], [0.418823551937457, 0.23027264142792508, 0.10818478250719137, 0.0606466598728808, 0.06000298880644351, 0.12206937544810197], [0.5881776221995347, 0.038970792213931536, 0.13451198972792658, 0.049428058591460496, 0.10284105563869864, 0.08607048162849053], [0.10475571908444037, 0.01691227311836842, 0.18646768814651296, 0.2210948066831156, 0.43284868303628865, 0.03792082993127949], [0.12190262587732961, 0.1699943333418246, 0.24353433231418659, 0.0806607106696329, 0.3243306422621059, 0.05957735553491747], [0.28626771454350824, 0.08149674127499253, 0.16610750405270883, 0.1021085371626707, 0.18699791920277228, 0.17702158376334623], [0.3829188767732304, 0.05925954013125812, 0.16863071910612734, 0.17391171059518293, 0.1613943120785721, 0.053884841315632294], [0.34930866267695243, 0.2051722324559062, 0.12438471825585734, 0.17087856876266114, 0.08255326851762897, 0.06770254933099357], [0.45091476677088943, 0.13697121968227527, 0.09854152158076991, 0.14300669979376823, 0.0009388641248520836, 0.1696269280474933], [0.3322512363168446, 0.1674087997724916, 0.16529658751724952, 0.09552129229063888, 0.1901240030462061, 0.04939808105656948], [0.6927655177183998, 0.09054100845938659, 0.04052490307148738, 0.07803266450990574, 1.1264552956415555e-07, 0.09813579359525677], [0.1997612554179457, 0.20392370059949858, 0.26421652588435324, 0.04028769645970552, 0.22015637690610718, 0.0716544447323921]], [[0.4029723002886355, 0.13432591059016846, 0.20316543213485336, 0.1009528882121873, 0.15851410237161223, 6.93664025662206e-05], [0.41282052103634476, 0.04693054739786651, 0.14917726903130626, 0.12617599456998427, 0.26023961281488833, 0.00465605514965653], [0.46336177356967156, 0.01565790904794409, 0.21723441564551754, 0.033344466057304525, 0.16478990734675394, 0.10561152833284433], [0.5544469946316334, 0.12418118175879021, 0.04156445116036169, 0.05366777795516447, 0.20705423392470637, 0.01908536056937769], [0.28435059738113955, 0.06673589585238361, 0.15227245649189652, 0.09073086799678136, 0.20216947862978538, 0.20374070364801627], [0.41783789698456825, 0.05432239157861532, 0.1206274170759198, 0.06681244475611037, 0.2454726539032447, 0.09492719570156455], [0.3919575018034091, 0.11374193077165631, 0.09140569338619223, 0.10304845573326536, 0.2500149155018391, 0.04983150280363759], [0.4400651167409469, 0.20772386735517404, 0.11151356341009984, 0.019000947196071826, 0.17303053407881355, 0.04866597121889479], [0.46794445322026584, 0.10292028786095696, 0.1752554452580902, 0.07395422684355686, 0.03980596048792371, 0.14011962632920366], [0.37307000858936357, 0.07093928486487426, 0.10563617556198965, 0.1139000481911737, 0.2727690909718589, 0.06368539182076319], [0.5927873386193737, 0.0888662517073011, 0.15595861287469198, 0.07335330779128828, 0.08453069406311753, 0.0045037949442171335], [0.30861886075770434, 0.05590419562824274, 0.22099045953381916, 0.07371581687190447, 0.29251437034453914, 0.048256296863787], [0.28024689592250424, 0.09003151339328963, 0.15257656363716107, 0.17639696473353436, 0.2158974598099219, 0.08485060250359015], [0.4942223275183145, 0.06019935825871732, 0.1117942114402466, 0.09862287637113648, 0.19629889146234147, 0.038862334949294086], [0.13040499749330006, 0.07227943889671487, 0.27345611080419047, 0.1678628371563908, 0.33422480010633476, 0.021771815543071883], [0.5495444031604869, 0.04716684517833626, 0.1559345565662181, 0.012788258547866457, 0.07682193650044256, 0.15774400004665137], [0.5064528113331465, 0.11062053015229463, 0.1383087637855057, 0.10810590714151412, 0.10295213690069903, 0.03355985068687598], [0.4409258033809306, 0.1527640597417109, 0.14805474602862911, 0.06323439616983544, 0.1583756324992422, 0.03664536217960293], [0.530587738388241, 0.09060608277217534, 0.2734234307701663, 0.07122958698781331, 0.0033625343196386384, 0.03079062676195829], [0.32567396776194246, 0.11223724143110071, 0.11754023873828126, 0.04339656975365268, 0.3661295963008861, 0.03502238601417191]], [[0.39421281364496247, 0.05371073958105106, 0.17259908818194178, 0.04929784034985318, 0.3028531457965727, 0.027326372445610866], [0.3989524294882484, 0.10747197158386172, 0.16735252956901858, 0.07362443251859448, 0.236909433751069, 0.015689203089196337], [0.3665399580137563, 0.15464086922606368, 0.08084678139564362, 0.082765196806322, 0.25862970974186966, 0.0565774848163445], [0.4283814442323875, 0.06898758538239755, 0.21787953441714258, 0.01823447622064944, 0.22595789608306602, 0.04055906366436279], [0.41312407549759567, 0.03048323326642775, 0.16220411751457386, 0.08933441001662518, 0.25444636583736224, 0.05040779786743032], [0.47677263673769876, 0.08341763125106175, 0.18657309566006386, 0.01806630658376039, 0.21954067987876322, 0.01562964988865828], [0.33133274378421645, 0.1315676335356855, 0.17820978801663687, 0.10738114886687508, 0.19132427630412827, 0.06018440949246039], [0.35608838911294693, 0.10962450180885093, 0.12728288710794983, 0.13233473363492992, 0.22470333299039025, 0.04996615534493166], [0.22284210455000972, 0.13535177065088091, 0.1979608723937826, 0.0763678274481913, 0.300967690613843, 0.0665097343432906], [0.4339665937999449, 0.09303863273002998, 0.19213551175105248, 0.06463447193923465, 0.1867986025494919, 0.029426187230256196], [0.444612335576143, 0.013919644412420452, 0.19999867519288717, 0.03437696939372063, 0.24083318972907958, 0.06625918569575719], [0.37780599795547015, 0.08640824987268456, 0.1656489743191718, 0.07888486435723721, 0.22578407710967166, 0.06546783638573986], [0.41726863935568786, 0.12695055897119442, 0.16190814858841046, 0.07794495384035194, 0.17448053633098085, 0.04144716291340561], [0.2960676749957883, 0.12297842812214765, 0.1856291177078591, 0.05432784438421676, 0.24793201845286067, 0.0930649163371213], [0.33616048335115534, 0.12020868503697739, 0.14605200537618687, 0.11167501075489783, 0.2574633040469627, 0.02844051143381895], [0.29057232952563705, 0.05826681693038412, 0.20234004742177028, 0.14379552796094852, 0.24841830201485327, 0.05660697614640194], [0.16461786685395025, 0.15929764718336292, 0.18261816698081995, 0.15897055293435358, 0.3319273299754982, 0.0025684360720159096], [0.4453533787522311, 0.05382661535269874, 0.17686053381781897, 0.07095580690566408, 0.18186386092408735, 0.07113980424748931], [0.37909098961991994, 0.10914545945260463, 0.14025694514478987, 0.07832314514038, 0.26596891683771307, 0.027214543804596918], [0.31161903435315225, 0.2029260875997308, 0.21308595090602186, 0.09929623306589946, 0.12675950945205297, 0.04631318462314411]], [[0.44169623462096164, 0.10130205480231505, 0.09709299527807531, 0.0928517810829682, 0.22154752868964744, 0.04550940552603161], [0.2884735971197368, 0.13346240495098144, 0.17497604222773847, 0.10028554359628859, 0.2519061859053073, 0.05089622619996446], [0.3567287524087788, 0.13864454873320534, 0.16260809384940308, 0.11665757658887912, 0.16184735017902022, 0.06351367824073961], [0.4026147266056371, 0.015002460639586147, 0.19386278155870584, 0.07305616945491247, 0.26558555123512817, 0.049878310506013], [0.4413926910937374, 0.09410161941822663, 0.12341624635432934, 0.06322690042455276, 0.23587149077642053, 0.04199105193272583], [0.4613128195981, 0.0977304913173239, 0.041812984943162164, 0.08137237312598042, 0.26267975892436907, 0.05509157209105678], [0.34297441600502454, 0.11881470687782758, 0.11117816964915388, 0.10127623206336303, 0.26753627433196847, 0.05822020107265858], [0.36966227509287547, 0.07997408085273852, 0.17653494811322004, 0.08616020740662621, 0.23961649053297945, 0.04805199800148655], [0.3576052460326432, 0.13828033523909755, 0.1590289409093914, 0.09264677251781837, 0.1994053106986346, 0.05303339460241103], [0.3276896320866507, 0.12703405217847852, 0.15012152104916734, 0.09770796958429437, 0.23012378375105227, 0.06732304135035726], [0.3987434500259554, 0.12147679825110398, 0.11644383884403177, 0.0877403704887338, 0.23603785621614548, 0.039557686174021084], [0.307883871470251, 0.11317300130587565, 0.18818102407275172, 0.13941229636036143, 0.2032214232332516, 0.04812838355750542], [0.33079642092956146, 0.10676178769930048, 0.171856437337942, 0.08771166624332859, 0.24107896634840384, 0.0617947214414531], [0.36444833791578984, 0.06124121481229974, 0.14265570981121878, 0.08810746855178499, 0.30264874267638037, 0.04089852623252086], [0.3931664648364367, 0.07643709580520909, 0.19120079525351386, 0.08564433504398507, 0.18690719117301471, 0.0666441178878397], [0.31088469414067166, 0.11797440871105619, 0.1518004440206799, 0.11031290658345527, 0.2372771765949394, 0.07175036994919363], [0.4276666304215743, 0.12479200027885504, 0.15806802737745496, 0.07152081743349005, 0.15564411196713165, 0.06230841252149035], [0.33046364300106656, 0.12003184123531661, 0.09624349287091002, 0.103996879639486, 0.3168491396982314, 0.03241500355497562], [0.37217492527603296, 0.06860829635460862, 0.20625645746158555, 0.11367504378195395, 0.1863711614872772, 0.05291411563854033], [0.38024662676282794, 0.09862758437236596, 0.11912604108837074, 0.08502264390329718, 0.2704976467215797, 0.046479457151568024]], [[0.3816983070111528, 0.09237272551377541, 0.15638734996919282, 0.09192684455969945, 0.21996185241551974, 0.05765292053065747], [0.3995557636621409, 0.0993445263287657, 0.16164944955390811, 0.08607359058083906, 0.20637356937420728, 0.047003100500099655], [0.4122793420670521, 0.062423823523924414, 0.14435410546316252, 0.08670074749998037, 0.24648650189036983, 0.047755479555481366], [0.3559424444891435, 0.060257006213103766, 0.17919422548260505, 0.11039185313747897, 0.23878594079295234, 0.05542852988470608], [0.41205503150686607, 0.11812590004544023, 0.10841500680169604, 0.06543350361408232, 0.24299213781883755, 0.05297842021308885], [0.39654322914793066, 0.06228290619469709, 0.11333520803564116, 0.10616769079745976, 0.26442356526807465, 0.057247400556175373], [0.36722388702617503, 0.1189407824610383, 0.15562572100833413, 0.10639812881752585, 0.23033677049377513, 0.02147471019315955], [0.35861137480769006, 0.10993580463061574, 0.16527475295882266, 0.0806249564107007, 0.231604374529369, 0.05394873666281602], [0.3764424803511695, 0.11957277194225706, 0.15372640827559714, 0.09260764967463739, 0.22236712035212466, 0.035283569404218444], [0.3776987013025226, 0.10025954680631026, 0.1850879581155971, 0.05792944175485179, 0.2309703958363863, 0.04805395618431064], [0.40587890959433287, 0.043293164477492825, 0.14278062943244207, 0.08140004932704573, 0.25473022097852477, 0.07191702619015651], [0.3663400801499378, 0.10769655412690829, 0.1678542599008647, 0.07215942273471591, 0.24709180269288986, 0.03885788039467271], [0.43394755206729846, 0.08974777567904008, 0.12640397691122976, 0.08294410808827334, 0.22074344964575818, 0.04621313760842931], [0.40310562528548394, 0.09597001995209846, 0.17113852190381176, 0.08934460916103076, 0.22501436463107066, 0.0154268590664953], [0.34552318997679843, 0.1163995113266659, 0.13880137107363946, 0.08600826200625103, 0.25396233929152995, 0.059305326325127215], [0.4125456823098475, 0.09669057610530447, 0.13485359696950722, 0.07855005850512525, 0.25447437724741007, 0.022885708862811334], [0.4143030975037244, 0.02649952443596438, 0.1603673612094815, 0.053073746109366896, 0.2903058888402941, 0.05545038190117081], [0.3796491465663298, 0.0885152446819576, 0.14163590107679097, 0.06994193889252408, 0.26450997695533646, 0.055747791827057816], [0.3863653223749057, 0.04990249667436279, 0.15071425331798807, 0.07707915964563741, 0.3055128611401899, 0.03042590684694211], [0.41397994692361206, 0.06416604385798909, 0.16455247879582052, 0.09070973940657028, 0.20203102846833124, 0.06456076254766586]]], "bagging_alg3_list": [[[[[0.5378322094492867, 6.297738572457901e-11, 0.16362269632457146, 0.053455179310975307, 0.17197813733051157, 0.0731117775216828], [0.32441086919817297, 0.09852670638324984, 0.18338730484616322, 0.10287095905081563, 0.282186348996565, 0.008617811525027887], [0.2520896245008957, 0.058704543157223996, 1.0402884608821982e-11, 0.07703852206534686, 0.6040201415661147, 0.008147168700028703], [0.4897918216674398, 0.07699610134106334, 0.03983410068807928, 0.011096146110500003, 0.2412888465149264, 0.14099298367799834], [0.45757545702934926, 0.25570317734329917, 0.1632965037877151, 0.12342482109136202, 4.060283649347252e-08, 1.4542919782395735e-10], [0.46779127912013957, 0.15429266608792358, 0.03984740688915944, 0.12679524053491673, 0.20896453339260096, 0.0023088739752368656], [0.34019035085567967, 0.14006937152509694, 0.03509456732621532, 0.09049948192532876, 0.34963488708347906, 0.044511341284253034], [0.47882090244905035, 0.0838527064501511, 0.12588534559394474, 0.12378579076098346, 0.13026102781028523, 0.05739422693559383], [0.35833488935329144, 0.1382798834293705, 0.018590314242646046, 0.09650999841839435, 0.388284914103703, 4.525976125989436e-10], [0.4455294738253803, 0.18849875231726912, 0.09047560412160031, 7.343008818382486e-12, 0.19965054797817675, 0.07584562175023138], [0.5558488190615563, 0.09499833659818677, 0.06797877817444026, 0.04761161810553563, 0.16917281892345756, 0.06438962913682628], [0.19374067678826823, 0.004771789462809585, 0.19133905136735016, 0.21582074128663276, 0.39432774108450114, 1.0387198756161883e-11], [0.13180458705453008, 0.1818631279447365, 0.2747600696120514, 2.937318600785684e-10, 0.3530341654606069, 0.058538049634358214], [0.22366448634035235, 0.06998663669240139, 0.3582242772945892, 0.04030872260214778, 0.1528165544669612, 0.15499932260355365], [0.35249345825976397, 0.15063651016479052, 0.16750426592860762, 0.10880424019575102, 0.1720760018077069, 0.048485523643380185], [0.5182538761916518, 0.17972083488412796, 0.13130360176798372, 0.11154158067428771, 0.059180081512557554, 2.4969376088201727e-08], [0.3548521616806246, 0.060057989273501686, 0.11547849254863084, 0.08416308787492295, 0.32204368667301064, 0.06340458194931076], [0.299725601489197, 0.10516184435126212, 0.16070586337464376, 0.19117327262257888, 0.17844157297647228, 0.06479184518584373], [0.695556663563165, 0.048464921254123834, 0.025438870583528592, 0.05273062480818269, 0.12432239986095268, 0.053486519930154415], [0.480907982564919, 0.1594769456676976, 0.11715841985069841, 3.811713576451567e-09, 0.18617959360288178, 0.05627705450208913]], [[0.3269661409499365, 0.17222559983929708, 0.09493533041365745, 0.08515226863295317, 0.32072066011979095, 4.4363465909924516e-11], [0.40025496585675713, 5.801005146786008e-07, 0.1565933538350966, 0.11602040444006118, 0.258097783712179, 0.06903291205539439], [0.28725075156329644, 0.0656663882070666, 0.13822409898417523, 3.5635721668700957e-09, 0.4127789976364193, 0.09607976004546188], [0.5061160272118266, 0.16079382047068538, 0.08714779939260446, 1.595631826142587e-10, 0.2459422441397264, 1.0862558205622514e-07], [0.4168310277035373, 0.06739145258929104, 0.17115794551464675, 0.032172418547905215, 0.14143064147410817, 0.17101651417051114], [0.3976853687711097, 0.1843490274447949, 0.0713940383748615, 0.00011419313551494675, 0.27069503680632573, 0.075762335467683], [0.47708586363926686, 6.570071847159669e-12, 0.06963668261635798, 0.11270577892292817, 0.3027818289568158, 0.037789845857996], [0.48958345735622516, 0.13806613479936278, 0.09853483094554975, 1.0757152979309102e-08, 0.21984747977667757, 0.05396808636503506], [0.4248624242068378, 0.14697889926140836, 0.1877704584798508, 1.1100175167235092e-09, 0.1359265077265237, 0.10446170921536234], [0.25135231700712585, 0.0824839540080725, 0.26589573291308616, 0.10793130789197382, 0.254613592568574, 0.03772309561116388], [0.5438651958589232, 0.07395626543519017, 0.10937749488333862, 0.08067815457910561, 0.19212288673530123, 2.5081490409512723e-09], [0.5716598926758396, 0.05493330593037461, 0.1220635437371064, 0.005953796175190817, 0.19584996173849303, 0.049539499743004964], [0.08045620707836001, 0.19678926067840885, 0.22740306917447684, 0.06911669985190294, 0.34035689528707525, 0.08587786792978878], [0.5771347897354236, 0.024288968627990164, 0.12323575833537828, 0.1215384129306878, 0.15380207029992365, 7.057560292799274e-11], [0.5351005898856896, 0.08409645006183201, 0.12427713318418755, 0.05021249000001973, 0.1559651880120023, 0.05034814885626775], [0.292871146848211, 0.18920813548185286, 0.39728920857037076, 5.608671797490425e-10, 0.03595365753230003, 0.08467785100640314], [0.2566174345012345, 0.08814447912900364, 0.1952491279944835, 0.08958863287207064, 0.21549496878870822, 0.15490535671449912], [0.48066638959010755, 0.14928669037181946, 0.29991004086945827, 1.4767824099778864e-11, 0.057330197979659256, 0.012806681174267628], [0.331567866492278, 0.04115276989935392, 0.09801556135396676, 0.05692720965323073, 0.41790424707667273, 0.0544323455244958], [0.2906476575801061, 0.16681538360685377, 0.14199313472043412, 0.005396924713533673, 0.39282244987571563, 0.0023244495033521127]], [[0.4572363185535685, 0.1543707988998145, 0.10511267192949936, 0.07820722595965511, 0.2050729839026544, 7.548055410416795e-10], [0.3843288975470385, 0.06574421137257813, 0.24795190553770746, 0.01813020204010134, 0.23233888994974786, 0.05150589355280976], [0.4500327401000669, 0.0831066312813082, 0.08972596166711193, 0.09464183499922214, 0.14358046344888115, 0.13891236850340796], [0.5845221842483985, 0.04745293308437785, 0.06912578054362875, 0.07798671324711959, 0.2168432829493258, 0.004069105927160034], [0.4314279622454744, 0.08185202515612904, 0.1810811172229849, 0.014554536036705128, 0.2207460981680897, 0.07033826117062397], [0.39897522936029517, 0.11015916771260724, 0.1514371915888919, 0.1452605813878672, 0.16867286854144362, 0.025494961408888434], [0.4583659604454656, 0.0683212554212675, 0.12716038958891457, 0.126852286066517, 0.13852020990303263, 0.08077989857480318], [0.49747289893420515, 0.07745506823145906, 0.15758630204667656, 0.08820577093770897, 0.16288946804484367, 0.016390491805105593], [0.493658741412503, 0.0627021082714868, 0.10911678820321632, 3.308588632245646e-09, 0.2556884282981519, 0.07883393050606496], [0.3718989323013842, 0.0815720707727405, 0.18703689328384043, 0.15861466842267152, 0.2008774313697062, 3.849661257982396e-09], [0.5168425133352132, 0.08110877912104016, 0.14339032780727515, 1.8362844170338143e-09, 0.20560034184709158, 0.053058036053118596], [0.3525742893838518, 3.5666920711626298e-09, 0.16334351952911302, 0.06372019700701337, 0.37421993818225413, 0.0461420523310845], [0.4282676017790322, 0.14593266993927942, 0.15308386151961784, 0.027931852134908786, 0.1848930289859778, 0.0598909856411903], [0.18374213531736272, 5.093747476221347e-08, 0.322127747038562, 0.1625778859621248, 0.2206951729580096, 0.1108570077864635], [0.5322238450342551, 0.15523469317192318, 0.040956303360284024, 0.10259561045876266, 0.16898954534106395, 2.6337150586116934e-09], [0.5243099937705958, 0.10470409285851483, 0.09264963999181017, 0.10610290308064911, 0.1722333702891309, 9.363029591936234e-12], [0.27754997582397595, 0.08644806672445089, 0.1977111292996957, 0.07991745453966394, 0.31087575781417953, 0.04749761579803387], [0.49248837939445705, 0.07183307005185885, 0.15958179097032113, 2.3171364883337967e-11, 0.2467396303916119, 0.029357129168557636], [0.47532885477043296, 0.13804844832986454, 0.17646155545691405, 0.043487009550427724, 0.1666741292304653, 2.6619030130590935e-09], [0.31310171874026893, 0.04635397786495775, 0.10624643731396782, 0.10764978118857625, 0.38754694958841585, 0.03910113530381733]], [[0.40076562240772146, 0.08821247405891221, 0.09582749972453206, 0.07757173545097819, 0.28112283030209784, 0.056499838055750026], [0.46132302537240577, 0.06069077565027432, 0.1340250286362523, 0.1140551390021131, 0.16910643178602106, 0.06079959955293132], [0.48258537587937195, 0.11335690307686122, 0.08220182148464082, 0.06559364204883501, 0.25083405224346267, 0.005428205266833902], [0.44327695125812755, 0.08674830978134107, 0.11801869661699683, 0.05618695077183924, 0.254078345975527, 0.04169074559617685], [0.4716686982074255, 0.07924394657111285, 0.12703351230995202, 0.049145661628897705, 0.2011873976644085, 0.07172078361816317], [0.44072091789369705, 0.08943479897433115, 0.10880755099711455, 0.09905892847885109, 0.25143978825439395, 0.010538015401610026], [0.3914614981442861, 0.10155592017877955, 0.13437061825028562, 0.14882557984287242, 0.1783746835834956, 0.04541170000028028], [0.389813598147828, 0.04258274773266555, 0.16560476218959716, 0.10189550735869966, 0.2247855000205355, 0.07531788455067001], [0.4092991648565993, 0.1044534489055455, 0.08349048903309436, 0.07815485230866481, 0.26560070242219336, 0.05900134247390353], [0.501707706418502, 0.07866063795670611, 0.15917958259284512, 0.06598755474937626, 0.15458448599506677, 0.03988003228751937], [0.39231164167290716, 0.10111906199022502, 0.2312945810845231, 0.13094519325657897, 0.07724277840704626, 0.06708674358871608], [0.39724174265024315, 0.10098405773890322, 0.2257021786565936, 0.08156259969771291, 0.18514996882037596, 0.00935945243620378], [0.3339653730649418, 0.052327355577916596, 0.08609636989087888, 0.08897735030130637, 0.38816858064117105, 0.050464970523783376], [0.431798656390972, 0.07240626287621879, 0.06137835649957386, 0.11564001537728205, 0.28186080726708973, 0.036915901588865416], [0.4485110265176985, 0.05893199472158309, 0.1980675274858308, 0.13757514576271523, 0.0880920434671392, 0.06882226204501399], [0.3701081785132594, 0.04976420052126089, 0.1338317249916987, 0.13959825678738177, 0.2729750422412494, 0.03372259694514827], [0.32331052324993914, 0.10756409565067615, 0.1812325564236349, 0.07579790345465157, 0.23146452906097936, 0.08063039216011464], [0.45720045266186465, 0.06576523972973213, 0.1277981569607505, 0.11912423652834304, 0.19359552143793035, 0.036516392681378754], [0.3448823387026111, 0.06701218398545912, 0.2247044861391664, 0.05574488435170758, 0.25098631685321204, 0.05666978996781628], [0.27627650920510805, 0.14296674737903864, 0.1375416239864655, 0.10453725508070398, 0.28869009253266603, 0.04998777181601806]], [[0.386801126142487, 0.09465803423421297, 0.10521093221664053, 0.08814948035598195, 0.28036309122387426, 0.044817335826804305], [0.3875830611929302, 0.12322588201071545, 0.17153207470334764, 0.053769293915265526, 0.2333193670609211, 0.030570321116820023], [0.4471239231371461, 0.11411189023196103, 0.12449159707697957, 0.06364522833060016, 0.18698328065419856, 0.06364408056911061], [0.35606011713348906, 0.09294587726596568, 0.15791656997846365, 0.08161113496471144, 0.2528543589618497, 0.05861194169549], [0.3922886098445173, 0.12304638923483838, 0.12111449653102913, 0.055363525554518817, 0.24093580816473256, 0.06725117067036868], [0.29428899098820455, 0.12073950105203489, 0.17914490256707366, 0.05809232400891926, 0.2835154298716554, 0.06421885151211285], [0.3609677873906443, 0.11021594235031021, 0.1737419343705353, 0.05887806064953614, 0.2291258807995261, 0.0670703944394496], [0.2994850718655855, 0.12429145069462308, 0.11657635099575568, 0.11710438701261333, 0.2845588045487303, 0.05798393488269246], [0.40926764800348125, 0.10343755267899785, 0.14092724094762885, 0.08464125992722255, 0.19357383522319765, 0.0681524632194702], [0.354976915597326, 0.10205634140590499, 0.16346378670424114, 0.09013153335655992, 0.2432113533618286, 0.04616006957413885], [0.3709434931872986, 0.12364099676979172, 0.11621917170249761, 0.10578954856075391, 0.24933388604942167, 0.03407290373021967], [0.38239123884568516, 0.10651603955969445, 0.1943487198270437, 0.08675057583475854, 0.19312393338585548, 0.03686949254696961], [0.30884420066722335, 0.09160823090952701, 0.19299450199814874, 0.09969014945024068, 0.27052492359538016, 0.036337993379468955], [0.37126609795077237, 0.08583834098918533, 0.14630977917899513, 0.10156028288464164, 0.2519662365948746, 0.04305926240151339], [0.31547075249212175, 0.08938286731547156, 0.1446628777547754, 0.11306874023276305, 0.2718018578010323, 0.06561290440382074], [0.3465089154965867, 0.14174030778703006, 0.13706217604843776, 0.06489404353644482, 0.2699322127174625, 0.03986234441404101], [0.3821214321945671, 0.06510726157714626, 0.13587813562291626, 0.09057462226500058, 0.2741975505610603, 0.05212099777929151], [0.3541200667952907, 0.08774605612590236, 0.09402834596930008, 0.08832814088890703, 0.31846815081237234, 0.05730923940823456], [0.2983473979518814, 0.06987070442405748, 0.13097219271491276, 0.13309066452582824, 0.317716761814226, 0.05000227856909683], [0.4382879884414812, 0.06184713928226978, 0.12401906650985989, 0.1223851099550736, 0.21172100991325074, 0.041739685898078215]]], [[[0.27116389170672556, 0.16049312138884614, 0.18848528486753496, 0.10335777860072926, 0.14595593695113518, 0.13054398648502852], [0.34253509773528945, 0.10024397254497637, 0.19902174806916345, 0.1338750861903099, 0.21439645471753063, 0.009927640742738763], [0.4893188313850241, 0.2668307731741433, 0.04354236001025806, 0.177970674509245, 5.311974199508322e-09, 0.022337355609358716], [0.49562500017262884, 0.0688313485690042, 0.08173381560086825, 3.3953219744748148e-09, 0.20972116715135639, 0.14408866511084956], [0.500468333550168, 0.2585515483815843, 0.08931390069789236, 0.15166619975400916, 1.7614665865693574e-08, 1.6796031373077308e-12], [0.5209516301478282, 0.1046995606050772, 0.13707635846744193, 0.01930738896161543, 0.21796506171713384, 1.0091026417449539e-10], [0.33359848861068037, 0.14699120335695126, 0.046671235664127016, 0.09120625121819405, 0.3258733404219816, 0.05565948072806592], [0.46445818079092266, 0.12392346102428846, 0.07664859513230654, 0.1287729798800218, 0.15197516544744327, 0.05422161772501715], [0.24564846453504954, 0.11566003366348636, 3.869852379533439e-11, 0.18061566416238078, 0.32218444786967854, 0.13589138973070644], [0.28324983041885765, 0.15699567540016668, 0.141424788244674, 0.06189413270614619, 0.22755111488008462, 0.12888445835007165], [0.5604739516525308, 4.723230605001145e-10, 0.17480762277119244, 0.06413734725203313, 0.11382816618134482, 0.08675291167058269], [0.14735208177451428, 0.02352227098630453, 0.19763161027633372, 0.19523600217644319, 0.3868932485320301, 0.049364786254403874], [0.09764394905719571, 0.16857861862030718, 0.2811766482675314, 0.07164380769974392, 0.3348447727329751, 0.04611220362224933], [0.27237255959652995, 0.04688956504250873, 0.3198037521074853, 0.06201217782354624, 0.15717419909917843, 0.14174774633075687], [0.3284540189758586, 0.13101606123426002, 0.15184755770399272, 0.1627415093349866, 0.17880742638633745, 0.047133426364566966], [0.4862025705171818, 0.16850617317603098, 0.0784532103431125, 0.1487219872333872, 0.05585607015052357, 0.0622599885797671], [0.32462665877483055, 0.08463365438459128, 0.03739556901585709, 0.1336815165416855, 0.3486110295244096, 0.0710515717586374], [0.3577609839000088, 0.14120230661672672, 0.12508439739088334, 0.10581918457900114, 0.2267066871363844, 0.04342644037699173], [0.5961334348263089, 0.06048537324210203, 0.07561124208784677, 0.052265955108481955, 0.1325963494329322, 0.08290764530223652], [0.49124204341137445, 0.1385294836645668, 0.17286455827564265, 0.03571678260972403, 0.16164713163294833, 4.05801689598918e-10]], [[0.3482779864087367, 0.14111360877825344, 0.11634511692462404, 0.1225179097266058, 0.18157558741826213, 0.09016979074351479], [0.2997567270858019, 0.09441632276808241, 0.14669735518590493, 0.14159134372449475, 0.20412214831240458, 0.11341610292331114], [0.6431320396680481, 4.29178444803454e-08, 0.17974368687080347, 0.00498641647029496, 0.061323507603214006, 0.11081430646978901], [0.6560780936637634, 0.10577538291301398, 0.00756322119356814, 0.039175169889116866, 0.16822761045846668, 0.02318052188205324], [0.20103381781362262, 0.15760002435258308, 0.14600554459253753, 0.0992964779676059, 0.20890669977160237, 0.18715743550204858], [0.4499717828802468, 0.08088349584433423, 0.15615330071816136, 0.052952747700237376, 0.1637809625426118, 0.09625771031440636], [0.4409438726082351, 0.11981649222556172, 0.02565606040743857, 0.07311308233202578, 0.28212157480948113, 0.058348917617282704], [0.5141654117222173, 0.13004851745506726, 0.08662988742023127, 1.502259362401553e-09, 0.23752896436847007, 0.03162721753190043], [0.3877520300083511, 0.08395042391335267, 0.14343651573811816, 0.026463708781400117, 0.22931737223141818, 0.12907994932736394], [0.39599075334214834, 0.020170031770248564, 0.1140486288502942, 0.13914824795345157, 0.2909621500062512, 0.03968018807762817], [0.46646268785809564, 0.1213896247900275, 0.14216188217051048, 0.06172553514910886, 0.165637391818404, 0.042622878213851134], [0.2613156646428528, 0.04035623130214769, 0.11890825305588584, 0.14399676198070588, 0.4033929574898128, 0.03203013152858664], [0.39245299680999346, 0.16292567331572216, 0.20552641061060956, 0.0528907627590254, 0.095866615033812, 0.0903375414708394], [0.5265767536838997, 0.05245886468099967, 0.10536795501781782, 0.09287376885667721, 0.2069580495444377, 0.015764608216163184], [0.4595360886239049, 0.024944238656782327, 0.17117204054959254, 0.08098814164818151, 0.1654098860505744, 0.09794960447096597], [0.3059456901489762, 0.13164722402081597, 0.3910304641417274, 0.015896274566128535, 0.08621275341633362, 0.0692675937060258], [0.38281218099822895, 0.11677441044474621, 0.08957930116793783, 0.050377391635697086, 0.27927136349785736, 0.08118535225553213], [0.5016371817638576, 0.08333308553471289, 0.3156540507915166, 0.04716704729429576, 0.05220841936455577, 2.1525107643987812e-07], [0.2897831955990429, 0.027680758708352467, 0.14958448154748932, 0.06901603839908674, 0.40278200160993, 0.061153524136102734], [0.44544268149514843, 0.1128456124657909, 0.06928488262567294, 0.027837457172545505, 0.34057687129021785, 0.00401249495065929]], [[0.36882482721620385, 0.09123863795346923, 0.16556295245385685, 0.0555608826112844, 0.29757716593797967, 0.02123553382721486], [0.3269826606329267, 0.11463140236346869, 0.2024840248424875, 0.05451694016579415, 0.2730343533627719, 0.028350618632551037], [0.47679284082211687, 0.08790214226625001, 0.13315521327595775, 0.08757097008339423, 0.16828295282304748, 0.046295880729237335], [0.4751140848732016, 0.07005932269199927, 0.08839021736097546, 0.10050522973729453, 0.2058616162902936, 0.06006952904623787], [0.4495232659882084, 0.09177744821823339, 0.170602908944329, 0.06090542753510818, 0.1660846419248224, 0.061106307389328415], [0.38067261896212395, 0.09125633963719897, 0.11655721433912314, 0.14824694934521432, 0.20947734017142985, 0.053789537544911156], [0.43037070911976105, 0.021397658003032616, 0.10252231453368213, 0.16987817102040967, 0.22653145631035346, 0.04929969101276232], [0.4072077659376565, 0.10220158276472614, 0.17112430996022776, 0.11552345711359475, 0.13772681310356344, 0.0662160711202266], [0.24854236556373566, 0.13733555221872543, 0.11561315359972335, 0.06481975464091329, 0.38583858329455367, 0.04785059068234798], [0.3455102164986206, 0.12296409479991591, 0.1865619206089059, 0.09516389803854165, 0.1762505926617241, 0.07354927739229532], [0.38259042966986795, 3.6087077923438757e-09, 0.19765618575874697, 0.07765879600193451, 0.2777429643113329, 0.06435162064940865], [0.49774405640317115, 0.04106367227309377, 0.11738924332953027, 0.03865944314780729, 0.2826035903634095, 0.022539994482945927], [0.5415680831218332, 0.07999080422725212, 0.14641286701976816, 0.06107179255681318, 0.16907477628453074, 0.0018816767897941822], [0.3169232154361351, 0.03999048491128732, 0.15494350945057883, 0.24548185243485882, 0.14973370652934836, 0.09292723123778955], [0.4504443503949799, 0.08996457749076248, 0.06603595920037039, 0.09210945677888428, 0.2087579117328529, 0.09268774440215137], [0.44947463027085477, 0.132612479432473, 0.07854754595321164, 0.11000079581567974, 0.22338799533511336, 0.005976553192639782], [0.28957767815136953, 0.11164697108790711, 0.1124476534023426, 0.09315405430734029, 0.3850912997893776, 0.008082343261665301], [0.4382521939769906, 0.11641197529241698, 0.10716903132771434, 0.1190355283812996, 0.18017127709193434, 0.038959993929643014], [0.4062274511335026, 0.08373760707542065, 0.1328652966840352, 0.05148720984483179, 0.26479666631823556, 0.0608857689439812], [0.5375614624155506, 0.0704938063186951, 0.07672961626126419, 0.07079918395897153, 0.21963920081046387, 0.024776730235031456]], [[0.35337571326670303, 0.06372955870791673, 0.14131229122894443, 0.091259635867282, 0.27457590358197265, 0.0757468973471833], [0.3381781726644743, 0.1369329215019731, 0.13364736076375822, 0.08758916531959843, 0.2540800803083065, 0.04957229944188945], [0.43074519865090144, 0.1504748386101499, 0.10988570040929864, 0.09109902082973693, 0.1752968415597839, 0.04249839994012563], [0.34569357568475423, 0.12306056710663747, 0.11083036753346064, 0.06110081634537947, 0.29724139366004954, 0.062073279669727574], [0.4156175823647092, 0.059213352421534894, 0.07781543823640216, 0.09854838663402064, 0.2570653926004387, 0.09173984774288861], [0.423806639219371, 0.09185385296379941, 0.11414256873862749, 0.07804543592926837, 0.23122866968250266, 0.060922833466431875], [0.2871032691234839, 0.08895957389799224, 0.17493482321784348, 0.14862923237650924, 0.2909160003943924, 0.009457100989797419], [0.38867431393027996, 0.06494015238908334, 0.21541215253415733, 0.07469037988205962, 0.23410163785294558, 0.0221813634114828], [0.39330291123167427, 0.09130545274955547, 0.21537656022888793, 0.07130112819851453, 0.18313003541702585, 0.04558391217436554], [0.46354381123050387, 0.08641463584701035, 0.13410293499454923, 0.0336483041628818, 0.19118488666879993, 0.09110542709625526], [0.42294782069194814, 0.06874425808160667, 0.18861337760033836, 0.050823170664016794, 0.21565147041999616, 0.05321990254209414], [0.3486505631470279, 0.112925060567434, 0.14825687931830936, 0.11782481342363715, 0.20670680313796502, 0.06563588040563047], [0.3869332556513423, 0.054629755423316315, 0.1294031825289702, 0.09778335868247551, 0.2900075996696809, 0.04124284804421415], [0.4275627846592457, 0.09637117004550622, 0.09385195717302361, 0.08171027793135656, 0.26109382486365657, 0.03940998532721631], [0.4499262564071506, 0.02081585924482069, 0.18669491741018743, 0.057050250064535055, 0.2198462284387692, 0.06566648843450737], [0.30510490333339507, 0.08448884360436376, 0.229398541719329, 0.16685729142655636, 0.1781196633079026, 0.036030756608453604], [0.38749046521458835, 0.08222416169357052, 0.11125458999775477, 0.03436838903415685, 0.3387858624541287, 0.045876531605786836], [0.3604447844260654, 0.1198828457664276, 0.08604750125836899, 0.08437547099549805, 0.2975200656519805, 0.05172933190166298], [0.38622494790597434, 0.09352332692347833, 0.21027777872703723, 0.05057025107504777, 0.20467680279229622, 0.05472689257615677], [0.36412410281817653, 0.09002753861136333, 0.18605967429136205, 0.12651830049229293, 0.166364600011511, 0.06690578377529446]], [[0.3984895759017848, 0.06310335897916897, 0.17393663445780444, 0.07584175056177452, 0.2260716695471672, 0.06255701055229775], [0.3348530980134169, 0.09743375974476061, 0.13837798000274254, 0.07570727585781553, 0.3068493052813126, 0.04677858109995238], [0.40140406067256984, 0.09213311030449509, 0.08736391017042662, 0.09345776770844733, 0.2475007048886623, 0.07814044625539468], [0.39029042038957523, 0.09771099006611939, 0.1752449600498209, 0.08289077955790651, 0.20859470774857142, 0.04526814218799261], [0.3499222220749594, 0.10354776827917091, 0.13781109456991153, 0.08463509659686572, 0.28830766001874725, 0.03577615846036221], [0.367627022981692, 0.14649063350160305, 0.14285910302063148, 0.08013527962624832, 0.2214955527492414, 0.041392408120596684], [0.3319257994134563, 0.09526884750290349, 0.11825524796999057, 0.0939417232299058, 0.2885799132679866, 0.07202846861575679], [0.3398600947185027, 0.09984557155255223, 0.14073601125943652, 0.10651071413303362, 0.27824468501144806, 0.03480292332502536], [0.3629834675172338, 0.13071112673168844, 0.16319756017087364, 0.056721494364371246, 0.2571140298464027, 0.029272321369439074], [0.4794782704406697, 0.08189696244225214, 0.12387855717364808, 0.09019906492920178, 0.19638570599823654, 0.02816143901598412], [0.39035623964592936, 0.07639521066970693, 0.11199969460753045, 0.10462808759336056, 0.26903401109952113, 0.04758675638396455], [0.38906565324319037, 0.10010999120584071, 0.18854342643927285, 0.07443238815269647, 0.19381733036206725, 0.05403121059693826], [0.413508016342504, 0.060990879824418115, 0.16151759349909134, 0.10290583804896071, 0.21634579141072197, 0.04473188087429257], [0.3895326608650253, 0.09802284178393053, 0.12899878490369926, 0.07279634195390357, 0.24666836706934137, 0.06398100342408074], [0.3223983460455974, 0.08483771573039157, 0.16187066978097808, 0.08607792591744275, 0.27645641516955405, 0.06835892735602671], [0.4186358217349561, 0.09489085604980818, 0.12925582869209107, 0.06995312265623728, 0.24702179664846521, 0.040242574218403424], [0.32808039380483917, 0.09280088068523114, 0.16596518395254534, 0.0740122220162324, 0.29039503548968865, 0.04874628405147079], [0.3352343485100117, 0.08828543585546778, 0.17312970102358777, 0.10615961391865783, 0.2305114122778326, 0.06667948841444453], [0.36048526061711217, 0.12915046862639487, 0.10873130579228055, 0.056971484682566284, 0.28677740060684953, 0.0578840796748095], [0.47663972723622744, 0.040264156525924605, 0.17503334899780562, 0.08024698889193724, 0.18205502855117064, 0.045760749796979104]]]]], "bagging_alg4_list": [[[[[0.3412439917624413, 0.07510286555702339, 0.20159902773623367, 0.1727155228194686, 0.1180294619927936, 0.09130913013204277], [0.20820203260449618, 0.122681754045567, 0.12299152752677188, 0.19613172069467963, 0.12762509255286958, 0.22236787257561544], [0.4609537561806296, 0.1742492477534501, 1.7384248616015635e-08, 0.14905181518387786, 0.13950544114820793, 0.076239722349579], [0.4170158436218594, 0.10475559785894564, 0.13041861236182567, 0.03047705832199067, 0.2502485554368757, 0.06708433239849938], [0.5756159911733203, 0.1894239408819682, 0.1570112306935047, 0.06602351249495012, 0.011925324751016245, 5.249467038202746e-12], [0.26778479432384816, 0.34535632364604596, 1.0252475506357898e-08, 0.055915224252344735, 0.28821048766678237, 0.042733159858501076], [0.4988770887724329, 0.19700645815902387, 0.05750704335167413, 0.1027749761089563, 0.14383443357376827, 3.414223675064843e-11], [0.4508884415758444, 0.10317255805863247, 0.09156909170403618, 0.2526135267951972, 0.10175637667451644, 5.191793418642209e-09], [0.5025652933449999, 0.1852075275006283, 0.04271697206041966, 0.09084140299801882, 0.17866772725351707, 1.0768423970711338e-06], [0.8497036365682721, 0.10512041610678809, 0.019373969837319694, 0.025801977483109844, 1.8158540008206864e-12, 1.3469281129944267e-12], [0.42463292677238007, 2.507993898674129e-10, 0.22917086544756382, 0.06297981268153205, 0.10511178538896745, 0.17810460945875134], [0.30421771758789434, 0.0071771812411324624, 0.17978167313224683, 0.2416242562711409, 0.2671991717650606, 2.5281845102033444e-12], [0.13127951260561932, 0.1448107186834957, 0.2151607599447791, 0.029056218445674176, 0.38687165636540555, 0.09282113395502753], [0.33852027411415825, 0.04854563514569016, 0.168306829