{"SAA_list": [[[0.053708230273289644, 0.14485195994167313, 0.079023556430775, 0.0855428915800016, 0.3177944515296191, 0.3190789102446426], [0.08903878915185441, 0.09313534506589087, 0.088920538543075, 0.13265836960560876, 0.4999909720032264, 0.0962559856303422], [0.05953737526941616, 0.17559612643345637, 0.026934833689742945, 0.18779783473363323, 0.4003469428211999, 0.14978688705256193], [0.08466874269923955, 0.08265221902508169, 0.05415124435724166, 0.11484952429352067, 0.251837363643917, 0.41184090598099987], [0.08096205932388646, 0.3129510187766374, 0.019517473452864677, 0.19220924609956766, 0.36120479210554146, 0.033155410241499865], [0.12885386676212934, 0.14293884692437797, 0.055900495375621265, 0.07412846976068217, 0.4586252014487857, 0.13955311972840354], [0.11105022292000327, 0.18061257940333958, 0.020736180353628196, 0.109475742049521, 0.3882668756957881, 0.18985839957771952], [0.05907302587768587, 0.14946428510414642, 0.0483199719257616, 0.16908225403181615, 0.40034286023199445, 0.17371760282859583], [0.08613434357669215, 0.2296337801679898, 0.002924152030539586, 0.18211430857853497, 0.4877364867558729, 0.011456928890226281], [0.06291444686053599, 0.2197980483714659, 0.030073481363163363, 0.06678476294407941, 0.2337334964944821, 0.3866957639662912], [0.14556783590511288, 0.05184938072139424, 0.057279334142330045, 0.07961967108802076, 0.34597573867988823, 0.31970803946325266], [0.017281742283576644, 0.0212481848206505, 0.11128386760629022, 0.25479789450094226, 0.4746048692814969, 0.1207834415070348], [0.015114574152577992, 0.15641955226898882, 0.11692240367316317, 0.107814261683004, 0.43211083982618914, 0.17161836839612973], [0.06978979050694664, 0.11794628275798888, 0.05479275480993858, 0.10947696321573717, 0.26171691335465486, 0.38627729535473365], [0.07803404685940539, 0.10848459509538348, 0.05973258783814757, 0.13608134572559208, 0.3597299374288403, 0.25793748705263353], [0.06268309234620303, 0.1786675520288188, 0.024369889467283915, 0.13202350854596526, 0.2684104482766366, 0.33384550934949014], [0.038339223335882806, 0.11869936852287662, 0.03859983205587843, 0.1658479636664433, 0.20195425611546045, 0.43655935630354503], [0.0816781469222008, 0.16842373563144658, 0.06460101548953995, 0.0880182458033657, 0.41047784556111355, 0.18680101059233792], [0.17169847483523903, 0.10927470490501817, 0.008274942838802951, 0.07100225576051442, 0.31206152459361425, 0.32768809706719787], [0.029055790143148852, 0.23007887602510832, 0.08699162483161277, 0.04213112155854121, 0.34216045574635057, 0.26958213169520395]], [[0.06851936663798393, 0.14323419392730977, 0.07478206920596979, 0.12453899459792807, 0.4429650957578829, 0.14596027987293939], [0.12125139390615287, 0.05799659498560157, 0.0717024260061894, 0.13712567958307353, 0.4741143155361581, 0.1378095899828265], [0.11770373318099744, 0.035330453426562033, 0.09714953304044054, 0.050609471954060896, 0.3273862736206968, 0.3718205347772408], [0.16004452605936642, 0.16583308623629256, 0.01154959494554992, 0.08141782684304744, 0.43003587373613505, 0.15111909217992192], [0.05370649654122821, 0.08886214697622176, 0.07646402963971641, 0.0990227899721303, 0.21766408958507374, 0.46428044728562845], [0.11843111731977007, 0.07811643627408785, 0.05621062678062541, 0.09405945486674629, 0.3294723597822182, 0.32371000497658187], [0.1126404872614177, 0.13603512164799547, 0.04033252969202905, 0.11621833352590703, 0.40870562174467856, 0.1860679061279726], [0.11229224452764788, 0.2134498686095864, 0.04572054634660812, 0.028952727415299744, 0.39070569345924816, 0.2088789196416381], [0.07921319752985774, 0.12027738587456424, 0.05556348217703964, 0.07137722423951162, 0.21486336443791, 0.45870534574111876], [0.1019039798890858, 0.10007150592280582, 0.04645304039785972, 0.14159802508489613, 0.3811271312004134, 0.22884631750493672], [0.141944315460402, 0.11465096607798216, 0.05919915753209424, 0.09474040811865994, 0.5123347166936072, 0.0771304361172481], [0.06743383440715464, 0.07018023894103305, 0.10985586240898385, 0.10754456352754602, 0.4097261479008996, 0.2352593528143678], [0.047606326937392446, 0.11801820624706837, 0.0475915261957576, 0.1725848735331336, 0.2945966063886954, 0.31960246069795173], [0.14723091519517598, 0.06950883530378867, 0.04727291326285388, 0.11399102613182012, 0.4242777450939576, 0.19771856501240118], [0.01287871600099306, 0.09919469117118505, 0.11213495595919504, 0.16462715480974696, 0.4137839328957196, 0.19738054916313483], [0.12995467208569617, 0.07210384336198093, 0.058527799209701664, 0.017627447336464055, 0.18845274547176835, 0.5333334925345565], [0.10258272658158858, 0.11320125611270775, 0.047524899309235334, 0.11840988849073034, 0.36156815987643764, 0.25671306962929835], [0.08962226500741732, 0.19140110151562495, 0.0448532669404088, 0.0805278552401514, 0.3771188305009044, 0.21647668079549334], [0.11150644102560311, 0.12683777141202157, 0.09686591374266094, 0.12359296905156945, 0.09134122777189133, 0.4498556769962512], [0.08074965104221363, 0.1713014804823944, 0.06285208697760411, 0.08417668836421774, 0.3955890631816018, 0.20533102995196795]], [[0.093961036211809, 0.10290754746391734, 0.08665462018043839, 0.08582452498722161, 0.4167143573580396, 0.21393791379860225], [0.09595519098138497, 0.13669225330012597, 0.06819697114855171, 0.09940914954035666, 0.44066318382630315, 0.15908325120327546], [0.08722016667476107, 0.1780474116449377, 0.028472571406361464, 0.11609793934882551, 0.3459143733346618, 0.24424753759045204], [0.09345205448413904, 0.10473302912292726, 0.1021501926548143, 0.04426610795765431, 0.3936805472316981, 0.26171806854874696], [0.106346772881035, 0.054341262730735466, 0.07274870646703145, 0.12661366300986485, 0.390032228728754, 0.24991736618258253], [0.12348240335729158, 0.11416652814597186, 0.0910966647048235, 0.03289473371552079, 0.4468674517578456, 0.19149221831853347], [0.059637311329344876, 0.13576879084704346, 0.06601295333773152, 0.12729808871041912, 0.35806130785019147, 0.25322154792527357], [0.07152516592430641, 0.14144285571968981, 0.04446873469169641, 0.15311997315000275, 0.3734411765660885, 0.21600209394821407], [0.027120003794672196, 0.16190277324478805, 0.09758894709695881, 0.09677612533858518, 0.37004253001946785, 0.24656962050554285], [0.09558024191156113, 0.11254988417553338, 0.08173056909981395, 0.08389891158593481, 0.4152869801463121, 0.21095341308084678], [0.12272751691116927, 0.028611239965008844, 0.10031655832147743, 0.0672126419216361, 0.38675428402334594, 0.29437775885736184], [0.07861801443181371, 0.11652521275236098, 0.0744171154858029, 0.09621929457891557, 0.35430672841190597, 0.27991363433920113], [0.08801349362455345, 0.14387519490484574, 0.06160121171298177, 0.09035887414127468, 0.37291215346813417, 0.2432390721482106], [0.056655860264037516, 0.14636858556690327, 0.07582748273356354, 0.08872783063927031, 0.32444022070702716, 0.30798002008919856], [0.05921991685896242, 0.13812612948930386, 0.060426366410111405, 0.1431480046317117, 0.3726403781892554, 0.22643920442065543], [0.03779604529166061, 0.08535600343956377, 0.08670530893846634, 0.17414730271978615, 0.3788193547929976, 0.2371759848175824], [0.009767551947911218, 0.19192450958233626, 0.07237445298231204, 0.17996486709743173, 0.4469856947203173, 0.09898292366966521], [0.0835432599502066, 0.08896089582730517, 0.07285551989109187, 0.10726479192182957, 0.33265698327405685, 0.3147185491354658], [0.09069004197138618, 0.14056341361756663, 0.06096341191848933, 0.10511831808917937, 0.4081029118291398, 0.19456190257423994], [0.03524440593327347, 0.19576528918090447, 0.06335705768300694, 0.11544195650158733, 0.3537801590448472, 0.2364111316563767]], [[0.10686745226761318, 0.12950382317192474, 0.03410025974967183, 0.12548868375961258, 0.3652340421180319, 0.23880573893314522], [0.04833795359430935, 0.15417935442454403, 0.07139308859647532, 0.12355524059772723, 0.3718259994699843, 0.23070836331695949], [0.04982321192160041, 0.15025357081230398, 0.05907186905050585, 0.1304183064840713, 0.32634262351504284, 0.2840904182164781], [0.07288508221112955, 0.055569331786498866, 0.09416570104893521, 0.12271049503278468, 0.3599594167420482, 0.2947099731786038], [0.10535220377709402, 0.12720700477477803, 0.049849480349341606, 0.09464169414922559, 0.35638125399329484, 0.26656836295626474], [0.1333070927878136, 0.13822448682636734, 0.00835514976790881, 0.1203716031722349, 0.3478919531792605, 0.25184971426658154], [0.061991044148981204, 0.15590219144327794, 0.0388329154261616, 0.14607072302946816, 0.3246785992593937, 0.2725245266927123], [0.07687926800773373, 0.1076223799109417, 0.07624927495192936, 0.11588611352370468, 0.3844427624211088, 0.23892020118458865], [0.06470917016420126, 0.15588456223335004, 0.05656140124470823, 0.11576931412775533, 0.34744959123004726, 0.259625960999923], [0.044597988609094946, 0.15793566576945903, 0.05623908360257233, 0.1309358582166686, 0.3107934627439501, 0.2994979410582539], [0.08026383541981802, 0.16351582593476854, 0.03169802974663146, 0.12770232622693858, 0.33174034461432395, 0.26507963805752693], [0.05178933163490978, 0.1227538937236128, 0.07092869781478946, 0.14712578675903548, 0.37153314602156795, 0.23586914404606918], [0.06830627683084259, 0.13360227511869996, 0.06889814563201838, 0.11291069291678202, 0.3655180565220814, 0.25076455297957334], [0.06765351603117595, 0.11146415590547276, 0.06537155239295973, 0.13983979142853847, 0.3630300765199802, 0.2526409077218736], [0.07780336807674336, 0.09798072649616012, 0.07732222390824375, 0.10612826735883207, 0.34907379110268866, 0.291691623057333], [0.0428190196129024, 0.1469473785895145, 0.05711568549634323, 0.14762065723958598, 0.32460000114023885, 0.28089725792141357], [0.08761740658347701, 0.13963916441230323, 0.05965109616583507, 0.09254934150730307, 0.3582231991423793, 0.2623197921887021], [0.04489051106022245, 0.18838565562169263, 0.026302136956140018, 0.16765965738720362, 0.3214506663590957, 0.25131137261570513], [0.06107676044264767, 0.09585311454939142, 0.0791816173181216, 0.13618894775927018, 0.36225268075191736, 0.2654468791786544], [0.0798988058183097, 0.1423207524357513, 0.04582202015960909, 0.1270647408504587, 0.35109048084512723, 0.2538031998907449]], [[0.07277965688953647, 0.12294485708541335, 0.06332980802952672, 0.12254062308258312, 0.3558340494740893, 0.2625710054388514], [0.07265514593135979, 0.13203424268309036, 0.05981810504550534, 0.11936693210366528, 0.35044044247122585, 0.2656851317651535], [0.09389759491728585, 0.09963525842581089, 0.05904253517381396, 0.12301100552060998, 0.3659650369998007, 0.2584485689626656], [0.05652228820845723, 0.0946915278821578, 0.0747191103583142, 0.14613967023542093, 0.3449946057734403, 0.28293279754225764], [0.09205815115099424, 0.16488766713577868, 0.03316360251801875, 0.10438670216119833, 0.33041780946311905, 0.2750860675708897], [0.08569713836041323, 0.11136377794254447, 0.035471807726826246, 0.15589457925500919, 0.32582430950368485, 0.28574838721152185], [0.06157597750765416, 0.14612143558702642, 0.05764725759483276, 0.134501164086793, 0.36467710625300703, 0.2354770589706907], [0.043141421811809445, 0.15268194256154483, 0.06932299290388833, 0.12381914455163352, 0.3397497768610104, 0.2712847213101113], [0.07307642104005771, 0.14771041118917072, 0.056609256626131275, 0.11819762187847876, 0.3674686890292429, 0.2369376002369189], [0.06955660734861285, 0.1332575385513397, 0.07777405675030706, 0.09539851351607576, 0.37018672756719856, 0.25382655626646283], [0.08902020113302332, 0.08886468986914364, 0.059540347794724856, 0.1272884367655114, 0.33710439374194706, 0.29818193069561544], [0.06750013923265498, 0.14464815465829373, 0.06311114047088347, 0.1087778575317112, 0.348554579100305, 0.2674081290061518], [0.09907632773591281, 0.12398999648088273, 0.04643029716931762, 0.1177677818469227, 0.3647156345414112, 0.24801996222555275], [0.07203108996603343, 0.1278840750499617, 0.06892800001502543, 0.12294652585292276, 0.39140978526749354, 0.2168005238485631], [0.0479512267448873, 0.16385749504739405, 0.051588416433487716, 0.13150079065949066, 0.31518078572226527, 0.28992128539247647], [0.08399898029755914, 0.1402014223933777, 0.0502153199334816, 0.12040886701063551, 0.36714315886556326, 0.23803225149937304], [0.10299238726799427, 0.06486902944828783, 0.07681478622732775, 0.10217678897718842, 0.3610704991650849, 0.2920765089141174], [0.08450809460667044, 0.12403876478520555, 0.057163138139142276, 0.11268401372608301, 0.34924494445146625, 0.27236104429143254], [0.07886043137032034, 0.09929133330081082, 0.06415675263492786, 0.13357470709142544, 0.3583447432942937, 0.26577203230825], [0.07925821663161547, 0.10107492843332744, 0.06266940707186384, 0.12712760428381087, 0.34113298647619866, 0.2887368571032231]]], "bagging_alg3_list": [[[[[0.03242401295979098, 0.15089045513717872, 0.08555579408779142, 0.10113837824465216, 0.3191512642901216, 0.31084009528046286], [0.11033951944900422, 0.12154519764669255, 0.08197996459811645, 0.09826944719121004, 0.5257034245648807, 0.06216244655007938], [0.11732072878951202, 0.21140380676131793, 0.02124898141178923, 0.12722957534657697, 0.5227963980242729, 5.096664051483943e-07], [0.127110813493012, 0.05264267341219252, 0.04805550258608334, 0.10658056962293827, 0.2983687302925001, 0.367241710593307], [0.007645845957311524, 0.3410932989894245, 2.0572471412027491e-10, 0.13634424091843442, 0.30773328050400994, 0.20718333342517065], [0.11330030997503182, 0.06720318466985074, 0.09621688156831687, 0.05478844503711164, 0.3846645292600049, 0.2838266494896849], [0.1058643086539168, 0.18464384204425038, 0.034400048365229745, 0.0860209093836984, 0.3868265173869993, 0.20224437416590152], [0.07762305215837932, 0.1016195639407926, 0.03646137713643381, 0.19712150903909903, 0.3777734086061578, 0.2094010891191357], [0.07566792068007311, 0.19523232183644976, 0.007493244124781554, 0.1444135855239984, 0.30635564369277934, 0.2708372841398191], [0.0997337532229, 0.18625261328151974, 0.05166298856165193, 0.039567469274199345, 0.33892837291322686, 0.2838548027465135], [0.13747377551354856, 2.263173020100646e-09, 0.06489143407784807, 0.10461689109193095, 0.30051999137097907, 0.3924979056825203], [0.08715673336535422, 0.023525368112311946, 0.08146718625649592, 0.20860662581610906, 0.48938408104102443, 0.10986000540865212], [5.45280816347777e-10, 0.1495175769436745, 0.11330521287718083, 0.11740141386988705, 0.3659503250443954, 0.25382547071965395], [0.05030492787508296, 0.08945399339278409, 0.10485714439939633, 0.08743800294671443, 0.3145340753997848, 0.3534118559862291], [0.05587970295650767, 0.14275778251220866, 0.0659734813391022, 0.09978420701489805, 0.29296055726974746, 0.34264426890753263], [0.10493665434580587, 0.1739205496111293, 0.03038540831209437, 0.07752038054960231, 0.3207815094550023, 0.2924554977263632], [0.06861536843161592, 0.10032496802696395, 0.12147669869770195, 0.0886903799358599, 0.4894684988413002, 0.1314240860665545], [0.07031182063502486, 0.16022695539388687, 0.04966604974458682, 0.08756152468471194, 0.27740960631671785, 0.35482404322507327], [0.21625428950588532, 0.0744676448526165, 0.013407612372250069, 0.06305781443698992, 0.41086267751320266, 0.22194996131905897], [0.1250194190115112, 0.24516712802257845, 0.021465179066226966, 0.014675133333158704, 0.3562801190056234, 0.2373930215608605]], [[0.0698623990445518, 0.26513031473435994, 0.028876447755510255, 0.05147577582445382, 0.31479623024939024, 0.2698588323917403], [0.0869135678714685, 0.11232745395538057, 0.033741338791302915, 0.16550023673562403, 0.34713117496967977, 0.25438622767654445], [0.07080952140320512, 0.11672875858828571, 4.512057347537124e-12, 0.21008154949155503, 0.24071001633328407, 0.3616701541791719], [0.10841137405347492, 0.23542156865202127, 8.568683685822005e-08, 0.12115440787493788, 0.4243745795430935, 0.11063798418532964], [0.033773784554988154, 0.16557419828313336, 0.01901138022701451, 0.1684631730111037, 0.1976344840140229, 0.4155429799097801], [0.10276422321949444, 0.18713617484020398, 0.012197542512417213, 0.11100091308663207, 0.33376282345536346, 0.25313832288586896], [0.1646202710128448, 0.0616365704080217, 0.029205897395498354, 0.1535681828582906, 0.4808663254674201, 0.11010275285792032], [0.11260379950104132, 0.12667545372079506, 0.06704703790475669, 0.10362863681605497, 0.48646218028377747, 0.10358289177358543], [0.1134455432545259, 0.1278041239576723, 0.07720282864010419, 0.036782972138458395, 0.38100188813330155, 0.26376264387641096], [0.07025883686839084, 0.049170957248631436, 0.12623188028653892, 0.09419271823493107, 0.42190355567882043, 0.2382420516826845], [0.11512393724731049, 0.11505166785163369, 0.05879696889814693, 0.09860453059087586, 0.41947814569776964, 0.19294474971427197], [0.06341887473195806, 0.06669762070677916, 0.07517291926320664, 0.17230503130028887, 0.3756387647484987, 0.24676678924927542], [0.016489310402716853, 0.11828252435247864, 0.10156410314761405, 0.14167340489689648, 0.36279834070546824, 0.25919231649454444], [0.1206510491385536, 0.07831315843262424, 0.04602522228183659, 0.13737661211408106, 0.39294267357247303, 0.22469128446044045], [0.12476686685383559, 0.08922039352269, 0.08129242550519918, 0.05117489586405438, 0.3948972804535518, 0.2586481378006682], [0.03090824928573609, 0.14560468132945914, 0.1295585481817522, 0.03108811891661998, 0.34563553227762595, 0.31720487000880504], [0.055776990567393304, 0.1468657206251898, 0.058390314342284616, 0.1209597575192912, 0.31563464516829426, 0.30237257177754717], [0.13975393415768367, 0.18415188039299402, 0.02998355624524359, 0.07043895346141556, 0.4550169758244085, 0.12065469991835365], [0.13020247730599144, 0.02410439537157239, 0.044152291797931995, 0.20520464477068343, 0.46577268081186673, 0.13056350994199367], [0.07125319719624339, 0.13583131192979395, 0.10406920204533218, 0.10188949556378543, 0.5236462034930636, 0.0633105897717955]], [[0.12474217581658632, 0.07835813514071499, 0.08768265047043351, 0.049501739495754905, 0.3981428542556261, 0.26157244482079306], [0.059432576704163784, 0.08925947351959936, 0.09175363070985001, 0.14615896535166809, 0.42600456775201095, 0.187390785959434], [0.15387131568265838, 0.08128665453613867, 0.03952742837583847, 0.10541533169762303, 0.4169280729999732, 0.20297119670777056], [0.14346758625986655, 0.0999669446212733, 0.043841522254644216, 0.07966091538867405, 0.3769372613868985, 0.2561257700886658], [0.05230828535748614, 0.1663121109127902, 0.08789859036250357, 0.08155892064003509, 0.39156161766529035, 0.22036047506189607], [0.10172949332047279, 0.07015419217766829, 0.06279451659296405, 0.15198261973741212, 0.4194576061383307, 0.1938815720327849], [0.11895561769801621, 0.08707345251437423, 0.0508704839007657, 0.0910555154334878, 0.3178808163053572, 0.3341641141480019], [0.09761509994863511, 0.12578995827711598, 0.07581889231518853, 0.08310447744672887, 0.42110934320295046, 0.19656222880937801], [0.1477975122484418, 0.08467425416965219, 0.05009557126230838, 0.05933749610807104, 0.3418658629486536, 0.31622930326287124], [0.08758101469917194, 0.06838697188614072, 0.09114207239995356, 0.10125852439150777, 0.3770461782670809, 0.2745852383561402], [0.09571074440130654, 0.13701278491691277, 0.05894447510204955, 0.09988865633502331, 0.39722603019762887, 0.21121730904707847], [0.10002894382285357, 0.09886573596113055, 0.07273886718319181, 0.09620236845249627, 0.3889988374441091, 0.24316524713623225], [0.06293555215588384, 0.08342208318333533, 0.04418376099703887, 0.20515738338852693, 0.33964576348615116, 0.26465545678906394], [0.02989888363025418, 0.19775779574532593, 0.032871185312465766, 0.17540691688097115, 0.33508066673076153, 0.22898455170022156], [0.11958045627642065, 0.10064997552218732, 0.04077914129887554, 0.08876321205408753, 0.295500029085406, 0.35472718576226336], [0.06490726859698946, 0.1139009620366178, 0.06593305369213774, 0.14541398537680572, 0.373922819677533, 0.23592191061991458], [0.046539059419470334, 0.10587881140623473, 0.09965127014061038, 0.14696154508159062, 0.45285227003333806, 0.1481170439187729], [0.15818415800662378, 0.12503400088872083, 0.049043445513344476, 0.046362799215615265, 0.43149010735596977, 0.18988548901981572], [0.11086785934119835, 0.2201073329073539, 0.01661161638901657, 0.0715990840024152, 0.3619957290638509, 0.2188183782961729], [0.06556666421112185, 0.11524089771377478, 0.10017002866436468, 0.09917756145009465, 0.432902649170573, 0.18694219879007126]], [[0.11491661540850674, 0.10653025726024108, 0.05399096092402648, 0.1124339778862299, 0.41043328671033863, 0.20169490181068167], [0.11211856250768239, 0.13664702480420626, 0.034845529838094344, 0.09486435159536838, 0.33072511110004565, 0.29079942015460325], [0.08315790196406758, 0.12326357151931353, 0.05016052716907063, 0.1308133099609305, 0.3522523461231189, 0.2603523432635036], [0.10645080356992266, 0.07387667148956527, 0.06697904695822535, 0.12876750950768484, 0.40980759999474836, 0.21411836847985197], [0.06922652811977219, 0.09277408282172121, 0.040155443059378286, 0.19320289543699873, 0.33552149383096586, 0.26911955673116106], [0.09205606527515821, 0.11479400932198754, 0.05290178644034603, 0.13206929195084177, 0.38374655719087064, 0.22443228982080088], [0.08433266981792086, 0.16840738409046338, 0.07142443711608763, 0.07642017869320987, 0.425433470272653, 0.1739818600096647], [0.06447988924464988, 0.07718335068341707, 0.10943476540344949, 0.09992094266200266, 0.39338212488622365, 0.2555989271202748], [0.08415149415819799, 0.09249919507296091, 0.03356688813642817, 0.16557863697189162, 0.2935584358107311, 0.330645349849783], [0.09614917054619478, 0.12547032174214845, 0.04906636400144239, 0.10795267047561286, 0.3460463987884903, 0.2753150744461064], [0.05278901524317049, 0.13520673218571555, 0.07785405487395375, 0.10220326155485196, 0.32785355989666826, 0.3040933762456442], [0.059257725289250614, 0.17317496497350335, 0.04812516494927581, 0.12282833099116394, 0.3404249919142762, 0.2561888218825089], [0.08697322501218566, 0.07990595941341427, 0.07358173510286155, 0.13032326701312935, 0.3847387238162867, 0.2444770896421162], [0.11031424576670627, 0.13603798700803077, 0.03116842531305461, 0.15433829117878425, 0.44678351577298486, 0.12135753497887017], [0.06777242236719375, 0.05432182270856003, 0.08706734852980184, 0.12935817745567854, 0.3198875842464404, 0.341592644692326], [0.07895517615327927, 0.05648281269834487, 0.09598762006745273, 0.1228718530969336, 0.3938997840848091, 0.2518027538991618], [0.07768579656846096, 0.11487732724406449, 0.08250771963469547, 0.08437392079174705, 0.3577369996947379, 0.28281823606630585], [0.11856474479161604, 0.08477029186166034, 0.049137054584421906, 0.13351215848201636, 0.4046128075791439, 0.20940294270114085], [0.05306612563959246, 0.125814310272475, 0.09567510159752989, 0.11651086950630656, 0.4283654071761693, 0.18056818580792708], [0.05767489339792093, 0.09804224317899508, 0.07610683170277527, 0.12591660905777255, 0.3148492353222223, 0.327410187340314]], [[0.08017620725921085, 0.11153480070057548, 0.06284639599199927, 0.12338523953872564, 0.358926924975447, 0.2631304315340387], [0.07545418082757091, 0.1817882682239365, 0.06402927997963168, 0.0761603825326661, 0.38461863260087037, 0.21794925583532426], [0.08315208455872002, 0.11855993779666031, 0.054672944632505625, 0.12498785495366169, 0.3498528500227845, 0.26877432803566625], [0.07199970911681486, 0.14134188516357243, 0.04833508517923118, 0.12713553224699428, 0.33145358569385613, 0.27973420259952153], [0.07640353651187606, 0.10142204994627628, 0.06153558130389677, 0.12759298046140252, 0.3268022537050767, 0.30624359807147167], [0.06036637680546187, 0.13219395296647835, 0.06260906339391359, 0.12925793479271633, 0.34150883741579274, 0.2740638346256318], [0.09441785870105221, 0.11750078139080188, 0.04730672024961847, 0.123167984982695, 0.3503583258588742, 0.26724832881695887], [0.07651948068282119, 0.10314263057206481, 0.06965169952748032, 0.13541731762357523, 0.38852782880310716, 0.22674104279095592], [0.08589527630739886, 0.10223422381410796, 0.06808862313429122, 0.12139697318607329, 0.3809002484411254, 0.24148465511700754], [0.08268315127909412, 0.10758311092099668, 0.06663134490405663, 0.12282986357812392, 0.3767106113006385, 0.24356191801708676], [0.04272476793151367, 0.13932821715141416, 0.07817526972985811, 0.1301052909993121, 0.3669965432094483, 0.24266991097846044], [0.07611030253522186, 0.13298995602958036, 0.0792702465375546, 0.07997278902134142, 0.3646089925694298, 0.26704771330619675], [0.09030047151643024, 0.1226313102844552, 0.07708467204221287, 0.09735495500248, 0.4269039048696573, 0.18572468628476427], [0.1026911678453576, 0.12215508232280158, 0.04699588888477535, 0.13133308228724705, 0.4095223044443437, 0.18730247421544255], [0.07429493938312443, 0.15214785856663154, 0.06900997900475483, 0.09165684988580258, 0.3775937134769694, 0.23529665968271096], [0.08359888675436862, 0.1595633371794236, 0.059222961962257833, 0.08306657894032948, 0.3611014088520868, 0.25344682631153015], [0.07199370888828492, 0.16391014581676744, 0.05996193253730998, 0.10719420787721996, 0.3879068418427858, 0.20903316303763972], [0.05970684630365184, 0.10902195304367007, 0.08777623957442225, 0.12086177089537883, 0.38990370470225405, 0.2327294854806245], [0.08431319647662969, 0.09767536129678872, 0.053913396448681934, 0.16384599171585612, 0.3986532193418053, 0.20159883472023962], [0.10283300592166923, 0.09926566590407286, 0.06906502059486729, 0.1013233482743423, 0.39504534997443735, 0.23246760933061153]]], [[[0.05034465845362649, 0.13024349915621222, 0.09224116710805268, 0.07809151335433505, 0.319347253946555, 0.32973190798195473], [0.08412974306886706, 0.08746048430986461, 0.07269301187585023, 0.16720549031496987, 0.4741003177616307, 0.11441095266881485], [0.029637322618857695, 0.21957363314933503, 0.0416091627365372, 0.1830923458184861, 0.44112598205845216, 0.08496155361833159], [0.15172231731671573, 0.06642188902461131, 0.04190078545878434, 0.08099391895729972, 0.3299773824724226, 0.32898370677014127], [0.07083228722171947, 0.27997238362406573, 4.680525780040094e-12, 0.19958308634277858, 0.26623018572031254, 0.183382057086454], [0.12135886296931185, 0.09564712492897923, 0.0643825771841134, 0.07050384305262151, 0.36097643248293704, 0.28713115938206235], [0.10586494036299886, 0.18000930369513635, 0.017078167822401503, 0.127591331722785, 0.39319648051047756, 0.17625977588620048], [0.14159011550095998, 0.12386201360666628, 0.023899017721842858, 0.12062913962704361, 0.42341259377499263, 0.16660711976849454], [0.07444233982196713, 0.19390491781520314, 0.005144864722167205, 0.1344020147064124, 0.2637134094573636, 0.32839245347682977], [0.06803605519683126, 0.2033350873341417, 0.04007555795225356, 0.06857494135588256, 0.26994110840753244, 0.3500372497533564], [0.09153607679421816, 0.08619504261160763, 0.0621608542947276, 0.06342077961147444, 0.2008021850164463, 0.4958850616715715], [0.07311402388045979, 0.029655116877182797, 0.08326911979465104, 0.22643283684339552, 0.500869260977424, 0.08665964162688486], [7.880600307188014e-07, 0.16325328184097498, 0.1188752934355787, 0.10831361594519748, 0.4003916725579497, 0.2091653481601482], [0.04959144214290178, 0.1053284979395, 0.10914467605212322, 0.07009498117711203, 0.3249966280888899, 0.3408437745994823], [0.057127249801524296, 0.08149009026214057, 0.07896325037437511, 0.11814919329697805, 0.27242254283725065, 0.3918476734277142], [0.06266851168169794, 0.176301188814582, 0.01751730347632549, 0.13452439305854597, 0.24121290451487198, 0.3677756984547303], [0.11547758396786843, 0.12124168841585438, 0.020863393904531943, 0.15029513334800107, 0.3757757077973562, 0.21634649256638858], [0.0883182278099235, 0.1775565490093132, 0.06895829957668405, 0.08009750386698393, 0.4570316526648778, 0.12803776707222825], [0.18533553708620862, 0.09872704087960087, 7.190054944944977e-10, 0.07176746786744137, 0.30297270693615724, 0.34119724651158784], [0.1134247777691052, 0.24814097342095992, 0.02840272979801724, 0.02227062735230385, 0.3703881926003639, 0.2173726990592404]], [[0.107729940850535, 0.12627315079407764, 0.03887193275907904, 0.10882392706442943, 0.34460547738942804, 0.27369557114243387], [0.06699963314721591, 0.11732168053671375, 0.031876505959230306, 0.1793424127305371, 0.30697101180243525, 0.29748875582389656], [0.09235852659285837, 0.00756444104906536, 0.04529835941011124, 0.22716335891342598, 0.3457256954638052, 0.28188961857069145], [0.1445102771911239, 0.15299120409080202, 8.949276026469408e-10, 0.14674841271155312, 0.4447360875830727, 0.11101401752852072], [0.05940457052605942, 0.10234745136825818, 0.08216201571701118, 0.06468455464667254, 0.21330397591957456, 0.4780974318224247], [0.14601283350064964, 0.14875671690640116, 0.024600834837242833, 0.04345066396867739, 0.31239894735293033, 0.32478000343410546], [0.18356734095762925, 0.13170370346201205, 0.009087777200287571, 0.08290288450805225, 0.4371972915894092, 0.1555410022824015], [0.08799370508363996, 0.16774403480695826, 0.03316274017011904, 0.12595667967190727, 0.37277217320623107, 0.21237066706114427], [0.09948088271728571, 0.11931081346685486, 0.06761669573525543, 0.05173013806010114, 0.29995741844948665, 0.36190405157101574], [0.10370305379116875, 0.06789291322721021, 0.08224062468031769, 0.0964324240584876, 0.3825128330650015, 0.267218151177814], [0.16796937882930413, 0.12837647728980228, 0.02500828456801763, 0.0645958618295524, 0.4038767395615538, 0.2101732579217701], [0.06969358631434543, 1.679893450498002e-08, 0.08851834974951409, 0.1746834701475452, 0.32589628951485455, 0.3412082874742442], [1.3373283201023607e-10, 0.21432410498826907, 0.10496107285071514, 0.06709674075339542, 0.34472258928862864, 0.2688954919852562], [0.11772439543248098, 0.10049483362301594, 0.043124567114093994, 0.10352009378748675, 0.3346810398948814, 0.30045507014803174], [5.8993796963726855e-09, 0.18633816510980702, 0.1063296860427145, 0.06276636023225245, 0.28092126268566237, 0.3636445200301736], [0.05252352131856148, 0.14502442090821005, 0.11427378978256456, 9.157699693410803e-10, 0.27825711189552443, 0.40992115517936134], [0.07011511792651946, 0.1872657491146907, 0.029941226742680734, 0.12156407346809293, 0.32135581737845537, 0.2697580153695848], [0.07451364179499106, 0.1997307527596813, 0.07165230154744728, 0.04524249019450562, 0.3822118843016458, 0.2266489294017287], [0.09163344068157918, 0.0905762165057208, 0.08365122143228465, 0.11052924102791763, 0.4261404634216295, 0.19746941693086897], [0.12346353918500201, 0.08174920241929715, 0.03050235010250747, 0.19276465406287074, 0.4688514375593706, 0.10266881667094883]], [[0.10280123916901102, 0.10889779801543342, 0.05665470342113086, 0.11795903667420267, 0.3958469443676269, 0.21784027835259578], [0.09324136019768924, 0.10196260585402933, 0.07803347430326547, 0.11063637198139231, 0.4299428328288698, 0.18618335483475384], [0.11327555101111043, 0.12000327671386236, 0.054829731023917326, 0.08780083632403977, 0.37830253271121667, 0.2457880722158543], [0.07229748199011157, 0.07552160609619323, 0.07767876103948858, 0.13591327217893096, 0.35305483513619645, 0.2855340435590662], [0.095213142069244, 0.12000630731513579, 0.06905941797490331, 0.08396995127212546, 0.36932770275194576, 0.26242347861664517], [0.08599701136601853, 0.12913948055692226, 0.07519002055767594, 0.09003376016397205, 0.3980744938393564, 0.22156523351546456], [0.03631201217446474, 0.09330741810390562, 0.04534132861489469, 0.2537052155223586, 0.38211958585183664, 0.18921443973253907], [0.07847813321384332, 0.16275533429431704, 0.06248304398804575, 0.08675137284735293, 0.3639411665847448, 0.24559094907651363], [0.09392089103070174, 0.15970966017884036, 0.07528938654310532, 0.06672710572150707, 0.43826065690637683, 0.16609229961946584], [0.12430476768062636, 0.07147749999767249, 0.05180948484167157, 0.12119692422033115, 0.38110960047199494, 0.2501017227877056], [0.08782377842200609, 0.1049256540620971, 0.1051023376453843, 0.0552676113408268, 0.4133331048132287, 0.23354751371645643], [0.11855611385916758, 0.14013651717337805, 0.05649904981464044, 0.04404793718387068, 0.34481869386103003, 0.29594168810791327], [0.09877800078002526, 0.14195661389491557, 0.050427680532363246, 0.09648292390506419, 0.37041951928582745, 0.24193526160182316], [0.05656296437684052, 0.07073498926502603, 0.09668708005801491, 0.14005855427253971, 0.3845417679620959, 0.25141464406548214], [0.12831446779956074, 0.08599595157381337, 0.03571141294023281, 0.09456364462178106, 0.28654280323145964, 0.3688717198331526], [0.04342100079502465, 0.13088651304675863, 0.041545734571276485, 0.1978595737538093, 0.33784323887590184, 0.24844393895722983], [0.07212805123635159, 0.16588703962544551, 0.049786413033352746, 0.12476203319733017, 0.3858573204893934, 0.2015791424181275], [0.11731445534536074, 0.13881044714288884, 0.03343312163751895, 0.1009550784465064, 0.36271925425139806, 0.24676764317632538], [0.10489207439646922, 0.1443378125604603, 0.07233286918594774, 0.0719146506072295, 0.4448453568712751, 0.1616772363786184], [0.12782943178301895, 0.09718914255372937, 0.056603230132607235, 0.0710130112418329, 0.3525834715043143, 0.29478171278819554]], [[0.10028684994256844, 0.08892900782990863, 0.0843623772990724, 0.10032856514473779, 0.4342358578520397, 0.19185734193168208], [0.0676696483292621, 0.14589943585354134, 0.07156890682118397, 0.0903502746798944, 0.3483831101171569, 0.27612862419896217], [0.10606431549760864, 0.10616097525892114, 0.062462224998017665, 0.08616074564470586, 0.3541223327659819, 0.28502940583475245], [0.08682476156083349, 0.0811690622493598, 0.07922418353822476, 0.12267793881074773, 0.39566503008933074, 0.23443902375150813], [0.091893153727879, 0.12235827255790366, 0.055768928702354593, 0.10461870371688071, 0.3475025942132798, 0.27785834708169715], [0.07385584815770038, 0.11042677489418905, 0.07047726748065998, 0.1404154151066055, 0.4100156531102558, 0.1948090412505889], [0.06733477508139228, 0.1278130529915285, 0.06561375302972011, 0.11689304675009078, 0.343217294105759, 0.2791280780415152], [0.08303942975012513, 0.09993697200190507, 0.07509759587262534, 0.12290033450022718, 0.40240527659923114, 0.2166203912758861], [0.06148029658764739, 0.09322168930461235, 0.09480923062686526, 0.12016692991861226, 0.39475161808122056, 0.23557023548103925], [0.0921533872704155, 0.09294247251743426, 0.058904352653988495, 0.13071080367870755, 0.3627797515705257, 0.26250923230892537], [0.0928385004810385, 0.12780027438582672, 0.05643244954418159, 0.08827164929078778, 0.3268517837968956, 0.307805342501275], [0.0785708491599921, 0.10690238529385408, 0.05113002295801471, 0.16080456985944047, 0.3761933385834479, 0.22639883414390932], [0.04823502803524687, 0.10661702193107163, 0.08405411550616718, 0.1398589076319228, 0.3690901389032689, 0.252144787992297], [0.08621933638338324, 0.16184701397341378, 0.03832678547122551, 0.12925615116771352, 0.38607990437531536, 0.19827080862894933], [0.055157427026958444, 0.0987112004007549, 0.09360035591185244, 0.11276212088354343, 0.35921924126046073, 0.280549654516422], [0.07185456656006035, 0.07280769003280768, 0.0973547617637938, 0.13238384439150266, 0.43144515116845383, 0.194153986083379], [0.0855420134356969, 0.15195003590028808, 0.05716606484844106, 0.09317667475324758, 0.3663934590438343, 0.24577175201849952], [0.09357315195513503, 0.12802940356869333, 0.03608018758792355, 0.14484766653237305, 0.36774737964433646, 0.22972221071157423], [0.07021164862648567, 0.15524748442760825, 0.07287482859897743, 0.09010055656904449, 0.3836669234877874, 0.22789855829008654], [0.09049043613000785, 0.10340872263001406, 0.07035414924360604, 0.09518704073678294, 0.34895652599168386, 0.2916031252679043]], [[0.07438810311062839, 0.11217033439187299, 0.07487964196788909, 0.1252305538898422, 0.40057624007137177, 0.21275512656839404], [0.06273027642552147, 0.12066570361856428, 0.0768885212632331, 0.1219458865550963, 0.3766638482177038, 0.24110576391988608], [0.08892449080366992, 0.12486264375413034, 0.06315292825142987, 0.10680244594943462, 0.38230282396220516, 0.23395466727912714], [0.0930020726122952, 0.11331538191781965, 0.07352359674589189, 0.08423248977125558, 0.36867658491339644, 0.2672498740393366], [0.06574021620725715, 0.11065235864024436, 0.0695658606898649, 0.1440271677584479, 0.38419291681320716, 0.2258214798909939], [0.08619134377827359, 0.14210273934768372, 0.06475078420386467, 0.0926333943353454, 0.3827797057936, 0.2315420325412333], [0.08422105821162319, 0.11893377311031318, 0.05351300404379589, 0.13165791031540752, 0.3650593826195007, 0.24661487169937296], [0.10219525565239979, 0.11967700152721968, 0.03931126752267249, 0.13151920743651083, 0.36595056374247553, 0.241346704118698], [0.0760786592937678, 0.13691155969800717, 0.07113001150219306, 0.09633884252926396, 0.37298877767237426, 0.24655214930439867], [0.07011918017798953, 0.1237677357469196, 0.07381812035340439, 0.10926274862131356, 0.36612285326874827, 0.2569093618316284], [0.08214771491325895, 0.12601890583260256, 0.07228136438422002, 0.08549905812317225, 0.3521065821472983, 0.2819463745994392], [0.07296106422512237, 0.10321979820198676, 0.08097544723531683, 0.10999015918556046, 0.3688085850693223, 0.26404494608269147], [0.10696467140911828, 0.09172041101153358, 0.06301194731248233, 0.1089596566079263, 0.3836607485813941, 0.2456825650775456], [0.08472585559407177, 0.12254058380212805, 0.060160238745972594, 0.1282632895047923, 0.3984456100844135, 0.20586442226862206], [0.09261802390167814, 0.11232496003486962, 0.06026309301641935, 0.11546035399717049, 0.3761654173911094, 0.24316815165875266], [0.08226138471662842, 0.13100203136740832, 0.07318404070435516, 0.09981944116943171, 0.40176658628902384, 0.21196651575315498], [0.09014802525504804, 0.10986933449638926, 0.07969563291880244, 0.0984126361994069, 0.41400493700303775, 0.20786943412731412], [0.09542713602808005, 0.09109795208952684, 0.06121170293899471, 0.1262024019930422, 0.3714418963881098, 0.254618910562248], [0.08861624723392454, 0.11163644248175311, 0.06281226447876836, 0.12310695257144258, 0.3901065572284526, 0.22372153600559597], [0.056775547577361835, 0.11031785087670497, 0.08707196823077251, 0.12271819422545253, 0.38270188215654605, 0.2404145569331627]]]]], "bagging_alg4_list": [[[[[0.12708450318937048, 0.09752109205286906, 0.08621828249009715, 0.07776809563362527, 0.2952805956233296, 0.3161274310107066], [0.07976863754057668, 0.10752085957702162, 0.07177744550716868, 0.08526331079813, 0.30049908575671486, 0.35517066082038745], [0.032771195823441394, 0.1102168061659104, 0.07481247396782875, 0.17665453422440622, 0.36219071047172596, 0.2433542793466876], [0.04958487278316666, 0.03844773849312785, 0.09849836559112442, 0.15480784224967578, 0.3329464073606738, 0.3257147735221862], [0.07613716254257692, 0.2838666037537149, 0.03584368728143806, 0.04242431874836766, 0.39037633863019566, 0.17135188904371737], [0.08969315101636086, 0.34903778131209245, 4.1565401211125094e-08, 0.03962446360901858, 0.4026930400041162, 0.11895152249310567], [0.11839589865982483, 0.1756301205405971, 0.011984322732267152, 0.10734343277774491, 0.3582054061973311, 0.22844081909223254], [0.11213638369529283, 0.11895135137285023, 0.024507823948016177, 0.15999217805209975, 0.3989194726614649, 0.18549279027026372], [0.13959005809090122, 0.19416607116356352, 0.015550952775817493, 0.12164303143211956, 0.529049514224272, 3.723138638935496e-07], [0.019514008862634425, 0.3633352988074296, 0.002575138953595509, 0.03250133829781186, 0.1643386517233015, 0.41773556335540435], [0.11738838032796016, 0.052489863385776395, 0.037919136145907126, 0.0977949252643016, 0.19184070284570726, 0.5025669920303464], [0.0460707220754529, 0.05460897057169633, 0.028247805660674242, 0.32403890439610666, 0.4220222660869673, 0.12501133120909014], [3.309706875783582e-12, 0.1376719171493016, 0.09495983647887093, 0.17821976593590458, 0.397941978900816, 0.19120650153342625], [0.027103600360137172, 8.00619184110352e-09, 0.17754247616083232, 0.07642665940304165, 0.35740321177702405, 0.36152404429276896], [0.1411075441931231, 0.0746498704386145, 0.02704277593648406, 0.11758522977313947, 0.3238583