{"SAA_list": [[[0.07541417829297448, 1.1712984945549477e-07, 0.5246500831702189, 0.1981903346175718, 0.20174528662128044, 1.6539438062039317e-10], [0.11976862562448189, 0.05174736346847766, 0.2741785730029576, 0.27058366676489554, 0.28372168993382624, 8.120536334970716e-08], [1.7035068784904638e-09, 0.19235783421800798, 0.1939529414849905, 0.4444214524526711, 0.16926776980665312, 3.3414985054715323e-10], [0.06038463611731232, 0.12973072271843838, 0.23133514681366277, 0.2938498160955702, 0.28469967794069684, 3.1432233120878756e-10], [1.896976001398734e-07, 0.14582476025057323, 0.28725461650512746, 0.506951708807511, 0.059968724677683084, 6.08172898456778e-11], [0.0862926983634294, 0.09766118394686, 0.27488656056073324, 0.17067799346161522, 0.370481563032556, 6.348055907962475e-10], [0.02375337127650684, 0.22949697050269227, 0.0896806416253186, 0.2834376060734596, 0.37363140936370387, 1.1585493154481419e-09], [0.01911035093896892, 0.19561823056683042, 0.1614843475836351, 0.3581626180225044, 0.2656244528883705, 2.12866854196077e-12], [0.23656041932102465, 0.017175154498705984, 0.04873828884553507, 0.3394963336652485, 0.3580298035100459, 1.5874429810737895e-10], [1.5875844166737211e-09, 0.12166369084267424, 0.36858048170769664, 0.41327289453064786, 0.09648293088184058, 4.49548989602085e-10], [0.08511693093195752, 0.06686463635925097, 0.3302324416368882, 0.24778660358888258, 0.26999938701449877, 4.685226476658899e-10], [0.09135712779690605, 0.06979312062971951, 0.21356608393551, 0.3181544741494469, 0.2809637099185493, 0.026165483568884585], [6.970630651299611e-11, 0.14825823397953145, 0.35957615761684675, 0.2075033304431238, 0.2846621605982514, 1.1729260023876663e-07], [0.1338348842688862, 1.2849654728663506e-09, 0.36953576094575097, 0.23885538455508692, 0.25777395649468876, 1.2451016815227024e-08], [0.10369443102702773, 0.03549032315814381, 0.3358349002797344, 0.3334916342275256, 0.1914887110042908, 3.0318886934479406e-10], [1.808278406706995e-09, 0.1717180346454389, 0.22271268608019915, 0.5205904718158777, 0.08497880546671056, 1.835046781144419e-10], [4.4155251830040207e-10, 0.16470404781273906, 0.2336671486965611, 0.5419436449492251, 0.05968515714328654, 9.566429180924184e-10], [0.004562980805056449, 0.15400288745972598, 0.3226564201092561, 0.25393257655419815, 0.2648451350706416, 2.6843220571178694e-12], [1.6200036599313846e-10, 0.2243439034988716, 0.17346060475218797, 0.23400782316903057, 0.36818766838762074, 3.027222913683227e-11], [0.04431708962077174, 0.029420027978456432, 0.5490174213384404, 0.1339814887098896, 0.24326397230037883, 5.205188020661062e-11]], [[3.9524369689678745e-07, 0.11139245299052807, 0.42289611832640905, 0.29770151766123526, 0.16800951575781148, 1.0553495989904991e-11], [0.0734526631050092, 0.1147259261369102, 0.24051754545476398, 0.2701887428580681, 0.30111510831867616, 1.4126570174008367e-08], [2.1094114746468415e-08, 0.052919809604291185, 0.6079515802475048, 0.116114392078918, 0.22301419696823732, 8.754478507947967e-12], [3.521038703842609e-07, 0.19935890810316814, 0.21427649999482765, 0.303184394593341, 0.28317984507818567, 1.273323519113963e-10], [1.9173777079259283e-09, 0.14111951031867875, 0.36965217313779863, 0.23335506750935053, 0.25587324684387275, 2.7291493654797246e-10], [0.02826793419677717, 0.1589730873017609, 0.26426955818517744, 0.20805436910591982, 0.3404350511110035, 9.924208591499966e-11], [0.14612507134311634, 0.05322848704996153, 0.20500198967297986, 0.2724654134102849, 0.32317903834727035, 1.76390074660726e-10], [1.466666052366412e-08, 0.11870598087378056, 0.44900308023970875, 0.1314601308097688, 0.30083079276375735, 6.463203331976346e-10], [2.585106882992452e-09, 0.06268062920028603, 0.5194364588002066, 0.3674998097759164, 0.05038309955791295, 8.060437706809543e-11], [0.008945711153408862, 0.2033943585036748, 0.1897483682125014, 0.2759270537517801, 0.32198450837489384, 7.33363752704359e-12], [7.74930319667722e-08, 0.09125156821638475, 0.47166626900931874, 0.292595885110845, 0.14448619850133268, 1.6692199259798121e-09], [0.01918180599832668, 0.12228528798229983, 0.38476068589533124, 0.16354083471673522, 0.3102313836696797, 1.7377528956647324e-09], [8.75171121601427e-07, 0.19588490702437072, 0.21237846430533355, 0.34185288424141363, 0.24988286821047204, 1.0453151967606455e-09], [0.12910725228027486, 0.04097495463203086, 0.25530743225967145, 0.3516986352085262, 0.2229117251652634, 4.5416743881260406e-10], [0.07362421227762109, 0.06378723970499398, 0.3544784468058533, 0.29164424254125404, 0.21646585569405952, 2.9762231502733092e-09], [6.030221945704088e-10, 0.03227330696248702, 0.6647428553948534, 0.08480199545059312, 0.21818184155500964, 3.405858106399514e-11], [1.9677506977287926e-07, 0.1188299312910978, 0.37774279731660837, 0.403726371826264, 0.09970069648171255, 6.309079254854312e-09], [0.011263320537657724, 0.10330964830089646, 0.4322201065516676, 0.2280799141683945, 0.22512701040504257, 3.710322576132574e-11], [2.8322856949857315e-07, 2.349218484262402e-06, 0.6795581724288721, 0.31956688214949797, 0.0008723036306564061, 9.330716218664255e-09], [0.04076502915217217, 0.15503131305325255, 0.26299439347144105, 0.12996421739182357, 0.4112450282279328, 1.8703357607303304e-08]], [[0.05711774914874309, 0.09550362032898538, 0.3625801380302497, 0.1306179916860026, 0.3541805000417519, 7.642618027790576e-10], [1.5870065513282978e-07, 0.1399980830175977, 0.37423748404063334, 0.22589558256104209, 0.25986869133958296, 3.4017568049008476e-10], [0.04384704979041854, 0.16868578765577166, 0.19348884987179552, 0.24398700708437637, 0.34999130498062153, 6.17029994932357e-10], [2.2104164752618792e-07, 0.06562604367232995, 0.5858351129441957, 0.0861458593905942, 0.26239276242579174, 5.248118554388651e-10], [0.0708170930064915, 0.08789304053336139, 0.3145812161327679, 0.2535247010345323, 0.2731839423292432, 6.963601321648359e-09], [8.544296858098172e-09, 0.08543831575824845, 0.5428854600284498, 0.07189573523418195, 0.2997804803024627, 1.322971628014861e-10], [0.0061264989527080255, 0.132708459775636, 0.3516242000988494, 0.32038062015253954, 0.18916022101684019, 1.8326302370587502e-12], [0.031527170154443424, 0.15488966080072275, 0.22882301515630185, 0.3500116273169047, 0.23474852652652647, 4.509115993582777e-11], [0.006407891202512796, 0.13336450615633902, 0.3794363897234408, 0.20508129628265656, 0.27570991661270844, 2.621970038940163e-11], [0.0024085642972172298, 0.08291558514151942, 0.5020524458084189, 0.22848848340450054, 0.18413492134258513, 5.1584477361587e-12], [0.0494286339259254, 0.0622118244087872, 0.4610964951734893, 0.12646511659660445, 0.3007979263895851, 3.5056002747955905e-09], [0.08192586695060843, 0.05382158329696392, 0.3708304470489252, 0.24017691158185273, 0.25324519077245716, 3.4921639269690897e-10], [1.760635573168491e-07, 0.11071776826950493, 0.43385399000758923, 0.26176059896919973, 0.19366746628093737, 4.094475764792154e-10], [1.1624062199474276e-07, 0.12517469003901605, 0.4226537849205704, 0.17409507679806038, 0.27807633195810283, 4.148929476436667e-11], [0.022754667750067247, 0.1402729662166621, 0.3003048131437836, 0.29110613229395216, 0.2455614203592425, 2.3660191754775593e-10], [0.0359492447921683, 0.10105271784611523, 0.3479701865618075, 0.33742059123001006, 0.17760725908256078, 4.873748537530238e-10], [0.015423152117051763, 0.1684528528755417, 0.24672551879808804, 0.31160100654277983, 0.2577974696534536, 1.3050052791685643e-11], [6.880310240529971e-09, 0.1019103355039425, 0.4452606441592801, 0.2975864606290549, 0.15524255282297852, 4.57460392275838e-12], [0.03001975528572971, 0.13336072190415593, 0.3152000190175772, 0.2274738289481, 0.293945674748779, 9.570582030048199e-11], [6.711882287482691e-08, 0.06283884132569732, 0.5267170549477082, 0.3381377161677902, 0.07230631695087451, 3.4891614798609612e-09]], [[0.050039972538560094, 0.13659387330914374, 0.23489736753050527, 0.316340317948242, 0.26212846864248535, 3.1058514338244217e-11], [0.014019251802389582, 0.13792772590109698, 0.3320392220425114, 0.2734513358587932, 0.24256246415197977, 2.4531199756522956e-10], [1.0381007312044513e-07, 0.13251956331600157, 0.3560470306631857, 0.3632605306851943, 0.1481727714783497, 4.6287514474021765e-11], [2.3509973869304708e-07, 0.12028135587086483, 0.4221449281189217, 0.2202632189225565, 0.23731026199155353, 8.841161653110645e-12], [0.002878525090959196, 0.159078874050411, 0.32508383294697024, 0.2147382602843812, 0.29822050762886926, 3.494632968907092e-12], [0.08820762394760513, 0.15424065804006892, 0.10815210136766408, 0.2809145370346023, 0.3684850786965452, 9.13516260773227e-10], [0.06914634415970544, 0.11299105954329781, 0.24152613274158935, 0.32286414370787503, 0.2534723196751817, 1.7235190371218831e-10], [0.03765013172236183, 0.09652969833869651, 0.3758250048367267, 0.2552853358809068, 0.2347098291630346, 5.827077619728885e-11], [3.6872047290331107e-09, 0.12150336488556616, 0.39413538507861334, 0.31668094568123906, 0.16768030066136777, 5.763392026704126e-12], [0.006970365524018311, 0.15315686131656647, 0.30760845640131707, 0.296461807538295, 0.23580250910166767, 1.1698063063636331e-10], [0.02216560599465065, 0.1445284773109102, 0.2886044415671232, 0.3031310508861244, 0.2415704234106129, 8.323707034266632e-10], [0.011164626102833312, 0.13133824838628358, 0.3354358860169078, 0.3470549819382046, 0.1750062575352004, 1.9827268607461335e-11], [0.0060807099293563776, 0.13770621533637106, 0.35669614544004835, 0.2561961680919127, 0.24332076115791465, 4.271034022466594e-11], [0.03512881853359489, 0.14421310480446722, 0.27450972149821545, 0.23703057916700515, 0.30911777562326165, 3.7347375212316574e-10], [0.0223027160020805, 0.07664046611285957, 0.45600654430787096, 0.2730447491051374, 0.17200552330664548, 1.1645694091466012e-09], [0.014119899387415018, 0.14143092696438142, 0.3088875397688768, 0.3296613840053617, 0.2059002497048068, 1.7061216899912357e-10], [8.111196286148204e-10, 0.08035441693602782, 0.49037939445545287, 0.31927288815277466, 0.10999329962858724, 1.606937090232887e-11], [0.03161923339967059, 0.18389269598399385, 0.1731827701072404, 0.30052347675716995, 0.310781823746002, 5.538240929872398e-12], [0.00415578798866142, 0.10339921569183562, 0.4187435434188494, 0.3464253446144569, 0.12727610828624308, 6.216763581553215e-12], [0.0076241601576486386, 0.1666117763044952, 0.2839600341414592, 0.25940258474864397, 0.28240144458807365, 6.017184645934043e-11]], [[0.017097102853180376, 0.12692331069058058, 0.3459996812282519, 0.2901207152104748, 0.2198591897766909, 2.411112334282349e-10], [1.5087198003642935e-09, 0.12081237475622683, 0.4027244537988393, 0.28997315758239856, 0.18649001235425794, 1.8878150731563836e-12], [0.04939800825504792, 0.10840485439420756, 0.31595978012686765, 0.2661599685814323, 0.26007737430083416, 1.4341612834660305e-08], [0.02090586934010194, 0.11602807313612992, 0.3568315322025524, 0.3108697682943772, 0.19536475518083338, 1.847490137487932e-09], [2.8837136723156185e-06, 0.1720187354588153, 0.29359609297265166, 0.24590373396282156, 0.28847855367429637, 2.2067884773871894e-10], [0.035652285656262495, 0.15497442875641398, 0.22861121763814587, 0.3109097881354483, 0.26985227948097157, 3.32574591155569e-10], [0.02301790229424661, 0.12084265097928981, 0.3382453916294722, 0.3186258496279194, 0.19926820467929435, 7.907395164358668e-10], [5.160260593901267e-07, 0.13073323529622183, 0.38518712232781493, 0.26760305763802433, 0.21647606855659646, 1.5306740153118622e-10], [0.003256951473357411, 0.13397924402453879, 0.3627918453894738, 0.2932859729102, 0.20668598617278186, 3.595709720278533e-11], [5.005548230372155e-07, 0.11402544397850023, 0.4461574302974259, 0.18466696276269667, 0.2551496623762647, 2.133982744919698e-11], [0.037383555318646684, 0.11719523170708751, 0.3282372208335506, 0.253646837685614, 0.2635371486212117, 5.8338845911564275e-09], [0.008687024595189163, 0.12710099008399536, 0.3829471650529304, 0.22658100704883102, 0.25468381320977734, 5.666492890381731e-12], [2.962195628664365e-05, 0.1456062205086702, 0.34017005855780513, 0.30563854517321, 0.20855555353480779, 2.367839396551478e-10], [0.023432225559616784, 0.11123646181909827, 0.3690934857708539, 0.28314924377228856, 0.2130885830622565, 1.5847950936880854e-11], [2.186565079075524e-06, 0.16380955410936338, 0.3065952288267218, 0.2702191821264474, 0.25937384820276477, 1.7025064670103614e-10], [0.020521651309688266, 0.14704747668581453, 0.2992466853433973, 0.25514180727667735, 0.2780423790735207, 3.0971762680488376e-10], [0.04489549055357913, 0.11130352620159384, 0.3479531858148607, 0.15995547113822667, 0.33589232622767545, 6.40707050201865e-11], [0.011819147525990838, 0.14965156362784882, 0.3246799039475469, 0.21662599051410822, 0.29722339437635287, 7.405099075528185e-12], [0.04594010573597591, 0.1117390581371429, 0.3306655979134211, 0.21242960082650303, 0.2992256371435253, 2.434399494169039e-10], [0.007056766200213099, 0.1179728884126713, 0.38835415375228116, 0.3037920002286847, 0.18282419123479865, 1.688202519982197e-10]]], "bagging_alg3_list": [[[[[0.05488453889866955, 0.0012488464194594388, 0.5662075685903983, 0.22230405209312723, 0.15535499401236896, 7.539839268585265e-13], [0.09690685687850767, 0.10081252161105338, 0.2152974629238974, 0.2700815045311147, 0.3169015446740902, 1.0938133731415237e-07], [4.3592246471770746e-08, 0.1854100773222428, 0.19465053886355468, 0.5045259366096838, 0.11541340356047208, 5.0333157074893284e-11], [0.01966770368792193, 0.07427679845818022, 0.47075160694261114, 0.26283832929874257, 0.17246530379426456, 2.578182509399109e-07], [2.9286447921373533e-12, 0.165514093245899, 0.22570317591126335, 0.5651775005030086, 0.04360523033631784, 5.344470376727545e-13], [0.12899493852980395, 0.07802621588050976, 0.1890364282380819, 0.2722094579001356, 0.3317329594150579, 3.64271516631256e-11], [1.071677876917328e-07, 0.267426594206684, 0.07059197925418778, 0.23935639589587238, 0.4226249234399203, 3.651183756605648e-11], [0.10218325472774112, 0.1243721339213795, 0.11602787434926591, 0.38796441685912014, 0.2694523201396314, 2.8587225652588477e-12], [0.24050074702591184, 3.7097756861853783e-10, 0.04007094542750462, 0.4905514314490068, 0.2288768755518479, 1.7475211530472145e-10], [2.7691148727780976e-10, 0.22407110320297408, 0.18787444651156546, 0.18117459565909091, 0.40687985431511586, 3.4340929236761885e-11], [0.138860833714495, 1.1516814637076758e-09, 0.36734866423764234, 0.19954869981088708, 0.2942418010696544, 1.5625373490914726e-11], [0.14591309516013654, 0.040973732041943885, 0.21939301796273733, 0.3300016405742142, 0.2637184338850753, 8.036383490224276e-08], [7.0584569488158085e-09, 0.16517792069446838, 0.3223690273633027, 0.19735847672993007, 0.3150944924740746, 7.567993791630573e-08], [0.025592321097633985, 4.857152623110086e-09, 0.6605769776319588, 0.14953388876839246, 0.16429680315633, 4.49169266680952e-09], [0.12741271067439602, 1.1820196379129514e-08, 0.36098548108179046, 0.3326064242046764, 0.17899537220880465, 1.0160865787557041e-11], [1.1674123454468159e-09, 0.18166411300259988, 0.19158067208812063, 0.5501530103190051, 0.07660220341829291, 4.3445793457302545e-12], [9.536385311439923e-10, 0.24506141524122813, 0.1277523608446536, 0.22215897296708764, 0.405027246083696, 3.909732644227529e-09], [0.08339296500944957, 0.11758619172756199, 0.22620846874926942, 0.20490325932758438, 0.36790910516874115, 1.001740826699088e-08], [7.901696905348365e-11, 0.2450808245416326, 0.13640239625206318, 0.18879801804774082, 0.42971876073471676, 3.447521017489534e-10], [1.4100785998811811e-08, 0.0546015152962604, 0.5973055258608075, 0.1417615334584491, 0.2063314101592038, 1.1244974679175152e-09]], [[0.05675607932048854, 0.13152089640243017, 0.23934931790918018, 0.2813632841478688, 0.2910104221276101, 9.242982207717211e-11], [0.09159024156718017, 0.12123045957839082, 0.1908282939296544, 0.2299138307311534, 0.3664371698326935, 4.360926581293715e-09], [0.14640593256538292, 0.013052900767245402, 0.24215471403711053, 0.4902984684981746, 0.10808798411987026, 6.691495673291688e-12], [3.908854548294497e-11, 0.22155410944041226, 0.14712835294026289, 0.36023983997270453, 0.2710776963092936, 1.2981707759511234e-09], [8.112526900333047e-11, 0.18375649222649237, 0.2044395680159437, 0.481913108508103, 0.1298908310901793, 7.818311151925195e-11], [0.08266021424348023, 0.07143398722834311, 0.303938079758694, 0.31262257418778394, 0.22772362227461096, 0.0016215223177441867], [0.22833031618877536, 2.9014433445702714e-07, 0.14693345950053446, 0.19607429470672158, 0.4286616376801451, 1.7786487849126453e-09], [0.02274363225181963, 0.15593447934457635, 0.25075466536990204, 0.3397883419252489, 0.23077888101226934, 9.584404862466122e-11], [4.330910127041823e-09, 0.16025526246871696, 0.3609467262211878, 0.09383888962204856, 0.38495909637180525, 2.0978008918412808e-08], [0.06005000184965552, 0.1389116705310233, 0.1757690330773302, 0.42724270818917026, 0.19802658611501434, 2.3773923681442864e-10], [0.09010643893130188, 0.12021246597841434, 0.17512575528992388, 0.31343666500599127, 0.30111867417976595, 6.14599980925698e-10], [0.1102553990267381, 0.07076059368328906, 0.2501534821941566, 0.28123125928607373, 0.28759918581751315, 7.999273435656337e-08], [0.040031468077661135, 0.09079215840961813, 0.3638293137287193, 0.33055242215177094, 0.17479463762431552, 7.913791303956367e-12], [0.13626111119746118, 0.044981971447450454, 0.22539884952443176, 0.3623419766710012, 0.2310160910883534, 7.134006581894223e-11], [2.159287139880062e-08, 0.14710447804883184, 0.37134551366540053, 0.172777176811976, 0.3087728098752511, 5.959300986198207e-12], [2.1302124397536049e-10, 0.06114891248365821, 0.5266224998567114, 0.35377165626285606, 0.05845693102705224, 1.5669122496294565e-10], [1.2275659664501836e-08, 0.22112969602585628, 0.18811604736870055, 0.20682666816251502, 0.3839275754893164, 6.786243807408717e-10], [1.5558734663865703e-09, 5.914075315233154e-08, 0.7304304335019607, 0.12442034542768537, 0.14514915917784615, 1.2025117646472837e-09], [0.08964445518296572, 0.1484265283697806, 0.16725531514410016, 0.09306835608912124, 0.5016053450763636, 1.3766605292637887e-10], [0.05935114709341938, 0.19896458953361085, 0.08833986438633958, 0.22664521509989766, 0.42669915760359645, 2.6283130263327862e-08]], [[0.14503227594022036, 0.009396556425852335, 0.2870691886217448, 0.36406109452702506, 0.19444088445670607, 2.8449923334983808e-11], [0.06540488858767333, 0.1125110211371159, 0.28882296701694576, 0.18125625605548687, 0.3520048665994426, 6.033350861357362e-10], [1.3807065811306955e-09, 0.17954052376970078, 0.27206786144836786, 0.26055528519300286, 0.28783632657184427, 1.6366292258708646e-09], [0.14709242473942727, 2.2494158371507665e-07, 0.2901715847462644, 0.41751436043407225, 0.14522139867644557, 6.462206221831519e-09], [0.10430737049662464, 0.09739245329384104, 0.20974242624582867, 0.2520659586943193, 0.3364917838908956, 7.378427145398765e-09], [0.00842403612295782, 0.12713361350615293, 0.3578875159215184, 0.32492268517375406, 0.18163214927766685, 1.719599606131294e-12], [0.045812769592357104, 0.14149554776191756, 0.2329015671831687, 0.3198214717041426, 0.25996859816118534, 4.559495339250768e-08], [3.552349979153213e-09, 0.18874862964145347, 0.21994961311431097, 0.3772992318399153, 0.21400250994139358, 1.1910631179256252e-08], [6.342999366543597e-08, 0.17544752396399815, 0.3071040344859215, 0.16312444208013085, 0.3543239303623822, 5.677568265940106e-09], [0.0647885472500481, 0.10707373004927348, 0.2620987715678113, 0.3387644629332844, 0.22727448703328493, 1.1662931056736768e-09], [0.10851548655980663, 0.055911566208318435, 0.2839984450641895, 0.30207761942983663, 0.24949688226531205, 4.725515620807476e-10], [0.009867989624219137, 0.16893465852315065, 0.298279005948674, 0.1621687531111708, 0.3607482473278062, 1.3454641465392318e-06], [0.04890631532773891, 0.15576467591418644, 0.16553336156160792, 0.4199812312165947, 0.20981441597847902, 1.3986233103207047e-12], [0.15765574911963712, 0.023858949441690945, 0.20015099345316703, 0.36378591691138673, 0.24707670488001968, 0.007471686194023367], [3.816745954243504e-10, 0.14104748469178927, 0.32746783916951827, 0.3958449334670677, 0.13563974218251693, 1.0741432387481871e-10], [0.06718585268055872, 0.13075341162295728, 0.19996930497896984, 0.34039747812046134, 0.26169395199379536, 6.032538975336934e-10], [0.03632313931354307, 0.14477081796256663, 0.26952831158262835, 0.2397656730457306, 0.3096118848594319, 1.732361758728338e-07], [0.06843167952857233, 0.10335042386663836, 0.25036381515488537, 0.3828555001306292, 0.19499858051321883, 8.060550130297981e-10], [0.11850709774567143, 0.1319983343583892, 0.12519460325325582, 0.1289672984701935, 0.49533266616629296, 6.18547984341382e-12], [0.05686240494072304, 0.1519113416404591, 0.21025469603736385, 0.20771962702185845, 0.3732516126619832, 3.1769597409672e-07]], [[0.07833687917128508, 0.10565152329740843, 0.2472301632520389, 0.28008146277661605, 0.2886999578920622, 1.3610580618293791e-08], [0.012901095465010982, 0.1677734101854658, 0.2637016383690963, 0.2765468034917746, 0.27907702253166916, 2.9957443994937923e-08], [1.207163210012987e-09, 0.14560428304042794, 0.3470995804566746, 0.2793522427366764, 0.22794389225391226, 3.051568833240874e-10], [0.041871007418850435, 0.1338222054616869, 0.27696935737952666, 0.2575031920614476, 0.2898342374658324, 2.1265243843294753e-10], [0.07008387101811885, 0.1146528922294473, 0.24941007565741963, 0.2687036251623249, 0.2971495358400632, 9.262340638093866e-11], [0.04054923912877411, 0.1489005945879789, 0.2275006907562545, 0.32358119154140275, 0.2594682823690411, 1.6165004678255372e-09], [0.020326182547820953, 0.17439512137711757, 0.2306713301563193, 0.27296599806934974, 0.30164136692093857, 9.287801311949426e-10], [0.12030822232968315, 0.04922932295511138, 0.2614961872083367, 0.3368722459129111, 0.2320939765107339, 4.5083180520657976e-08], [6.15924700062897e-10, 0.15768391432026907, 0.3203874345155224, 0.2726789114425455, 0.24924973910333678, 2.6306246122279345e-12], [0.029915173554891462, 0.12085118756645692, 0.3211407700487317, 0.31871323135581603, 0.20937963725742093, 2.16664467226341e-10], [0.04750963899447806, 0.11031247399868276, 0.3223868407392335, 0.24218641858737316, 0.27760462756796256, 1.1226401716033871e-10], [0.02943177441905975, 0.14245764022377955, 0.2785404587836153, 0.291495575389991, 0.25807452322075236, 2.7962821291934752e-08], [0.07285688579386453, 0.10517739687763841, 0.2764792665736272, 0.22415910174377862, 0.3213273489547317, 5.6353534204789895e-11], [0.089989927641961, 0.11928727687430954, 0.18771060228726957, 0.2746211372844821, 0.3283910538599293, 2.052045678932996e-09], [0.12890420940562558, 0.03793470740496571, 0.2786746991274793, 0.29144993137344066, 0.2630364526457893, 4.269442700483877e-11], [0.020473497403659693, 0.17106071904404274, 0.21879524663383632, 0.34726047645305474, 0.24241006035626955, 1.1046789297242067e-10], [0.09267805948972442, 0.08839209030048463, 0.2760435385062316, 0.18939753739083556, 0.3534887532372989, 2.1075428797125616e-08], [0.055424490104192516, 0.1289015560232749, 0.24528781290416793, 0.2948863378149262, 0.27549979972489125, 3.4285430699884253e-09], [0.05246483021248125, 0.0788617928778559, 0.3965969644756993, 0.19464937530941967, 0.27742703711060374, 1.3936768125152248e-11], [0.07858982583518541, 0.10139816912099209, 0.26303827282679754, 0.2554675005209739, 0.301506204980089, 2.671592746547061e-08]], [[2.2595140805638532e-07, 0.16173356425691363, 0.312381590875724, 0.26679759207736214, 0.2590870265215548, 3.170726029496379e-10], [0.03884387598808273, 0.10697806780651853, 0.35645617395096124, 0.2238510077758507, 0.27387087431488627, 1.6370011236018272e-10], [0.025790607548022693, 0.13761755481331192, 0.30141986921252556, 0.2820111433739571, 0.2531608219119497, 3.1401196703539283e-09], [0.06443828415116666, 0.1052599897550283, 0.282871791782177, 0.2787827329579014, 0.2686472007148303, 6.388980613915733e-10], [3.553008425443979e-07, 0.16900219954182358, 0.2909397793175609, 0.28337655240031373, 0.2566811119125114, 1.527928649700108e-09], [0.029526298802786205, 0.13609643274065883, 0.29477926058595283, 0.28578014575654254, 0.25381786201893336, 9.514584442453031e-11], [5.076910467683749e-08, 0.17144567377254968, 0.29311644041846924, 0.25294907738362965, 0.2824887570133919, 6.425730384256065e-10], [0.023650183439397194, 0.14480320417778217, 0.28530313815538827, 0.29922491210309116, 0.24701856205310052, 7.124745193283605e-11], [0.031841302152551716, 0.11362703209325208, 0.35264821777024086, 0.24483510710564974, 0.2570483401579391, 7.204108297002563e-10], [0.07789548132227792, 0.07937561837195704, 0.29954618474534245, 0.32099548111609066, 0.22218723339657537, 1.0477559096429606e-09], [0.06572236634796026, 0.10358603492107014, 0.28576971163464143, 0.2706043587003955, 0.27431748633426095, 4.206167466367731e-08], [0.057003411590730975, 0.08223503249191672, 0.36677571349459476, 0.2355042473208606, 0.258481594702363, 3.9954546977756877e-10], [0.05690437283838459, 0.1261962637808659, 0.24394695314884055, 0.31043149328901487, 0.2625209085139138, 8.42897962933567e-09], [0.06043347728908524, 0.0986912615869206, 0.29829049205745733, 0.31699205577221345, 0.22559270039049775, 1.2903818885567714e-08], [0.013927573573611166, 0.1410413167674574, 0.3357213160971915, 0.23206016063195326, 0.2772496324037864, 5.280219371370405e-10], [0.032175649854131363, 0.138772459126938, 0.2850942074114102, 0.27361249222359657, 0.2703451911118695, 2.7197237791939694e-10], [0.053578291572853855, 0.12948549226886413, 0.25617902462068465, 0.2653468739082914, 0.2954103157272527, 1.9020554992746244e-09], [0.03170806676602653, 0.1333019921525467, 0.30117586850144845, 0.26578524247148433, 0.2680288276512637, 2.4572283349576475e-09], [0.009795551868906125, 0.15997728357574173, 0.30809790521826114, 0.20614173126835714, 0.3159875280639306, 6.662618139206732e-12], [0.07328696293275729, 0.06850318158457075, 0.34124746490276237, 0.30299103728194277, 0.21397135268336126, 6.146296807600398e-10]]]]], "bagging_alg4_list": [[[[[0.09256840092463876, 0.00724453725786854, 0.44803681041243165, 0.26385510528822426, 0.18829514610786108, 8.140854111704608e-12], [0.09719289305401284, 0.08163198294570727, 0.23872924394264414, 0.3506786935859744, 0.2317570503237732, 1.0136144991819043e-05], [2.6201789808375575e-09, 0.140605968575124, 0.3340290433905139, 0.3746626083501968, 0.15070237282479132, 4.23920174316316e-09], [0.024944724901335102, 0.08475988064342191, 0.4361761933456988, 0.25068149492891384, 0.2034377058702622, 3.1039916863447847e-10], [0.004113644612349337, 0.17671538137898876, 0.19103562311561006, 0.5579221719282771, 0.0702131789620962, 3.1888390936516227e-13], [0.08681562554438742, 0.1671860610568541, 0.10523717137483025, 0.18833100635477537, 0.4524301353007688, 3.683850508934053e-10], [0.17066637491271447, 0.06406119984807267, 0.09737981919822905, 0.35456516669902444, 0.3133274384866926, 8.552752721782973e-10], [1.1910950064416655e-11, 0.18551719380079754, 0.2087647363654471, 0.418262493303636, 0.18466010016991655, 0.00279547634433286], [0.1545852432361763, 0.12278385275798, 0.02394054774790549, 0.25829831441433476, 0.44039203081049794, 1.1033100262181417e-08], [0.17005449744834134, 0.01283867499024847, 0.23637016422707177, 0.289994005246077, 0.29074252219539426, 1.358926799289066e-07], [1.1648232501245797e-09, 1.7156431779470318e-10, 0.5493813719591479, 0.19581574841571767, 0.1988708627399114, 0.05593201554883198], [0.18287792034518602, 0.0311529434159186, 0.13650719440216175, 0.38592835135793796, 0.2635335904672014, 1.1571542796197282e-11], [1.044030253171148e-09, 0.09818636288993565, 0.28765935888527955, 0.22829836067733197, 0.3223510477733855, 0.06350486873004335], [8.176138853466199e-10, 2.3914665381281818e-09, 0.691204881575548, 0.14229666795478013, 0.1545964656999619, 0.011901981560743345], [0.1294738583454732, 1.974790713749427e-09, 0.3342931340874441, 0.4154501281981134, 0.12078287733378071, 6.065305090609019e-11], [6.415008290386536e-10, 0.22969263520166655, 0.13484477147181273, 0.3338242614637081, 0.3016383305131275, 7.083484093402964e-10], [1.8556351007470434e-08, 0.2336050135646245, 0.12958769532555142, 0.23821526218439032, 0.3913738747854128, 0.0072181355808753145], [6.948888494001562e-09, 0.11522699524389485, 0.36422409515289494, 0.242155090425154, 0.2563157345348518, 0.022078077694335053], [2.612924444706722e-10, 0.2359875041183211, 0.17266660586931304, 0.1318391509569336, 0.4595066365777958, 1.0221640229022576e-07], [0.0736220787881576, 1.362456879551227e-10, 0.5330728391605912, 0.1828852139423034, 0.2104198679327023, 3.9998750219861757e-11]], [[0.033793709471199126, 0.13349775504361588, 0.2587228692015106, 0.4070920471016069, 0.16689355499403086, 6.41880269797346e-08], [0.15092073907540152, 0.0651169262585674, 0.15742600510596974, 0.30205099031218074, 0.32448532758269444, 1.1665188656416149e-08], [0.017349989958571815, 6.012739763210278e-11, 0.6792264592909889, 0.15620762511518982, 0.14721592556766716, 7.46474278745255e-12], [2.1609480219902254e-07, 0.11540068085147263, 0.3877665119300032, 0.39625016831151727, 0.1005817307116506, 6.921005837318489e-07], [0.10509254125373836, 0.02529595362172044, 0.18619882277263175, 0.5290803500620345, 0.11328625037917439, 0.041046081910814054], [2.5971913637335517e-07, 0.2142400373454799, 0.23831429637238555, 0.07649635812584267, 0.47094904830490364, 1.3081370079279795e-10], [0.25600475785779586, 2.3868511853945313e-09, 0.054851667497878225, 0.2867085060868602, 0.40243506503721943, 1.133400482013553e-09], [0.011356478539635236, 0.19691168982137294, 0.23769057034317073, 0.12769788888030884, 0.42634337095235064, 1.4637555204911195e-09], [8.665293879180083e-11, 0.19104357202606026, 0.2731020195828651, 0.15264416692304925, 0.38321024135701653, 2.4359444401661705e-11], [0.08233658776723685, 0.17091533475487064, 0.09394816722862594, 0.2404497862208428, 0.4123501235994349, 4.2899237761842443e-10], [0.01135074575605138, 0.15500164969631408, 0.2916997764684255, 0.2362860721836456, 0.3000103351186444, 0.005651420776878744], [0.1757738366057618, 0.02524707605005967, 0.19313651004093604, 0.28945652556309054, 0.31638595523718227, 9.650302921150975e-08], [0.04213751874347248, 0.16528067234360805, 0.23676441534863912, 0.11759863428912193, 0.4375585532911909, 0.0006602059763436456], [0.17720251353206132, 1.1899463779082606e-09, 0.22584166718371668, 0.37856386237779177, 0.21839195527736038, 4.3912316271107876e-10], [8.381188931224241e-10, 0.09966370832091354, 0.30864484902583084, 0.10258735491904902, 0.42274055824525947, 0.06636352865082534], [7.254237365929676e-10, 0.07831291378545618, 0.4726806840518694, 0.40562088007950525, 0.04338552078205831, 5.75667328342172e-10], [0.08380112369131888, 0.072849169430779, 0.23845570123435925, 0.5582955211862254, 0.04659848442198828, 3.5321530246660934e-11], [0.025834029796890267, 0.038147857513705134, 0.5810007918218691, 0.10782095198963917, 0.24719636886591556, 1.1929860288554389e-11], [0.14091805322858553, 0.07419188809367133, 0.22115312992931935, 0.07048828810936211, 0.49324858920109454, 5.143795983160944e-08], [0.04487019272142089, 0.1600591487232951, 0.23449074140177636, 0.15492592240926417, 0.40565395266683935, 4.2076832694925424e-08]], [[2.4458450967163563e-09, 0.13973664213758086, 0.33213617145420676, 0.38977996235910617, 0.13834721846958434, 3.1336742958726236e-09], [1.5064893686242753e-08, 0.15894188782569474, 0.3174167197412978, 0.2727085613373006, 0.2509328160184653, 1.1417212373768491e-11], [1.3175149013190927e-07, 0.14018199485554894, 0.3465287935509254, 0.33053759469628574, 0.1827514851364679, 1.1475809699677379e-11], [0.082407683566624, 0.09067121004212722, 0.2594454015372841, 0.32994664938285984, 0.23752875173903665, 3.037320679257426e-07], [0.053655748142070366, 0.16243191346501493, 0.16235247817691986, 0.32686459535938667, 0.294695238595319, 2.626128790314868e-08], [0.09819791466297402, 0.045157894326759915, 0.3330709530054794, 0.30890086697020275, 0.21467237013379867, 9.008031111926643e-10], [0.14022240970365912, 0.06414920752646909, 0.18931662220794362, 0.28997785938795895, 0.3163338830219458, 1.8149214206011672e-08], [0.04283776982350246, 0.07998598866071101, 0.39679595335215756, 0.27509081080628583, 0.2052894770869382, 2.703935697397158e-10], [0.07139083205112069, 0.09671261451727814, 0.30398148146437204, 0.20898001895785615, 0.3189287574740127, 6.295536493434392e-06], [0.20238650804699485, 8.64925457098815e-08, 0.1631553317080462, 0.38005484078231405, 0.25440323268095955, 2.8908754711947905e-10], [0.12892568601058513, 0.023640317188517904, 0.30394107284344496, 0.32347908186200125, 0.22001384208930821, 5.8246620861593324e-12], [0.08172423144317417, 0.12619604959286518, 0.2334039986463952, 0.11533417697058525, 0.44334152415720735, 1.9189774997034825e-08], [0.07055385447158634, 0.1515001663999907, 0.13623198764439942, 0.365489260829981, 0.27622473009226306, 5.617922219525481e-10], [0.032032421311077246, 0.10803571776852514, 0.35319507680652956, 0.29144620088391343, 0.21529047028398743, 1.129460346097261e-07], [2.214978783282264e-07, 0.15278163011927762, 0.31827813945577016, 0.3250668909733175, 0.2038731087336911, 9.219755490695671e-09], [1.1081039188328366e-09, 0.23675391281467384, 0.1487017070091932, 0.21685553608445673, 0.39768884298109514, 2.5013641437632316e-12], [6.190311499565153e-10, 0.17956667351614747, 0.29709695401257674, 0.16429559535959928, 0.3590407755683571, 9.242841427946156e-10], [1.1295895395838633e-10, 0.2334583111001096, 0.10879130678822951, 0.3997503270938713, 0.2580000546253633, 2.8005617156210005e-10], [1.022192499363069e-10, 0.2067238413399648, 0.18963245828921368, 0.3311830339124281, 0.2724606659312338, 4.249148861552173e-10], [7.304722056588915e-07, 0.22765555142004554, 0.19429553614493897, 0.12414359107545417, 0.453904589191454, 1.6959152681326907e-09]], [[0.04756433613863957, 0.12113077071525645, 0.29557440311308664, 0.2467764021176657, 0.28895408782330617, 9.204625620299455e-11], [0.04603097737912435, 0.11152779270688765, 0.31590161179247744, 0.27011785487278356, 0.2564217629077181, 3.410010221082153e-10], [0.09047288985938534, 0.10335831081160889, 0.19848734283316669, 0.37263008522138175, 0.23505137110521518, 1.6925361862632285e-10], [0.03183795262516333, 0.10597053939511585, 0.26842605984963036, 0.23140026938659428, 0.3259473131883342, 0.03641786555521595], [2.2078716335792294e-07, 0.17215445677819233, 0.2800259121966761, 0.2967642165164729, 0.2510551931543872, 5.671493734146575e-10], [0.1041146030620851, 0.09291392584917955, 0.21000475415696426, 0.2933546469437144, 0.2996117847483729, 2.8523964968491394e-07], [0.09623946759464352, 0.12782056513227544, 0.1618976736677625, 0.2372334785899434, 0.3768088002755022, 1.4739854698600986e-08], [0.07167468880440928, 0.08301677425618907, 0.31990082303607725, 0.26903866584002367, 0.2563689033252975, 1.447379238758898e-07], [0.0014609440719728951, 0.18298998577309095, 0.2527849241665358, 0.2894990626646138, 0.27326508332286065, 1.4455959688637871e-11], [0.008364347666358995, 0.17731340986910757, 0.2427601537720422, 0.3137382955587657, 0.2578237929714903, 1.627718327470164e-10], [0.03603221643037174, 0.11987057300548987, 0.32656834087628245, 0.24869919517824265, 0.26882967386343803, 6.461679629774666e-10], [0.0472809536924416, 0.08208207807976158, 0.3395045918907, 0.4337798659015648, 0.09735250678416581, 3.651367328596448e-09], [2.300435097170336e-08, 0.16022511227346123, 0.322740538571483, 0.24068829329880861, 0.2763460276780981, 5.17379915154549e-09], [1.955392625528971e-08, 0.16549696729459681, 0.2874103851706077, 0.32859408330371737, 0.21849854388856954, 7.883090032733476e-10], [0.05222291644580354, 0.10244353902372513, 0.3227934458782788, 0.26700134204525217, 0.25553875211399424, 4.492946753329675e-09], [0.07485172664433766, 0.11424342027449917, 0.20312621358680152, 0.40472186718790026, 0.2030567386211187, 3.368534520928252e-08], [0.11912400935097242, 0.09629525964379372, 0.21361153830740978, 0.10652296484504294, 0.4644462236302236, 4.2225626643266445e-09], [0.08664057597218125, 0.10279645993699418, 0.2246260583080313, 0.31379626134067107, 0.2721406432249417, 1.2170784811255624e-09], [0.013971429886542153, 0.14208235556873394, 0.3144093913872225, 0.30399930170260353, 0.22553750001997785, 2.1434905463294705e-08], [1.1375063914519599e-07, 0.1683169769127181, 0.2825034771898077, 0.3219362931035245, 0.22724313890868308, 1.353505658703382e-10]], [[0.08466225177060767, 0.09952107961807187, 0.24514000965040625, 0.2834668059176571, 0.2872098523237105, 7.19543234845294e-10], [4.810929112546962e-09, 0.160175015558193, 0.318883291857891, 0.2559394302278607, 0.26500225754222795, 4.578189013565446e-12], [0.0942193153680264, 0.06473348671655497, 0.3076363847437112, 0.2673479522720649, 0.2660627474324567, 1.134671906195141e-07], [0.02865864574879655, 0.13446872906967175, 0.2998873394833653, 0.2891254931730377, 0.24785978125542937, 1.1269795606560128e-08], [2.110949885549887e-08, 0.16329087278367793, 0.3130186565617481, 0.25028332921278273, 0.2734071199719419, 3.601009591469918e-10], [0.03669100854765448, 0.12196397329663188, 0.30947540235456295, 0.2891073267356067, 0.24276228878037584, 2.851657830491592e-10], [0.0592713022756327, 0.10470961306267385, 0.29690496176942716, 0.2789541639395184, 0.2601599580253101, 9.274376996090461e-10], [0.008470866578375601, 0.1397000205073829, 0.33095756229194795, 0.31424193049804433, 0.20662962011787098, 3.3430540872254628e-12], [0.03419899832505436, 0.15572180386490006, 0.2410355817649841, 0.2702825604113444, 0.2987610412892445, 1.434457092708992e-08], [0.06680162900815398, 0.10469087258891036, 0.2768688545099088, 0.28452673300790043, 0.2671119108654092, 1.9721791353600532e-11], [0.09858183121039177, 0.07216063802130594, 0.2672011738075637, 0.3139631872278417, 0.24809316130966974, 8.423234205137538e-09], [1.8307560405767828e-08, 0.1269108652478782, 0.4101381998156846, 0.20642330348896354, 0.25652761313271677, 5.173593779573187e-12], [0.09167270835975631, 0.08578232029580322, 0.2475915121574697, 0.3316765547971529, 0.2432769030977352, 1.2920785743231664e-09], [1.8308394175534332e-07, 0.1739151718949076, 0.2734086562158667, 0.3062413551045971, 0.24643463353850756, 1.6274618041472832e-10], [0.0297128855580088, 0.13164714679931383, 0.3180183792957704, 0.23505771763761918, 0.28556387064000066, 6.956450295316373e-11], [0.002158250985970913, 0.16315647285474, 0.3088450155223485, 0.24702769253144502, 0.27881256809457394, 4.889396241231821e-12], [0.07930426039803141, 0.09288293788167032, 0.2856528601556727, 0.23887249721011522, 0.30328743741936925, 6.935139342326675e-09], [0.024439817647788027, 0.1565111170181342, 0.2567850569835605, 0.2953450636435374, 0.26691894379828474, 9.084202913059811e-10], [0.027624460015359245, 0.15180042198149835, 0.25973292306846324, 0.2963792647419265, 0.2644629284592649, 1.7334364157849131e-09], [0.043852911993434225, 0.1097711886661496, 0.3141681546396975, 0.31331160586630663, 0.21889613801624674, 8.181669415303552e-10]]]]]}