{"SAA_list": [[[0.09552990345700589, 0.052226879650355044, 0.14161256888670248, 0.07721059242902431, 0.23354564042198683, 0.39987441515536604], [0.1436081074042074, 0.02404687063073862, 0.14178061855183138, 0.11177616250405492, 0.44680461347507866, 0.13198362743384867], [0.12937764092362256, 0.06242479187844887, 0.06200866068745974, 0.1809355792589514, 0.31033094324088123, 0.2549223840096545], [0.11934824856531927, 0.04127718556246172, 0.08151810214771056, 0.08962948241977359, 0.23961595801939015, 0.4286110232853449], [0.27032794835571167, 0.16618284227539304, 0.11357051103217708, 0.23851593456642853, 0.18943480752246555, 0.021967956247819772], [0.16242165997141866, 0.05678153076557646, 0.08397634019920269, 0.06089940266954025, 0.41184894851738346, 0.22407211787851414], [0.13302767197698115, 0.08207424709206519, 0.03914726137586184, 0.06092678000251286, 0.40539718317358314, 0.2794268563778723], [0.0984703146309397, 0.05914876012364665, 0.06140759478999487, 0.11213627123646182, 0.39639005577945774, 0.2724470034417326], [0.15920460302360703, 0.04065419830152258, 0.0046666682504635775, 0.15988774091024757, 0.583178258914598, 0.0524085305990268], [0.1460432925518596, 0.07559664174403928, 0.06778404768169982, 0.05646037135034881, 0.12814685567020614, 0.5259687910037542], [0.2339523248755926, 0.01134825121842187, 0.10354479705857544, 0.056886335991615244, 0.21547406217998066, 0.3787942286748369], [0.02787511348258976, 0.004000990810527633, 0.12355776824171713, 0.18765598718923324, 0.46355001473235996, 0.19336012554372092], [0.01844035849021794, 0.06167240280895472, 0.1737038779449896, 0.06879854296643238, 0.44539520954420936, 0.2319896082450741], [0.10649673523324937, 0.026502096324804426, 0.12134470808738108, 0.0934916766416029, 0.2100841444529852, 0.4420806392600879], [0.1630351851376776, 0.024594823835317487, 0.09829570978821311, 0.13261427009488377, 0.22682928979052044, 0.3546307213532686], [0.13555777337658306, 0.09911596065179847, 0.0822426417271972, 0.12204919307161995, 0.11538240940927558, 0.4456520217635751], [0.07262476726396087, 0.04488580761184425, 0.07344755936822496, 0.13487973246533178, 0.1288784993818889, 0.5452836339165749], [0.13768333629353113, 0.08068800671389789, 0.12006672049905724, 0.0736146998619531, 0.32195389047869455, 0.2659933461529891], [0.25307510974140385, 0.03673921333757306, 0.021795125519044292, 0.05503667638625684, 0.22038266862331893, 0.41297120639190965], [0.06151213564496648, 0.09488947286321342, 0.1063505272549594, 0.013131718798842373, 0.30483454321775993, 0.4192816022215218]], [[0.11682115180976566, 0.04329140704229366, 0.1461655584167881, 0.10355945054673213, 0.3601649429602935, 0.22999748922376567], [0.15987211868249224, 0.010993145386474593, 0.11766820659202236, 0.08902134290400802, 0.3941887039145602, 0.22825648252037276], [0.18543958203078187, 0.009259101827243458, 0.1576031371468038, 0.04207238886050814, 0.2193230681357402, 0.3863027219988477], [0.22882615138007634, 0.04953978109752735, 0.016277329736074823, 0.05256484743282991, 0.3997983085035637, 0.25299358186039095], [0.08254581215549779, 0.04012873792783834, 0.11667687279496754, 0.08831707019087433, 0.18502553729868626, 0.48730596963214406], [0.16131978072058528, 0.02975110086483109, 0.0913599356078, 0.0743967296405193, 0.28751082824397584, 0.35566162492228826], [0.16888844094087205, 0.03764144983185176, 0.05660387141497177, 0.08291757338443102, 0.3846599614021585, 0.26928870303098845], [0.1737277650521034, 0.07365461534062515, 0.08318794533405173, 0.01967912067111045, 0.3161845371259257, 0.33356601647935974], [0.14453187932950118, 0.03455146721566306, 0.12130344392401425, 0.05237201991882602, 0.08772064738230602, 0.5595205422181119], [0.13536141193935738, 0.031074396053692672, 0.07949456365088493, 0.09943204293579062, 0.3556126644477068, 0.2990249209725408], [0.3285631316565089, 0.044693832285321, 0.15186433120553827, 0.09673969395232868, 0.26757199069150966, 0.11056702020879089], [0.0915695821115893, 0.021172289248362678, 0.1624555337345933, 0.08042174222211565, 0.359642533843386, 0.28473831883995426], [0.07565858949815907, 0.03227687397385611, 0.08995145939679813, 0.12945823671799936, 0.27993964800885507, 0.3927151924043225], [0.2278299988255835, 0.014560497277305058, 0.08350592330349774, 0.09043813743183907, 0.31331285352330096, 0.27035258963801273], [0.03027336547017597, 0.01272756579407589, 0.17922909440120008, 0.12448387672926171, 0.39366592968598224, 0.2596201679184687], [0.21158801930089277, 0.023193261592784623, 0.13667126908341767, 0.015122672104178773, 0.09897977575435088, 0.5144450021646552], [0.19850674381282285, 0.03936187933107005, 0.10631854215179372, 0.10170755133335733, 0.210305201786669, 0.3438000815841861], [0.1576144806657223, 0.06650611458459638, 0.10027036444211652, 0.06456406923982365, 0.2975519611232063, 0.3134930099443142], [0.21594582904006385, 0.03594208787268944, 0.21853279852603638, 0.09407820124462261, 0.014292624954337618, 0.42120845836223575], [0.11197652117370321, 0.057786594394844966, 0.09822146539479625, 0.0507083327647884, 0.4469833031900419, 0.23432378308182072]], [[0.13997338215232558, 0.025746972796960546, 0.13554018609105167, 0.060698201362603496, 0.3892586405066312, 0.2487826170903807], [0.1379106829419734, 0.035204292741154095, 0.10415147820103005, 0.07029899933018138, 0.4079781601789905, 0.24445638656349403], [0.11652665367060187, 0.058713760362259594, 0.0554774860746166, 0.0804736341071507, 0.36076980733556985, 0.328038658451259], [0.15227632171447905, 0.027653401726861718, 0.15876889822290888, 0.029774224596172107, 0.31981348796514414, 0.3117136657744419], [0.14902707352638556, 0.010888055461523154, 0.12257847550668954, 0.0925701883602764, 0.33539590291356985, 0.2895403042315159], [0.18142217600565747, 0.029074737613328554, 0.14248841256287334, 0.02048004565266384, 0.37058146861363017, 0.25595315955203135], [0.09719388813303136, 0.036331337169241015, 0.11162890379295186, 0.08961160010339221, 0.3038758567454782, 0.3613584140496693], [0.11119674163991304, 0.03574631891968296, 0.08628353558623905, 0.10829527786828132, 0.3547456505813518, 0.3037324754024369], [0.05156249959081885, 0.05638598618820112, 0.13164217796905872, 0.067403131376407, 0.36918745998234814, 0.3238187448931702], [0.1455079493365405, 0.028288975231974912, 0.12945631453241704, 0.05706012111606737, 0.33879915573288016, 0.30088748405170307], [0.17918453176202104, 0.004632796816663474, 0.16177596733960922, 0.051661166103713636, 0.2933880941362053, 0.3093574438416401], [0.11909379740313171, 0.03532632785762078, 0.11828069768267738, 0.07109417710496903, 0.30788197126687716, 0.3483230286847177], [0.1340733092417983, 0.04594895543495636, 0.10631249315429711, 0.06257564884702844, 0.3136424127813777, 0.3374471805469712], [0.08630100945768328, 0.0536103909593126, 0.11916293430284747, 0.058836493082399875, 0.3043138306231892, 0.3777753415745732], [0.09346270729529242, 0.03775785459384196, 0.09890474596605411, 0.09991599205086112, 0.3534176958257939, 0.3165410042681883], [0.07529029526192425, 0.017341001615278125, 0.12570011847701315, 0.12851095278122288, 0.34055011253718476, 0.312607519327385], [0.03686010355477069, 0.06300030644949671, 0.1220589718569088, 0.1342105399159011, 0.4939162240663495, 0.14995385415757762], [0.1369239075574001, 0.021394549157249, 0.12592456096220075, 0.0785209989474917, 0.2693590483848648, 0.367876934990775], [0.12408698313180294, 0.0392115033376367, 0.09895027297436362, 0.07627891012607309, 0.39664635572413653, 0.26482597470600694], [0.07678740663644641, 0.05790702543274916, 0.11027593297402338, 0.08404570476065111, 0.272474764012116, 0.39850916618350557]], [[0.1468081353482793, 0.03824867322734961, 0.06647576836282625, 0.08881669963556778, 0.3376306974756953, 0.3220200259502717], [0.08254265923562937, 0.047572972331161985, 0.10524657473410709, 0.0840045851174336, 0.3581398054344309, 0.32249340314005737], [0.09256868097795132, 0.04263789883824766, 0.0998123598489437, 0.09061110797443028, 0.2717226705082508, 0.40264728184753945], [0.12722302450537715, 0.006159787720780973, 0.15422857705042717, 0.09054869843458684, 0.31952944347485185, 0.3023104688140767], [0.14915753384776612, 0.03968896693786965, 0.08899589262880442, 0.06622491176923331, 0.3262950174276988, 0.32963767738864086], [0.17200360080354699, 0.04427011433149988, 0.03510390105720457, 0.08588824648266984, 0.3535483826644419, 0.30918575466063725], [0.09521586518534296, 0.04835430811400065, 0.07390217058746407, 0.09931932734943434, 0.3432650605127453, 0.33994326825101173], [0.11789655183847572, 0.02852587220239385, 0.11977419365058448, 0.08338426608685394, 0.34213266879532056, 0.3082864474263708], [0.09693829750436757, 0.04901330188250927, 0.0953093333182482, 0.07950734369074522, 0.32801354837215146, 0.35121817523200644], [0.08308732134172711, 0.04996143319499363, 0.0923913479191221, 0.08956316276328315, 0.3051289583251146, 0.3798677764557594], [0.11940442219707012, 0.047597220368343296, 0.08041190338782994, 0.07887467187399068, 0.3352896960225627, 0.33842208615020847], [0.08582204121009854, 0.03394186215111209, 0.11496827237417996, 0.104922310066179, 0.32524504456467296, 0.33510046963335083], [0.10153378580983843, 0.042426599086611165, 0.10984035972900423, 0.07681659394664965, 0.34052431706837577, 0.32885834435958994], [0.11406618495658083, 0.02277066656227122, 0.11394354832378314, 0.10146434095996826, 0.3626473441354268, 0.2851079150619742], [0.12163564799368805, 0.026994000871762118, 0.12380227199446575, 0.08031712925693729, 0.2807884729825405, 0.366462476900701], [0.08022012345215923, 0.043118490616714106, 0.09774887677131658, 0.09990837935511865, 0.3186921512634375, 0.3603119785412515], [0.1297178093399533, 0.04343766821611946, 0.09771465702118898, 0.06544715813573201, 0.3019829619379728, 0.36169974534866856], [0.08899160965803472, 0.04985097742004948, 0.06900785689961517, 0.10482834218893244, 0.38409074572030244, 0.3032304681130708], [0.10351131961312642, 0.019236996677071048, 0.13141922911838433, 0.10097877286601642, 0.3031854764813483, 0.3416682052440307], [0.11932074973520657, 0.03951337945990834, 0.08624792461770608, 0.08923483323273795, 0.3506886175262629, 0.3149944954281792]], [[0.11676306703097522, 0.033630953276058535, 0.10500235629766555, 0.08664076533462245, 0.31940517158789766, 0.3385576864727954], [0.11565065727767608, 0.034027833417216866, 0.10843672391461916, 0.08386593091805396, 0.31277899664400627, 0.34523985782846756], [0.1406264502890125, 0.022219391708735534, 0.1052939923721429, 0.09128960864844513, 0.32681893939323864, 0.3137516175884084], [0.10230321453234795, 0.01921789272033601, 0.12357256017854594, 0.10822394963098636, 0.3101318496798712, 0.336550533257895], [0.12922544361904578, 0.05029356509893014, 0.07835162060028139, 0.06881678170981861, 0.33544841891964394, 0.33786417005227026], [0.1298681420405198, 0.02170990378567255, 0.08845639893574457, 0.11327054776977077, 0.3234167558108441, 0.3232782516574464], [0.10422280376265461, 0.03917055461992811, 0.0966531558347673, 0.09174573170845572, 0.3458294045562627, 0.3223783495169676], [0.09326723739350175, 0.04242667601190947, 0.11273607444480378, 0.08010749530892516, 0.330192702588687, 0.34126981425217434], [0.11339785876686838, 0.04159002532466376, 0.09728750196105214, 0.08045250937427732, 0.3435810623183228, 0.32369104225471923], [0.1151224188022728, 0.037224361024255484, 0.1252812927854547, 0.06463194948753387, 0.3325317714738726, 0.32520820642661874], [0.1407712121324391, 0.013694004602512586, 0.11603527258122674, 0.09828253796631004, 0.3074781965148741, 0.3237387762026423], [0.10749962139515576, 0.0413742356681281, 0.11269657305663645, 0.0723622310212961, 0.3350967635912642, 0.33097057526749757], [0.14063371141633424, 0.035052388007981994, 0.08684612489643542, 0.08243430569993573, 0.3364688231808306, 0.3185646467984763], [0.12144639079841713, 0.032044825903175714, 0.11029261308858697, 0.08213820899417829, 0.3577009358712478, 0.29637702534439403], [0.09201053188950693, 0.047270620697426394, 0.0958246129977929, 0.08569995055419402, 0.328430445493318, 0.3507638383677624], [0.13065621665923657, 0.03604640462091934, 0.09554254679328637, 0.08038245401593319, 0.3593773004964391, 0.29799507741418074], [0.16047799438926663, 0.008386334242521267, 0.1373794151314812, 0.07734075197625913, 0.32067053801052076, 0.29574496624999647], [0.12257105767321043, 0.03691732165804661, 0.1009634931195619, 0.07985762638374266, 0.33269905984233045, 0.32699144132310315], [0.12611476617707493, 0.01796846433365878, 0.1213879022472196, 0.09608489770777229, 0.35421783757551406, 0.2842261319588846], [0.12833079154775837, 0.021503691742869792, 0.11600147403854273, 0.09229267414174784, 0.2942854107313678, 0.34758595779774165]]], "bagging_alg3_list": [[[[[0.08006640134012058, 0.06660866662988857, 0.11655546560084823, 0.07641098506336033, 0.2207582389175781, 0.4396002424475287], [0.14527165446625667, 0.030013638252230374, 0.10313167756864612, 0.08094616463368463, 0.482544708269973, 0.15809215681466718], [0.15237658493882844, 0.0005500111891587137, 0.06530146694520611, 0.15607986573746163, 0.38473922978969155, 0.24095284140209275], [0.15861440970499277, 0.04229472767119959, 0.0764824136847482, 0.06492371919738377, 0.2147484934456246, 0.44293623629610074], [0.17568476079120984, 0.11814591515579854, 1.9756536959851005e-09, 0.11753802928719992, 0.1807216821189701, 0.4079096106711685], [0.14589993498734882, 0.07048157783399735, 0.07672279951586908, 0.021164107829777463, 0.29939174802798274, 0.38633983180502485], [0.13708711571505472, 0.07515403496661399, 0.032929609157463534, 0.05424675534144266, 0.41982103920040564, 0.28076144561811683], [0.11791824146120905, 0.05836153409769261, 0.07962250168305196, 0.14000344762647293, 0.36694137525078946, 0.23715289988076563], [0.08274339687596054, 0.09141776527055658, 1.6488298438069457e-08, 0.0877833985707783, 0.2893658638475314, 0.44868955894690743], [0.10217842860681582, 0.08176577844679837, 0.03967599642084421, 0.06017057644575243, 0.2730682918837756, 0.4431409281960147], [0.20152572408845446, 0.010598726457132975, 0.11975118186356422, 0.059157708272919454, 0.0996486295823454, 0.5093180297356953], [0.03286190918118179, 0.0009733568835102748, 0.13421705674448975, 0.18119509319759555, 0.45140157206902193, 0.19935101192217983], [1.5243474141612833e-09, 0.07067973465232825, 0.15083634881567198, 0.0785386878743416, 0.4925650775016793, 0.20738014962524273], [0.06823001193637235, 7.727351744160076e-10, 0.26147169970184797, 0.055138578649335704, 0.2315017489586609, 0.3836579599810498], [0.10586995008029333, 0.020540128082442394, 0.12694484971146522, 0.10037137841694681, 0.15129017770299988, 0.49498351600585233], [0.10530880652270473, 0.06256804480173707, 0.052086928710012186, 0.08341716131233999, 0.12129165743256598, 0.5753274012206414], [0.09297913729373172, 0.051368519636017025, 0.0570962547714083, 0.10896841002344221, 0.39419399998224763, 0.29539367829317087], [0.08676380469283174, 0.037531512172278826, 0.14283515593967358, 0.06932907433701116, 0.4204336133683381, 0.24310683948986886], [0.25367661239514727, 0.039899989821650925, 0.004531927210481801, 0.06270692253570578, 0.17466712833838816, 0.4645174196987805], [0.047368991870590245, 0.14129717899015756, 6.168113616210052e-08, 0.01950156560839067, 0.4382961777856275, 0.35353602406389906]], [[0.15160301298340548, 0.04284288574975654, 0.12118900002896957, 0.05572326100090011, 0.26136658743789404, 0.3672752527990945], [0.12131257515499771, 0.047078563507468876, 0.05122044017089119, 0.10215477021576413, 0.2697920643101648, 0.40844158664070734], [0.1504560471563633, 0.0017439725898589547, 0.10092046525229545, 0.12606474902911774, 0.25281497667142516, 0.3679997893009063], [0.19072411649485885, 0.0345242138640162, 0.027831590041192872, 0.09719896056804822, 0.430176611237174, 0.21954450779471082], [0.0838421799036129, 0.06442663357066279, 0.10578247809001275, 0.05116684891473674, 0.21536336879028617, 0.47941849072977943], [0.19370384984015393, 0.014545122995384609, 0.10574196126416227, 0.06869340410693217, 0.20101292979692262, 0.4163027319964989], [0.14068696003695513, 0.05686128177470335, 0.05159044384017861, 0.07054348104906039, 0.36365505907722945, 0.3166627742221355], [0.09382848887528265, 0.053054047500747, 0.04958865349375148, 0.11130248615581426, 0.35694426287295916, 0.3352820611014538], [0.16455663478577884, 0.04226402514391299, 0.095336504857515, 0.04552125127782221, 0.15673179633423787, 0.4955897876007138], [0.0918393543493492, 0.016871553389163987, 0.16610193243667173, 0.08508474166668657, 0.22492153850583935, 0.4151808796522884], [0.2677915686582431, 0.01929106080630152, 0.03958110105669484, 0.06311973581014786, 0.35393401106789213, 0.25628252260073625], [0.03805803213688413, 0.028646724120328728, 0.13131609191479832, 0.12849786307426192, 0.3985459506647473, 0.2749353380889848], [0.030483562523947537, 0.10571612913749902, 0.0542599472068956, 0.052761804481282044, 0.1852582030465043, 0.5715203536038722], [0.19526640086270639, 0.03195739630838585, 0.04393304610250138, 0.08550594705064095, 0.2266630167344424, 0.41667419294139496], [0.017005777795597896, 0.09232494006009097, 0.07328169933485462, 0.07158657119471068, 0.3082415106921891, 0.4375595009224503], [0.05897037343042405, 0.051546752633716456, 0.17884696074296236, 0.03281404315906348, 0.24378261388667155, 0.4340392561471604], [0.1292798144043139, 0.04434241310512992, 0.0869740234399387, 0.0727161134323565, 0.24769656762284534, 0.4189910679962711], [0.2680291316535162, 0.009339782839159781, 0.06457334879740396, 0.061171501466475355, 0.3699674742445647, 0.22691876099886427], [0.1361785314063506, 0.017515603216302085, 0.1166454747917852, 0.09404173968053019, 0.4649986869044863, 0.1706199640005661], [0.05672229772396628, 0.11739957690096663, 0.035176302478151414, 0.03920226683836144, 0.39664751649810626, 0.35485203956505224]], [[0.16575060353261717, 0.06822045640891185, 0.10205930971241498, 0.04191154694352052, 0.23935195778151744, 0.38270612562051876], [0.13746163495806682, 0.03800222248972391, 0.13048858763977136, 0.04359300979868868, 0.2763741351006515, 0.3740804100131006], [0.121132089186011, 0.025772322064732046, 0.1131625811295638, 0.09163711714642664, 0.3272061543396183, 0.3210897361336485], [0.15708089173620904, 0.03672043875662416, 0.13064552811559108, 0.0746473399527682, 0.294753470894529, 0.30615233054162083], [0.09073074981286805, 0.04495993805338066, 0.1378366592295394, 0.056869630445982165, 0.42015561682995795, 0.24944740562827605], [0.14549144861586874, 0.042720942769156535, 0.09411372121169541, 0.05894338938058805, 0.32702891202828327, 0.33170158599441135], [0.08624112471881584, 0.0549692322818275, 0.07574106163162812, 0.09169509031369187, 0.3582259512815445, 0.33312753977249615], [0.14407205233127784, 0.034016486565512934, 0.06234816193546757, 0.1019719108412857, 0.3858375518556453, 0.2717538364707902], [0.18849376545744623, 0.05585444853672643, 0.07726709690664253, 0.018843273045651143, 0.3641627830476521, 0.2953786330060461], [0.1689143963140977, 0.020418724242773408, 0.07796454917817584, 0.09736745885561739, 0.24696587130157804, 0.3883690001077722], [0.11028371083732778, 0.015442242832077773, 0.15371407301135154, 0.08531184164720804, 0.3215659044314878, 0.31368222724054595], [0.15985300094123295, 0.00258367451627115, 0.1637649086284338, 0.06709801621173837, 0.3045418290342665, 0.30215857066707935], [0.16526708681744853, 0.04668205680449556, 0.0889026759440503, 0.042261433923522676, 0.3119894892624785, 0.34489725724800424], [0.06282923895395397, 0.020307988971584156, 0.11841486535464527, 0.1373329177270878, 0.25980785724968347, 0.4013071317429407], [0.165337281808225, 0.046475027808044876, 0.08624624778896262, 0.044643091140766505, 0.22887515843357445, 0.4284231930204169], [0.05874356116036657, 0.05679229399363897, 0.11494262619469717, 0.07535969411710576, 0.4146000297152103, 0.27956179481898585], [0.09950268684280994, 0.05905324192534616, 0.08686922531375774, 0.06593198674420693, 0.31428744308960205, 0.37435541608425127], [0.1628251343663747, 0.029966594800638673, 0.07782762263772983, 0.08407006220280301, 0.37028321391273566, 0.27502737207947675], [0.10071907885786893, 0.06626989946023505, 0.06201239894872526, 0.07205340329905464, 0.44308072476648863, 0.25586449466795647], [0.10671875938288695, 0.04306797622527535, 0.1365241694959931, 0.05027710604804782, 0.24818086529271743, 0.415231123555102]], [[0.13986648725198517, 0.02454183271967769, 0.08345030429999192, 0.10521930172905992, 0.3141382638061713, 0.3327838101931093], [0.08985277662483358, 0.04007469604911717, 0.12077234538725978, 0.08038105717761644, 0.399270109609317, 0.26964901515185247], [0.13293948244911544, 0.02742516942155449, 0.10280633004933117, 0.08882424036802823, 0.27337705788430006, 0.3746277198276699], [0.11394026196705599, 0.036640659639831145, 0.09461728303595722, 0.09149688783065794, 0.37982511453149725, 0.28347979300150955], [0.12017508019094743, 0.02839796144496621, 0.08016920524210706, 0.11417848901270577, 0.30247030334856323, 0.3546089607628461], [0.1185141030960692, 0.040391596711409614, 0.08158207247452032, 0.09200301298258506, 0.3936775137354453, 0.27383170099996984], [0.117768353049973, 0.037379645726041834, 0.07260438592639157, 0.10545347439400221, 0.4308046917064369, 0.23598944918995732], [0.14570325781097687, 0.030217448059580286, 0.09929442967387021, 0.07779899030381635, 0.307207300493413, 0.33977857365833397], [0.08415135691696152, 0.04123761904326191, 0.05676176731500442, 0.13404771456002887, 0.349933224123536, 0.33386831804121275], [0.1191583527477549, 0.034872554506964616, 0.1099774313134129, 0.07868102901500702, 0.33988778473431874, 0.31742284768254514], [0.09036696270585332, 0.024919489855002443, 0.13010358693705323, 0.10042821966545482, 0.2629983508388748, 0.3911833899977489], [0.10719929025422952, 0.033510113597654365, 0.11150057619797539, 0.08806434646018553, 0.2695024147261181, 0.3902232587638373], [0.1013790683487952, 0.04421676492092904, 0.13775477329623498, 0.05101718067119353, 0.4106074799340909, 0.255024732828751], [0.08831642750702774, 0.03512378357486178, 0.1206079050165362, 0.09066977489544419, 0.32803649836034415, 0.33724561064578695], [0.10787202378004375, 0.032075858658895715, 0.12180624771372481, 0.08183101583428425, 0.2198345640997419, 0.4365802899133598], [0.13554302415087935, 0.04467183934555552, 0.10019327577103788, 0.057186735180414415, 0.32613569216208005, 0.3362694333900373], [0.1670278975998685, 0.02268613236993154, 0.11486885472873402, 0.06455180931997624, 0.3078984861725953, 0.3229668198087514], [0.09692992441564043, 0.03426565425754848, 0.08426819462944067, 0.11590163202357077, 0.3387941453942836, 0.3298404492795172], [0.08473449387511203, 0.03988393724224961, 0.11727147256335667, 0.08707274399894507, 0.3925960408590904, 0.2784413114612453], [0.08264562737694277, 0.03774155887563892, 0.08648598503531542, 0.11744265778374928, 0.3582984780397455, 0.317385692888607]], [[0.13643601481173187, 0.03241765808051442, 0.08780961341641585, 0.08940224674020568, 0.3229914043960127, 0.33094306255512396], [0.10258806727750115, 0.030943585342805977, 0.11234345746143658, 0.09537271250039091, 0.31962511765645013, 0.33912705976143], [0.1458053936630895, 0.03064835008726375, 0.08603031001172531, 0.08772490029642996, 0.3239508354675292, 0.3258402104731216], [0.1070719121795407, 0.033377671377693464, 0.09548199473478812, 0.10155577164267697, 0.37789245273596855, 0.28462019732930277], [0.08007832201439201, 0.05074450328621927, 0.0992292510719602, 0.08465826922095444, 0.3384963810442797, 0.34679327336330723], [0.11679011074091585, 0.04170343359245129, 0.08565171532769889, 0.08732247261705224, 0.3074603205217765, 0.36107194720010566], [0.12961369137628287, 0.029647923916852136, 0.10758506253841116, 0.08314178572648605, 0.31298224824822773, 0.337029288193708], [0.10709364589933895, 0.03173924595137031, 0.10168636771419358, 0.09944050581344878, 0.3000521698564699, 0.3599880647651443], [0.10123553362149655, 0.03195031387134899, 0.12262771463987815, 0.08606432875925896, 0.31228789859682327, 0.34583421051385577], [0.11239467446355018, 0.026423066705819016, 0.12060357360997905, 0.09032183932501316, 0.2967215088028736, 0.3535353370927778], [0.1446989964892589, 0.03440456136269084, 0.09900352049671517, 0.070982317964831, 0.3372747232386357, 0.31363588044784285], [0.12477082024301824, 0.03922415651393236, 0.12170241598238322, 0.05715785522293236, 0.28680732003700815, 0.37033743200072405], [0.13697739991194277, 0.024183572689239558, 0.10248817187229996, 0.0924398041460526, 0.34454412882155194, 0.2993669225588832], [0.15970885038425242, 0.026748718388170552, 0.0993823565666536, 0.07459595436990965, 0.3123368318362364, 0.3272272884545098], [0.11090768978973203, 0.04961559196237219, 0.09318334930183832, 0.07052051847897392, 0.3024804348766019, 0.3732924155902078], [0.1365661936247926, 0.03517337534938589, 0.0967120466376752, 0.07696895680472193, 0.32877649147984017, 0.32580293610361], [0.1234786782127822, 0.0425696088256529, 0.10367898381363465, 0.06653372567931826, 0.33760356565634997, 0.3261354378122609], [0.11314300918181325, 0.0288332570925326, 0.0937971427598033, 0.1071150555172545, 0.3045091534128167, 0.35260238203578126], [0.11282707133020026, 0.052073251497130234, 0.09416376720260425, 0.06962233539899014, 0.32628091295271167, 0.3450326616209642], [0.144775954326559, 0.020497920926316943, 0.10677580396186671, 0.09045791595279362, 0.33600850963537976, 0.3014838951970846]]]]], "bagging_alg4_list": [[[[[0.13817552519343113, 0.04330699890700053, 0.09127236548092707, 0.08739503718917752, 0.2258106179883986, 0.41403945524212665], [0.1313826111761332, 0.04206488896333867, 0.06647851140706176, 0.14246851756951204, 0.36734638105849493, 0.2502590898268071], [0.09161986830208725, 0.08252825932126058, 0.05922997395413193, 0.05018478432650629, 0.3381947296693133, 0.378242384426701], [0.10291286308401476, 0.02699265168845825, 0.1194877347965358, 0.09653428251666836, 0.20514023719096977, 0.44893223072335375], [0.15194078371206993, 0.08741848363972463, 0.01781789228251888, 0.2533372229182926, 0.16370909966160516, 0.3257765177857884], [0.14772058194325735, 0.05341001418084616, 0.062495398122061556, 0.07197958521874342, 0.3422785174926975, 0.32211590305413734], [0.08064101446166552, 0.06965807110536934, 0.028381265953955303, 0.10681030807252757, 0.44017003441849284, 0.2743393059879866], [0.09245589155630772, 0.04820516798961258, 0.10039191258310041, 0.14144595413467945, 0.300976531199001, 0.3165245425372703], [0.11665290756098678, 0.02195585423074717, 0.041237396929821514, 0.16039071843692798, 0.45585451633208807, 0.2039086065093712], [0.08951560998446925, 0.05942216970094398, 0.11485418884824719, 0.049295505776332224, 0.2742528866577205, 0.41265963903229474], [0.22127550323648443, 0.0018033873681544967, 0.09736616794474445, 0.08044423499325982, 0.30254047509184356, 0.29657023136515326], [0.10139324701668603, 0.0014467835458234102, 0.021994131163224937, 0.22444520853941144, 0.3591556810665524, 0.2915649486682548], [0.013398093532260973, 0.05773448175023642, 0.12757753571435543, 0.09444132850217923, 0.4614120207544177, 0.24543653974657167], [0.07294741516646719, 3.68043776614894e-06, 0.19456247489010484, 0.10612102120341278, 0.1357935935249151, 0.49057181477504885], [0.07156617477926241, 0.03741937458023198, 0.10418116670629521, 0.11094895248256126, 0.1360003694174592, 0.5398839620341191], [0.0837178259013178, 0.07575657957802595, 0.0463926472247847, 0.07840731985151071, 0.19346315722229782, 0.5222624702220671], [0.08304122324257712, 0.05678285513554013, 0.09054554769904387, 0.07850981392142253, 0.37308759479440656, 0.3180329652044499], [0.10872699556041196, 0.040689896131405896, 0.14107266323035228, 0.0498297111472454, 0.39728496092920557, 0.2623957730013458], [0.27210331179694175, 0.04762242857163153, 7.636416208081004e-08, 0.03948327634795767, 0.216109913157814, 0.42468099376166657], [0.04099239388906301, 0.09635105691297234, 0.04673696326507525, 0.06938367876973042, 0.4061583990402894, 0.340377508122928]], [[0.11154843729395246, 0.034198290436725336, 0.10363736752781046, 0.09027074660190385, 0.32455183206114185, 0.33579332607846607], [0.10964706474849405, 0.045292322739861196, 0.06170630362707427, 0.10511684463075838, 0.4000365638269814, 0.2782009004268277], [0.15355457256974198, 0.008064583384441746, 0.20534633025435797, 0.0272835206684517, 0.1830782489956454, 0.42267274412730843], [0.14172673142398687, 0.05883187843358289, 0.13756557668470354, 0.006160508965633929, 0.20916552195349733, 0.446549782535928], [4.0218266085832724e-11, 0.057810500118869436, 0.1962887389615539, 0.08117854788230502, 0.1697815696347902, 0.4949406433606094], [0.11181521909471032, 0.0018770272338040437, 0.09771575353887431, 0.1549205175008125, 0.2945040011052071, 0.33916748152845855], [0.21058335155297567, 0.032754153841926, 0.01028476956273676, 0.10113930148693781, 0.42203479835862695, 0.2232036251974289], [0.1025657690824786, 0.058556336895890695, 0.10803485665126203, 0.04774567682670975, 0.4459536692240781, 0.23714369131957894], [0.200505280150618, 0.029777881289642295, 0.09276458983346551, 0.04622043190290651, 0.16260089875463535, 0.4681309180687724], [0.21033852854963947, 0.030446683458952524, 0.0670468706783457, 0.059269541957449726, 0.2598352507954898, 0.37306312456014734], [0.27329864921835995, 5.134921615766343e-09, 0.14935307048961474, 0.12085476513823454, 0.2480017087430048, 0.20849180127586725], [0.07564682622532888, 0.03789864631048881, 0.07519475080888303, 0.13132728194585513, 0.5173022214729273, 0.1626302732365174], [0.0946015512826179, 0.060235026847614566, 0.11562356853459219, 0.04358357599535641, 0.20351576586217193, 0.48244051147764083], [0.21563185306723828, 0.015557104380489522, 0.07947189354936277, 0.07325080014632826, 0.27928996718557375, 0.3367983816720159], [0.015590760809705484, 0.08022379058856756, 0.11308034077478984, 0.06288999303327182, 0.43649293593418564, 0.2917221788613822], [0.08485016160409559, 0.05633628642212648, 0.07808401033499604, 0.08791299873244542, 0.1440451714248264, 0.5487713714815138], [0.15331499578995678, 0.05213401333180954, 0.08491231584609586, 0.07496391661635331, 0.3843640272475546, 0.25031073116861086], [0.13844911896733772, 0.04578763705075379, 0.1038633210176671, 0.05028988295136984, 0.4340979419156791, 0.2275120980971788], [0.10729437493380235, 0.05026444317828926, 0.10568655612302288, 0.061641380328767224, 0.3097484029989973, 0.3653648424371315], [0.21348805801654522, 0.06983121925155121, 0.02451626570546815, 0.018877130743469535, 0.5593734638212587, 0.11391386246346169]], [[0.0802933089115755, 0.03371612999640713, 0.13985821283530805, 0.08294463558071764, 0.18386113609109078, 0.4793265765876624], [0.09379517856375875, 0.06479067353701527, 0.07792006648543744, 0.06640026536147092, 0.2815415680079468, 0.4155522480443709], [0.09139097249048016, 0.057199855875097544, 0.07907514908430892, 0.08121509853963048, 0.28271250693793587, 0.40840641707269154], [0.14945367341878069, 0.05201951387121895, 0.1374779778688142, 0.055850731848141634, 0.28215027989268276, 0.3230478231003471], [0.08298436900337147, 0.06928872193371542, 0.042145442872754034, 0.09453535978774373, 0.30919460351954375, 0.40185150288292787], [0.1654209336451886, 0.05503851333494494, 0.12172132493599522, 2.342827231527023e-10, 0.3340721482407202, 0.3237470796088914], [0.07688201660071592, 0.04386982355454476, 0.12112606210488099, 0.08163914340857652, 0.19396157998346786, 0.48252137434809506], [0.09743956768276181, 0.05716477427140804, 0.136145984197719, 0.030885216478057902, 0.35668801703576575, 0.32167644033429926], [0.08612843605286184, 0.0590989888390268, 0.15573376436079633, 0.019061533611965817, 0.3126967178365743, 0.3672805592989904], [0.0835835539971117, 0.062198761042529666, 0.1379054423847043, 0.029571948539023767, 0.3481363464585181, 0.33860394757807327], [0.16295997735907095, 3.1064853727987697e-09, 0.08500768285616, 0.13384490117796, 0.37888526928631533, 0.239302166214166], [0.1399161012554952, 0.057480043618568843, 0.09861910688340307, 0.03150466559174529, 0.20352369437592527, 0.4689563882748602], [0.23367697893630185, 0.02634221096467613, 0.1046927355476511, 0.020434868422750493, 0.32426883746213014, 0.2905843686659472], [0.04939689756049506, 0.019780712773924267, 0.1468378872907314, 0.12438306761301623, 0.2338440811725859, 0.42575735358919825], [0.08885638979159084, 0.04887180311786205, 0.044570314303008327, 0.12649971830286696, 0.31749961235553487, 0.3737021621290525], [0.09211453609554604, 0.042402415860337155, 0.13286129154660326, 0.0647748663432801, 0.4631075800390617, 0.20473931011516916], [0.11052710891235523, 0.01864380970387974, 0.10143351652023627, 0.12176282002821731, 0.3967029569292517, 0.25092978790604636], [0.15963232988538828, 0.025821363035470786, 0.06461449082250735, 0.10471226944237917, 0.38624318924465695, 0.2589763575694737], [0.059711976332967404, 0.026583549049237595, 0.14717617354915516, 0.10460929851159764, 0.38267878191297827, 0.27924022064406445], [0.11209887847004246, 0.0393910932153464, 0.07591384515895548, 0.10282855458389148, 0.37306108711083796, 0.29670654146091163]], [[0.12981111474626728, 0.03459080116144805, 0.0647155875794951, 0.10880436601901435, 0.43254577409054557, 0.2295323564032902], [0.12545940393859992, 0.024212850883336308, 0.13342679992662737, 0.0751498511094163, 0.3536202809914066, 0.2881308131506212], [0.11129254338467101, 0.042605581758863906, 0.07732351876098585, 0.09624571980142131, 0.3612106369573619, 0.3113219993404174], [0.0570217493096419, 0.07564308085873775, 0.12154748078566345, 0.03612036708001215, 0.3983663481899032, 0.31130097377598953], [0.12440260999001226, 0.030908873752904215, 0.08251765679638759, 0.10471205546447653, 0.3028202274472045, 0.35463857654901493], [0.14564508133631535, 0.03851839925611573, 0.05253308946922895, 0.11138651886878152, 0.349048477100034, 0.3028684339782071], [0.10880408230301487, 0.04722744165535993, 0.07097113028547962, 0.0945443211651004, 0.3793681971923491, 0.2990848273975698], [0.1430944712454516, 0.02735461568544761, 0.09377117942059451, 0.08944626319740982, 0.3482284731547401, 0.29810499729637374], [0.1259847995786393, 0.06639508166551356, 0.06347726949987613, 0.05327211252767723, 0.39267919059877415, 0.29819154612952853], [0.13848740465653048, 0.025281223170683785, 0.1204633071058396, 0.07462246427397824, 0.23852149181666768, 0.4026241089762917], [0.11570371127514058, 0.026170106326507483, 0.1327631492235598, 0.07866914780730695, 0.3102986360722295, 0.33639524929525366], [0.06999166377293048, 0.035472619341924284, 0.11958290958157237, 0.10332670251983746, 0.2780036224172068, 0.39362248236562997], [0.08179719373940728, 0.05480934193894323, 0.09627895026777375, 0.07841375129458684, 0.4042278350477381, 0.2844729277115515], [0.09156771848922865, 0.03716747126221943, 0.13599629160201612, 0.07225115632777036, 0.4043392108063706, 0.25867815151237916], [0.15123836501290064, 0.027137364509745462, 0.13737241581192644, 0.04872005676382034, 0.24397508768858778, 0.3915567102130687], [0.14111900590649476, 0.023449894676927787, 0.04679417482179745, 0.13613486316918832, 0.29157247455203156, 0.36092958687351356], [0.16796857793712638, 0.052983282143738465, 0.071594910042308, 0.047957355374365525, 0.28345417595704897, 0.37604169854013525], [0.12946909997204445, 0.035889087375841, 0.07909056898468794, 0.09474536023087209, 0.28193363464254295, 0.3788722487940138], [0.10753590867170658, 0.031357008620610256, 0.09579602666131262, 0.10463305085912454, 0.30008562264933675, 0.36059238252802783], [0.11363308767164443, 0.03056342467002192, 0.07019884118404777, 0.12270788574201488, 0.2864910135658077, 0.37640574716630604]], [[0.13107519098532353, 0.03912638905333409, 0.09873142610701512, 0.07173605473831779, 0.3255398051743703, 0.33379113394165183], [0.09369443105018918, 0.04942049349460511, 0.10926618812247753, 0.06957992760986469, 0.2882281667727489, 0.38981079295014864], [0.1571678578189997, 0.03537081068075236, 0.08087105082422691, 0.0753513385222203, 0.3146785713778924, 0.3365603707759113], [0.09733071379298128, 0.033553831627300384, 0.11582045850587858, 0.09129090205348361, 0.3161339435879327, 0.34587015043242164], [0.09394129981910657, 0.030036294350372448, 0.1349086602796923, 0.0846474101570643, 0.31966494941432416, 0.3368013859794029], [0.1151204719263932, 0.03680736459691275, 0.12105607419514192, 0.0688179420375564, 0.3161582975271179, 0.3420398497168794], [0.1241290143967723, 0.03915251989220174, 0.08763727070680555, 0.08543394613970995, 0.31197528216510506, 0.35167196669940587], [0.14481158391852794, 0.023552768528467515, 0.09815493777303422, 0.09173001914779322, 0.31470181434821803, 0.32704887628397666], [0.11997436226052524, 0.03605873658885778, 0.08353914152687703, 0.097412110297085, 0.35401739322837117, 0.30899825609826687], [0.13850379679534733, 0.03727526045593945, 0.08885405758076624, 0.0781053323862449, 0.3181880768202791, 0.339073475961407], [0.13030780579251044, 0.03389171087982476, 0.09441270055252468, 0.08550197822235238, 0.32934219184530933, 0.32654361270746635], [0.11548773448492207, 0.03397238138571926, 0.1318123676308122, 0.06509403996652235, 0.3131825480068697, 0.340450928520029], [0.1395111962864316, 0.030426642843731765, 0.08797586643564534, 0.09091695424110112, 0.3630078063290923, 0.2881615338638164], [0.13993075834350432, 0.03546870690580967, 0.109518711044514, 0.08193173117709829, 0.34534400782637553, 0.2878060847033242], [0.11078410621200786, 0.049948295777025906, 0.1136322911520302, 0.05342231469135742, 0.3359579737513856, 0.3362550184162825], [0.13620240774327066, 0.0341865184225115, 0.0891307423957257, 0.08529838371821048, 0.39411470388777464, 0.2610672438325068], [0.14070660840308716, 0.039355183789765234, 0.08658133043780963, 0.07462083226283951, 0.3492268961904554, 0.3095091489160467], [0.1249325183904239, 0.03353754908394664, 0.09716054616286304, 0.087609063966053, 0.33108845855541114, 0.3256718638412981], [0.1183610441966381, 0.03770610128519965, 0.08816517172254258, 0.0940448066292209, 0.35039181324249025, 0.3113310629142043], [0.1300169796688113, 0.025994195544688185, 0.12215579423071456, 0.0805510847568482, 0.3160556630996722, 0.3252262827023985]]]]]}