{"SAA_list": [[[0.08856084172686171, 0.3689561384677081, 0.17487447454663266, 0.12533424115468794, 0.10195512679766389, 0.14031917730644217], [0.1370519603189728, 0.2878789860415309, 0.22945793322420605, 0.1887071411990586, 0.136907240989707, 0.019996738226549807], [0.16458363664405748, 0.5064141596566685, 0.07886602284744748, 0.22275125784491906, 0.01483064703309392, 0.012554275973904596], [0.11901695645876793, 0.19337968825621304, 0.1355304196837984, 0.15086878731297007, 0.16756333418807887, 0.2336408141001701], [0.15254863961344203, 0.4826737393400696, 0.10976356583159938, 0.23556522611265135, 0.019448828911104134, 1.91100693411368e-10], [0.20275231612347328, 0.32377375688921445, 0.13319493159453236, 0.10025001124642365, 0.20625520929030242, 0.03377377485606081], [0.14967092491106662, 0.35434573759802857, 0.06101201019484174, 0.15124172917428735, 0.2051200904542292, 0.07860950766754518], [0.09208652313094422, 0.33093719039527936, 0.13562820798164235, 0.2334571137244284, 0.1490893970510045, 0.05880156771669339], [0.10111102442635313, 0.4944407342475055, 0.014112727840636033, 0.2045426244518252, 0.18579288885893083, 1.7488102379623193e-10], [0.11004063265021384, 0.5456306723975596, 0.09122494006861763, 0.09173313844836632, 0.04138150536015731, 0.11998911107522077], [0.2896816156614499, 0.21037873477337635, 0.17203880822373893, 0.12932052849256598, 0.07554508503633697, 0.12303522781253202], [0.03484980120730684, 0.07248549222796584, 0.20690429767808183, 0.32937282127519446, 0.3092105778371934, 0.0471770097742674], [0.03382613585730406, 0.3313311330358232, 0.2353115325375245, 0.14506269178589812, 0.19279901050135068, 0.06166949628210791], [0.10953464997738378, 0.3659437245834067, 0.10897063685265643, 0.15050347646616521, 0.09996623968787613, 0.16508127243251244], [0.10476732720801162, 0.3214331095746923, 0.21936642501835976, 0.1867374969414933, 0.09437577866191732, 0.07331986259553315], [0.129262670057377, 0.3964512871007865, 0.1260137395595564, 0.22761432631832007, 0.047082411682845764, 0.07357556528111381], [0.12613473909282555, 0.3249517099025528, 0.11973111936496253, 0.23199664644287493, 0.008698468823646627, 0.18848731637313818], [0.14001263913635198, 0.37484193121479936, 0.17341821909345423, 0.12707219477815299, 0.12843656482956725, 0.05621845094768469], [0.3699127461536341, 0.30354101598129823, 0.05440042193128956, 0.14688117938650538, 0.0044985019327014, 0.1207661346145168], [0.04270641106691131, 0.4856587540282325, 0.19509852106540296, 0.06798501594290324, 0.11972298170738434, 0.08882831618959033]], [[0.13600186392086486, 0.389673848086476, 0.20340781331961835, 0.16789833626903208, 0.08937113521153134, 0.013647003192470274], [0.1832769027465554, 0.213282775694186, 0.1797546624957796, 0.21858937109560408, 0.20366413243611292, 0.0014321555318825374], [0.19427067169432474, 0.14819771118742464, 0.2865043039478091, 0.08728190292773824, 0.12571396287772613, 0.15803144736497493], [0.22496297353841158, 0.4281837703059447, 0.06914398145325529, 0.10918120393601978, 0.14119910314078038, 0.02732896762559649], [0.070059751077579, 0.24924296689265768, 0.18815808839308643, 0.13454831820792573, 0.12048770977328795, 0.23750316565547117], [0.16712785985641862, 0.23552647260467738, 0.1527443961834344, 0.12787770024558337, 0.18442845605188424, 0.13229511505799912], [0.16623484237129907, 0.3499280558154085, 0.1171113234834502, 0.15912161068113892, 0.15038950775439935, 0.05721465989430205], [0.16736105776350294, 0.5029603042597816, 0.13095184695857617, 0.04124137499386986, 0.10867552278737783, 0.04880989323700551], [0.15820302798586766, 0.34451367855887555, 0.19602148635618738, 0.11466823252417709, 0.024542303723059416, 0.16205127085183815], [0.13515485205823677, 0.27445142445692094, 0.12852955240733402, 0.19534943812610778, 0.18920849072695098, 0.07730624222445064], [0.2764959067083288, 0.31926669061759116, 0.20150857309766415, 0.13066346008063096, 0.06420259680592817, 0.007862772689853002], [0.10273527849696927, 0.22014237699670466, 0.2583013765303143, 0.1508763164096754, 0.19462832249631687, 0.07331632907001698], [0.0635847492124908, 0.3345626390118385, 0.16570136676296485, 0.2223185397076615, 0.10823888805260139, 0.10559381725244356], [0.24139261790626218, 0.24493544925268837, 0.14330614321835455, 0.1775208850241646, 0.14188234938893796, 0.05096255520959272], [0.02296973733648263, 0.31806562422947093, 0.2769529427197159, 0.208162323405196, 0.14209264327395457, 0.03175672903509911], [0.20938327619292835, 0.25993954360294724, 0.2214083803370598, 0.03723682335802473, 0.05050332710986411, 0.2215286493991784], [0.17976734726715937, 0.36257800485497976, 0.16197200810955917, 0.18531212311051654, 0.0547992873422081, 0.05557122931556897], [0.1515807026854823, 0.4399628740420261, 0.1505878287122064, 0.10673935379962729, 0.09533606694460756, 0.0557931738160262], [0.19858038956905147, 0.3097980789879373, 0.3113412883509492, 0.12395785469261929, 0.0017297169261377564, 0.05459267147330621], [0.10856646406902207, 0.3847507133068168, 0.158488614470682, 0.09589847138520861, 0.20058158818894947, 0.051714148579316346]], [[0.1370362026883261, 0.28854442618849613, 0.2225353117210356, 0.10959033313314814, 0.19510513354022305, 0.04718859272876284], [0.14068313838689653, 0.35654512944164346, 0.19796367014025698, 0.13052425062342554, 0.14971642555869208, 0.024567385849086566], [0.12947923275618087, 0.40024684538391886, 0.10313747916695397, 0.13749305177535073, 0.15670712838668321, 0.07293626253091355], [0.14940340184001327, 0.32907352777825044, 0.2529328999219386, 0.06739393491669333, 0.13954012251250134, 0.06165611303060668], [0.16234953200164962, 0.20340237954040713, 0.21061531171658474, 0.17299265116331983, 0.17467882930557047, 0.07596129627246818], [0.19171349002652469, 0.33362773241940963, 0.24354165423439156, 0.05389741967106645, 0.14566809344620077, 0.03155161020241423], [0.10104332108859303, 0.36475061973971923, 0.18588742926978685, 0.18122594418201493, 0.09881667497796676, 0.06827601074192018], [0.11172188263351679, 0.3635822275470315, 0.14281817807628974, 0.18704401635951504, 0.1344359740828643, 0.06039772130078117], [0.049739213960247455, 0.3847295024968846, 0.1987876913864129, 0.11602469669078404, 0.17400676324079145, 0.07671213222488152], [0.16124533442533534, 0.331192647602679, 0.22335874660316035, 0.12461023869751899, 0.11126273805363372, 0.048330294617677315], [0.1977098717776799, 0.14911437173517206, 0.26946337570908396, 0.10304173149498393, 0.1788434039040851, 0.10182724537899603], [0.13002100551170162, 0.3252955350988367, 0.18902648051542342, 0.1294604758708642, 0.14027622928593989, 0.08592027371723507], [0.14696385448647775, 0.3710932019271837, 0.18447477316714223, 0.13383782025252983, 0.10176716309385163, 0.06186318707281946], [0.08739434129408444, 0.35471058145354356, 0.1967743262039978, 0.11218016690986228, 0.14211146448792997, 0.10682911965058327], [0.100069976481524, 0.3598618944304713, 0.16362506492891735, 0.18335709362453725, 0.1517774225508857, 0.041308547983636416], [0.07501536089207285, 0.28569036789453156, 0.2125851965918398, 0.21977472891514152, 0.14054211325086813, 0.066392232455546], [0.021662444412789028, 0.4040973425302232, 0.18016264023797374, 0.20770422984292577, 0.1772694492902151, 0.009103893685962369], [0.13838259245274823, 0.2960633255926963, 0.2140464185797078, 0.14761823762087198, 0.10605743693324333, 0.09783198882073667], [0.13433320021372794, 0.365516202674023, 0.15896635067548814, 0.1370182795050956, 0.1636357316154079, 0.04053023531627719], [0.06946483610320558, 0.47128125557777784, 0.2005969400090662, 0.15313524425052874, 0.05794448727264304, 0.047577236784930005]], [[0.16220128462528244, 0.3469377562127092, 0.12080187124464682, 0.16816641240344796, 0.1379859940428171, 0.06390668147109473], [0.08172449850976382, 0.36621467239039857, 0.19050941556029158, 0.15517801564163103, 0.14251345864060389, 0.06385993925732186], [0.09696338272488855, 0.39117973481500606, 0.1750735970628596, 0.17491418945357973, 0.0850709846105038, 0.07679811133315778], [0.10638414678621157, 0.25103700689219693, 0.243441663360231, 0.15722843110884197, 0.1634338034397148, 0.07847494841280399], [0.15567402424188076, 0.34391179433856456, 0.15540730650025705, 0.1306895796353891, 0.14965195327052913, 0.06466534201337473], [0.17922378346004694, 0.3516716434300709, 0.07272630583111989, 0.1526425190983165, 0.16996932018525912, 0.07376642799518668], [0.09507698456736963, 0.38454719894407724, 0.12677012392454248, 0.16798724934608017, 0.1486748682733756, 0.07694357494455657], [0.12415195462637812, 0.3071853400088069, 0.20122849485371702, 0.15433060864781287, 0.14576809332310522, 0.0673355085401838], [0.10339580891781076, 0.3895435706666808, 0.1751455583791114, 0.1520686800662785, 0.10894318476299553, 0.07090319720712723], [0.08162283085837764, 0.38210755080515957, 0.16297568923607633, 0.15747568714808877, 0.12918667327098635, 0.08663156868131038], [0.1185307973390189, 0.3946401895676053, 0.14350939971278875, 0.15763781773294772, 0.1296699580864021, 0.05601183756122429], [0.09144296870502842, 0.3319251449145902, 0.1982945681230407, 0.19971478125908496, 0.11470352762225212, 0.06391900937601432], [0.10358207397162475, 0.3380508432483984, 0.19265102433125392, 0.1491845271577742, 0.13828849723251344, 0.07824303405844008], [0.10359078493840583, 0.32500491986877794, 0.16963904239445213, 0.16109276351224086, 0.17953057343459927, 0.061141915851523655], [0.13018514060113281, 0.3068375351071076, 0.21845753349769942, 0.14783080042475732, 0.10811377092953608, 0.08857521943976505], [0.07851892871315151, 0.36999814444882173, 0.1640577520792169, 0.17824838581977878, 0.1257072522932279, 0.08346953664580094], [0.14319673973200212, 0.37937736869967886, 0.18142513509862138, 0.1290053392577941, 0.08500631334301575, 0.08198910386888938], [0.07555939414878435, 0.4159200945496314, 0.12153742358859955, 0.17024275438604972, 0.1703127483776957, 0.04642758494915367], [0.10650209222457624, 0.3164448151939738, 0.22454441464022237, 0.18383342908612496, 0.09706261017795031, 0.07161263867715081], [0.11149048088448753, 0.3678111855106789, 0.14583297801159795, 0.15911862084150077, 0.15407627886813133, 0.06167045588360312]], [[0.12101582459342068, 0.33624195660336986, 0.1774826668964969, 0.159535186749867, 0.12890786116659933, 0.0768165039902481], [0.11664740105238941, 0.36638558930927756, 0.1852912003161518, 0.1539909138512195, 0.11289869066014446, 0.06478620481080846], [0.14406347629712185, 0.30248547865758235, 0.17399835365587482, 0.15835775232971713, 0.15178750870921828, 0.06930743035048384], [0.10027728840483653, 0.30221497648114065, 0.2021403074635074, 0.18490373625926218, 0.13460598548914798, 0.07585770590210404], [0.12813168563736185, 0.39181655549677447, 0.13857603579549208, 0.12829877413856866, 0.13997016104447554, 0.07320678788733008], [0.1222429618994232, 0.31977856924678444, 0.14842305184200696, 0.17752383146777287, 0.15457774451282452, 0.07745384103118726], [0.10742955414522991, 0.3794377965829808, 0.17569074829747566, 0.16978959518958492, 0.1288680113773447, 0.03878429440739774], [0.08642532414968634, 0.378855461728518, 0.18523244709575062, 0.14994632626263563, 0.1288401406964739, 0.07070030006693893], [0.11626926743967977, 0.37883002156298895, 0.17599116127241335, 0.1543905271701468, 0.12323975572980171, 0.05127926682497087], [0.11477021825409915, 0.35409528399563683, 0.20389940663361572, 0.13071667887550775, 0.1313924758035939, 0.06512593643754833], [0.12902202025077258, 0.29982014267572643, 0.1751608762873422, 0.15194067575357845, 0.15099185249737476, 0.09306443253520531], [0.10836734199948557, 0.36251130024855194, 0.19268286167758233, 0.13504346615115345, 0.14184549890050868, 0.05954953102272622], [0.14836190580758407, 0.3397745853650129, 0.15852002137090496, 0.15610677347563678, 0.13082302243291274, 0.06641369154794845], [0.12397383451337882, 0.3515045284269834, 0.19851593842547396, 0.16298921246285478, 0.13180650115060358, 0.03120998502071346], [0.08465288635477693, 0.38278730067193323, 0.16461103505165645, 0.14953399478445026, 0.14180727893178266, 0.07660750420540101], [0.13019423180997908, 0.3637239227666826, 0.1659688171650744, 0.14760694716956269, 0.15128227338763128, 0.041223807701136886], [0.14365773602981083, 0.26331022912103447, 0.20164678999554278, 0.1264480112738081, 0.1849747531896783, 0.07996248039012356], [0.12231868492112621, 0.33063604529088997, 0.1695232299953774, 0.14544587166284784, 0.15676507203562454, 0.07531109609413479], [0.1139709749046015, 0.31497140624037406, 0.17841291987160432, 0.15535542692222842, 0.18546299387713414, 0.051826278184069235], [0.1277977826679488, 0.31487629339044354, 0.19205532374046388, 0.1653963304884554, 0.1146082358531765, 0.08526603385950925]]], "bagging_alg3_list": [[[[[0.08744473454288411, 0.371276742480825, 0.17362452701695885, 0.11596565341379023, 0.10601256556057706, 0.1456757769849672], [0.15965092984451484, 0.3673224418191062, 0.17717928130329016, 0.16524232329998867, 0.12686844125244062, 0.0037365824806577324], [0.19106268362232265, 0.5107855246015761, 0.04518629913765901, 0.24323600405701506, 0.004897923828524608, 0.004831564752963594], [0.1733848369924271, 0.16880506749733518, 0.12475883402510199, 0.1508070030721139, 0.1772682341465312, 0.2049760242664918], [0.22003435556756462, 0.5042264563029469, 0.09103964616778434, 0.1846924389275785, 7.1029480880892215e-06, 8.696278169572365e-11], [0.22965424228034845, 0.30560070753122986, 0.13860408235598257, 0.10564175262531887, 0.22049921412332452, 1.0837740875334484e-09], [0.11391954998967511, 0.36325276852882266, 0.06556900206435487, 0.14568502081833795, 0.2229519713718133, 0.08862168722699794], [0.2324635915738241, 0.30184213767505036, 0.1500336243864698, 0.15860873853032503, 0.10684215133197912, 0.050209756502355186], [0.08113001464544982, 0.3975439711231496, 0.020147063268432467, 0.12179788712455436, 0.21514750692050139, 0.16423355691791008], [0.12450536991150608, 0.5956454204497507, 0.08775128791186983, 0.04884354834781124, 0.045613838182700636, 0.09764053519636315], [0.21848158460708617, 0.20914972963648476, 0.1392210141446027, 0.10084672848339299, 5.937681536647613e-08, 0.33230088375161315], [0.0516719975047581, 0.1954627986790131, 0.20638363152279562, 0.28230604284215904, 0.22691048708394135, 0.037265042367336305], [0.011072041148234523, 0.31091048644942143, 0.20338738141666976, 0.13433424975343383, 0.26272117814793955, 0.07757466308449612], [0.11901753654821616, 0.26622286443166276, 0.2885862031931911, 0.10415962915814467, 0.08457946542522521, 0.13743430124355643], [0.07951737286195239, 0.4788259530649378, 0.21959261298815996, 0.14089960187728925, 0.050334917873331594, 0.030829541334351635], [0.19776969915516035, 0.4001016341771146, 0.08463184440846602, 0.21976969154319204, 0.052366420167394595, 0.045360710548680336], [0.14114782964885328, 0.25762600297086086, 0.06923460920727868, 0.15557286425870787, 0.26502683509417346, 0.11139185882012431], [0.1232493307584436, 0.3202329437161374, 0.23160967458607293, 0.12469798350290022, 0.1658470279539669, 0.03436303948247709], [0.37961653548604, 0.26205430432854265, 0.0679873910963873, 0.1693913904507566, 1.300704395201659e-10, 0.12095037850820141], [0.14582048472171422, 0.4183727456267949, 0.20625429071201082, 0.04477165836886828, 0.10606782173689297, 0.07871299883371785]], [[0.10501494342261536, 0.4013309269198749, 0.13541389436105863, 0.16438684100600476, 0.1767150796998149, 0.017138314590647432], [0.06852069576428343, 0.37246958888330745, 0.13754360888113581, 0.20230255700308974, 0.16721269093154736, 0.051950858536645446], [0.09150573097362895, 0.3620808626138291, 0.1338313905589385, 0.2709051433985917, 0.07984036696286985, 0.061836505492157114], [0.2094219772429512, 0.5155723304459886, 0.09077034326542327, 0.07829062469420879, 0.10594472374363789, 6.068997969537051e-10], [0.10158894879373563, 0.24245805022449757, 0.17225204062636945, 0.11010584745409482, 0.12191016604491711, 0.2516849468563851], [0.18045224409743946, 0.40863394131695524, 0.0821099728222124, 0.07999840700287665, 0.17590612101737704, 0.07289931374313122], [0.16860325564531856, 0.320688382321345, 0.08582460297360013, 0.09837087160597595, 0.2214105656402244, 0.10510232181353683], [0.08046400484517759, 0.3524944616075639, 0.08576606947103296, 0.1759805619850773, 0.16786332235499576, 0.1374315797361537], [0.19294228423390022, 0.47101277141108244, 0.14377713590140861, 0.08934206468886798, 0.026069365485823396, 0.0768563782788847], [0.09749296625644811, 0.2987474230347358, 0.1574218147852023, 0.22848950757276515, 0.15845740122967056, 0.05939088712118809], [0.2315503780658904, 0.38868726653696817, 0.14882900132222282, 0.07565349334255604, 0.10340955981615871, 0.051870300916192366], [0.11842552985208425, 0.1958628433051376, 0.1616994889354268, 0.29043828448536524, 0.23357385328226135, 1.3973019236384558e-10], [4.147979597911103e-12, 0.457355265351549, 0.27101130629896825, 0.1215353924674137, 0.06657757415060205, 0.0835204617279457], [0.19529842691335123, 0.2878963019197524, 0.19023574567909463, 0.12225458645316425, 0.1271338445101437, 0.0771810945244928], [0.18104717080464763, 0.4445450857396706, 0.09973790623680322, 0.11445251722782929, 0.10875858774313765, 0.05145873224791211], [0.08651207630522625, 0.3649508967988881, 0.39597057275703057, 0.012380059160908917, 0.032764404791496664, 0.10742199018642389], [0.17273548413405543, 0.4153854044613324, 0.13557368483358137, 0.14604201318889645, 0.0097082113059301, 0.12055520207620482], [0.12318371845057366, 0.43275643644296924, 0.2841205153232859, 0.07259034546666009, 0.07085675565162033, 0.01649222866571289], [0.11853120147741728, 0.12207438083297997, 0.19209801948463892, 0.09905839701243571, 0.41463738160956787, 0.05360061958296229], [0.06384362170406793, 0.4867152212665611, 0.11291344416608735, 0.08630949744590923, 0.2502182146262506, 7.911018825583372e-10]], [[0.16375055662531549, 0.3748294838138141, 0.23966178586166317, 0.08160948831051044, 0.08548681180736012, 0.054661873581356046], [0.08684755308783512, 0.3682414652371989, 0.20527528693821467, 0.1842001905091612, 0.1520287541476304, 0.0034067500799669363], [0.07994742525740631, 0.2820646553427371, 0.18718867182595328, 0.1285722122194495, 0.2243619804583915, 0.09786505489606394], [0.09708342226626347, 0.5342362700442621, 0.1331234442976326, 0.13104793213382857, 0.0446731831625648, 0.05983574809544857], [0.08661648710424347, 0.3546398682651269, 0.18091829524475989, 0.19339016624465585, 0.09791064403873016, 0.08652453910246287], [0.13493297319096548, 0.4201536800650516, 0.137130482401771, 0.14377289530321882, 0.09616294258233354, 0.06784702645667072], [0.13878427008590885, 0.3942446706862161, 0.1493702006019857, 0.17878099081444856, 0.1326261892243109, 0.006193678587107956], [0.1729268204699653, 0.42057719737631777, 0.15062730119369613, 0.12412599920716824, 0.10255716332361607, 0.029185518429232254], [0.1194136075307603, 0.4706447135089891, 0.10615125292881263, 0.07866668282737739, 0.14231387347503335, 0.08280986972901899], [0.13984325814178694, 0.34056509911666477, 0.1517253882450025, 0.07919267383939521, 0.19318917497284022, 0.09548440568431575], [0.11329337802465032, 0.38303520469765023, 0.20699591253226557, 0.13251127517283898, 0.14143294434816261, 0.022731285224385722], [0.06068270073692907, 0.5206729705483105, 0.18781943387829134, 0.057900417313027426, 0.09701449660649798, 0.07590998091477398], [0.12415381617465755, 0.33457494611638294, 0.21301932816584648, 0.2119983309758626, 0.0483213536170819, 0.06793222495016299], [0.09297803909899788, 0.40894499266124906, 0.15378150875032615, 0.2026171886308337, 0.10157152218947176, 0.040106748669072746], [0.09426696100990252, 0.3220871714517721, 0.16513059168225439, 0.1189662027004316, 0.1645430620007686, 0.13500601115487443], [0.10518981858636563, 0.3399393426708152, 0.13534976467485008, 0.23888942759280232, 0.14923689799249304, 0.031394748482682706], [0.08685179802540557, 0.39372140386088883, 0.1509569108014156, 0.22555833918149656, 0.1312663874803439, 0.011645160650446854], [0.11587329587250546, 0.3843753651152555, 0.15034074579283885, 0.13096754223975507, 0.13611045908349034, 0.08233259189615266], [0.08452381120125886, 0.44175966517130866, 0.13123491079155952, 0.11366741304243952, 0.14255653999758247, 0.08625765979583819], [0.20721897373668427, 0.3229639003935189, 0.16935968735616144, 0.10712689190847645, 0.15175643797935276, 0.041574108625807724]], [[0.14647826032307418, 0.24790931011744646, 0.2018865610988274, 0.2008700585687946, 0.14491684271722463, 0.05793896717463149], [0.07526714042120079, 0.409335017494362, 0.19391326481100934, 0.13302526128366354, 0.12501258770012796, 0.0634467282896425], [0.15256594767269072, 0.43878847513672536, 0.09744392841997264, 0.15199154714140364, 0.06790843934078028, 0.09130166228842986], [0.094954006573436, 0.32022667128998394, 0.22355048296080945, 0.15323845511543113, 0.15605624880521332, 0.051974135255121394], [0.1372431237594229, 0.30434928413241574, 0.11874042424923467, 0.18213051810486472, 0.13039918905741157, 0.12713746069665055], [0.10036196217175247, 0.41501662756980184, 0.13191152650411217, 0.14263916804114998, 0.12989572348282755, 0.08017499223035635], [0.0981054236065877, 0.37106684499032205, 0.16177481607248942, 0.19254526908262018, 0.1502266360910443, 0.026281010156923447], [0.12831684561441284, 0.2997309980702026, 0.19741883282031558, 0.17398282774867332, 0.12622971359654697, 0.07432078214984514], [0.11765620595409891, 0.32482941815369337, 0.20203784635112146, 0.18288540244000556, 0.10697316836702485, 0.06561795873405266], [0.15804004719424347, 0.33831277547722854, 0.19149516015243379, 0.14396756539497033, 0.07749576572746743, 0.09068868605365286], [0.09467244283391908, 0.31478658898262185, 0.22915135333031372, 0.1547231343289682, 0.13050249189090682, 0.07616398863327127], [0.07006784920246974, 0.3034302984183797, 0.23629647808946566, 0.15818333859250366, 0.15596331508148945, 0.07605872061569341], [0.14458559919202318, 0.33146980293544664, 0.21050930481807045, 0.15983950653533205, 0.09360207775358823, 0.05999370876554444], [0.10684170531831895, 0.3731335708784742, 0.14612217024418808, 0.1420472792335869, 0.16088074562961274, 0.0709745286958291], [0.07901106997855975, 0.3009618431877564, 0.16364904409812514, 0.18216949759930437, 0.18420889161140686, 0.08999965352484636], [0.14740622702022893, 0.36228181234462836, 0.201466893229311, 0.11801929664088195, 0.10659324631564547, 0.06423252444931117], [0.11876091806308094, 0.33348535772054777, 0.25943843242165454, 0.07700498204691528, 0.1454097142621863, 0.06590059548561739], [0.14978589874996232, 0.3059716283503828, 0.23355811680788732, 0.12846697901563642, 0.10096325562009054, 0.0812541214560371], [0.1447213345356654, 0.3556164666120742, 0.2210304977264136, 0.12443720737007255, 0.13115125498938976, 0.023043238766369087], [0.0940823455526158, 0.2841868889362928, 0.1383701357418056, 0.19938961295204466, 0.17291974897208026, 0.11105126784516109]], [[0.11597968726389005, 0.3900985601067331, 0.1412520942506344, 0.1545279248927264, 0.10752759107276805, 0.09061414241324854], [0.13327112784040193, 0.36581637108463394, 0.186288166921308, 0.1402213134157874, 0.09258945951380529, 0.08181356122408191], [0.15250128190049658, 0.2817913098695543, 0.16353031283030803, 0.1629807218168447, 0.14972640980091384, 0.08946996378188053], [0.1078569765944851, 0.33214792914075153, 0.18374454982876184, 0.1869844986418024, 0.14507265517969248, 0.04419339061449827], [0.10224367008230838, 0.3823406134239819, 0.15465026143033278, 0.1540704002451555, 0.1570353370640436, 0.04965971775417454], [0.16115046401857028, 0.30448107272528213, 0.17733837769536664, 0.15881682767922473, 0.13545558565206398, 0.06275767222949385], [0.12606000639773154, 0.32226136089293345, 0.19062308672753997, 0.161892352310248, 0.12365711365315946, 0.0755060800183893], [0.14856127421096965, 0.30102820403846997, 0.17624859694760797, 0.18541781431500134, 0.11554301430350447, 0.07320109618444245], [0.1355584947492008, 0.3324866630529768, 0.20483469253597716, 0.13877622947933943, 0.1344348188484934, 0.05390910133400172], [0.0919525003956629, 0.3557830130371645, 0.21239017530435125, 0.17758591359842393, 0.11149490587745897, 0.05079349178695006], [0.11765661963114049, 0.3514838881689439, 0.17722351275582915, 0.12660638455592918, 0.13492675331508922, 0.09210284157307051], [0.10385099930381549, 0.33498638977735196, 0.18306794035157103, 0.1488347963459562, 0.14080385344504825, 0.08845602077625757], [0.1435842940854364, 0.28685687728430065, 0.17401287408766905, 0.18159165566624225, 0.14216779572165933, 0.07178650315469158], [0.1426346196645152, 0.31667700777712626, 0.16642535765822924, 0.14294042703525786, 0.14498225735765916, 0.08634033050721489], [0.11175690585977413, 0.3788692228217398, 0.15695919304549125, 0.12694556649520797, 0.13807567120860392, 0.08739344056918032], [0.15811680188084382, 0.3382587291553856, 0.17062809283517397, 0.13295114288250917, 0.1269040984828578, 0.0731411347632323], [0.1406453635229216, 0.3377917449134432, 0.14589374823827855, 0.13221078086370933, 0.17731502895658827, 0.06614333350505769], [0.12361656908219937, 0.3006357765448332, 0.20358393561277763, 0.12883827725774127, 0.14794540767345865, 0.09538003382899071], [0.13822781272638138, 0.36973291995419333, 0.1627620190255299, 0.151998793969501, 0.1323787086248927, 0.04489974569949948], [0.12789982941791017, 0.3281254308472006, 0.22406577793497662, 0.16648312582978317, 0.09674308856288573, 0.05668274740723971]]]]], "bagging_alg4_list": [[[[[0.20417029225211417, 0.32348607315337513, 0.12776230627006527, 0.12454165877548184, 0.10067285605309699, 0.1193668134958667], [0.16919546294890658, 0.3710642519698976, 0.21959559349727809, 0.11700873031146497, 0.10274957685383525, 0.020386384418603937], [0.13813991648883617, 0.48718733197011743, 0.08125870356226626, 0.26333585993753406, 0.028329040148764757, 0.0017491478917337515], [0.12831505430711554, 0.1404875691751375, 0.234446288266473, 0.1851602912854939, 0.10967191886818188, 0.20191887809760004], [0.05254637033638486, 0.4836450942092383, 0.07093783113092036, 0.3256266516674682, 0.05054589692396103, 0.0166981557320942], [0.16490133199287735, 0.5472777765545657, 2.3940825288035097e-06, 0.038583010861309386, 0.16481339816420582, 0.08442208834451005], [0.10229602595395926, 0.37563596815633105, 0.07033290561371108, 0.24695600388596167, 0.17622622147059566, 0.028552874919443534], [0.26851616764017067, 0.2192614916173392, 0.12507737560581586, 0.2160063563766005, 0.11529090336343245, 0.055847705396642584], [0.14258632092427545, 0.41590997889882897, 0.23595352748900192, 0.09092217330772093, 0.1146279989610582, 4.1918372753917745e-10], [0.02716613045139544, 0.5613587349134609, 0.1596168161245376, 0.0891653560233865, 0.05836770500309876, 0.10432525748418447], [0.24660053002499743, 0.28349732672758965, 0.3023954354316695, 0.043561515512407285, 0.048974145887372623, 0.07497104641598422], [0.12841033819613196, 0.04046515143632237, 0.15536043090003832, 0.38729587081040434, 0.2884682074250384, 1.2320805339833609e-09], [0.026294733236264054, 0.352816603696129, 0.2038252324513095, 0.13923994422914723, 0.18309695593940817, 0.09472653044774014], [0.15399562859971835, 0.11082793919948367, 0.3431626054261506, 0.16133948543603954, 0.06133729336335732, 0.16933704797525959], [0.07337402863097764, 0.3368811001202831, 0.2533091964944851, 0.1484254987136743, 0.0707027669571143, 0.11730740908348489], [0.13253625975360223, 0.34758891642174444, 0.11992743853701185, 0.1976584687420655, 0.08221676034267204, 0.12007215620290346], [0.038127465407832684, 0.31747521757403485, 0.10587668748353139, 0.18758504828038283, 0.23801159193616783, 0.11292398931805182], [0.09156195249705468, 0.5396731328074591, 0.10038312953811841, 0.13976094124425772, 0.07138687258770644, 0.05723397132538401], [0.29242042965927423, 0.36526831203863425, 0.09615024370094384, 0.1473888399138972, 1.2346274885285197e-07, 0.09877205122450063], [0.081708048412208, 0.48794793900054656, 0.10622196099659728, 0.10034597468713376, 0.13157715344780388, 0.09219892345569966]], [[0.06152403452507948, 0.44867083028147503, 0.1336437258131977, 0.18225179805738168, 0.03579553362003094, 0.1381140777028381], [0.07949942078359357, 0.2536354203200629, 0.1742297285382839, 0.24302840731130668, 0.15614235495023854, 0.09346466809653477], [0.2060271497504601, 0.3216855682364014, 0.2263201374387708, 0.057817530383187876, 0.14160614933024432, 0.046543464860954474], [0.1641771559607596, 0.5138327972967816, 0.14208484581889513, 0.017709235471127568, 0.1272591821444707, 0.034936783309015326], [0.08151204017090705, 0.29736263837052723, 0.25249486251492814, 0.12180453252640984, 0.12046073209108475, 0.12636519432614826], [0.133589321496879, 0.4599412194154522, 0.09147164427201929, 0.07833493720645791, 0.1987393567901348, 0.037923520819063354], [0.26315116277796247, 0.20623929284783835, 0.06939366193811095, 0.13791330194955148, 0.2402523012561461, 0.08305027923039195], [0.017976005975696974, 0.42166686989897045, 0.17111525250948884, 0.16218484695536284, 0.22705702457654917, 8.400292794126318e-11], [0.23315229925852535, 0.29696172029895024, 0.132996056015792, 0.12920131619657715, 0.08546020948528688, 0.12222839874486902], [0.09300095479145841, 0.20157055832495377, 0.25421077482861737, 0.23179892296065469, 0.0868486275381685, 0.13257016155614493], [0.25530764217999075, 0.27348050646480276, 0.1372375732863114, 0.15297432614667247, 0.13891089187904276, 0.04208906004317949], [0.12910360402763657, 0.15466869816641443, 0.15999632925843882, 0.2505330335978374, 0.3056972863817077, 1.0485678867128798e-06], [0.09681388845983525, 0.49674661258687836, 0.1465489315340082, 0.07674949097602005, 0.09300539305661441, 0.0901356833866445], [0.11059427018111542, 0.4368292961164722, 0.09861111400496336, 0.18090388570108484, 0.09652228458658482, 0.07653914940982891], [0.013984732886516475, 0.5111264711724314, 0.11726629891631564, 0.09703793266648295, 0.12942875392736078, 0.13115581043091745], [0.08982786977388267, 0.4031897626240055, 0.3480355194709647, 0.05964481467780508, 0.02802509464648153, 0.07127693880685282], [0.08055189847680336, 0.5159852885754025, 0.14409983993880224, 0.1668107813526428, 0.04189396671196225, 0.05065822494443884], [0.09330510412444262, 0.4493725849515732, 0.36366698928849595, 0.04121321260350526, 0.022774752476378543, 0.029667356555601807], [0.15835544979135394, 0.21838259434498491, 0.04744456198523523, 0.08384081413166795, 0.3243689835898119, 0.16760759615694318], [0.07775029986825176, 0.49078309979557505, 0.09440220545379674, 0.020029700703205124, 0.30597432784624207, 0.011060366335311987]], [[0.07112881794527551, 0.3791421088105218, 0.21395683690797163, 0.08476555025794226, 0.13826373369925057, 0.11274295237903842], [0.12179090415027372, 0.35552613496916907, 0.23540200290628815, 0.12322482314434394, 0.12129829491936835, 0.04275783991052922], [0.09858497431411349, 0.3341069982237988, 0.1362104903389352, 0.2664082293802165, 0.11190899934140311, 0.052780308401553705], [0.08840694277611247, 0.32537745202342017, 0.13480181408342923, 0.21131234616273623, 0.14169979078207207, 0.09840165417222904], [0.08344965825930738, 0.2773825975020566, 0.1349401768936656, 0.2024373889642026, 0.12845016813662805, 0.17334001024413936], [0.1204043954096497, 0.4160478055089968, 0.1930182481238811, 0.15442135329445197, 0.08730781012484258, 0.028800387538229052], [0.15296891858570907, 0.18988045595073813, 0.2202653942974728, 0.24093742965800238, 0.07880153014961173, 0.11714627135846475], [0.08706078995618748, 0.44435618507035773, 0.13939780206470362, 0.18389428608312652, 0.10443704987736731, 0.04085388694822845], [0.12898522598512419, 0.5392066875975491, 0.09238767701086248, 0.12142765066949482, 0.07242321326742848, 0.04556954546954246], [0.13131115767961102, 0.4868041090090148, 0.21555557928031388, 0.09925263725844363, 0.042711336863145016, 0.024365179913902173], [0.113634487524963, 0.10813845357528748, 0.24930267849296367, 0.23333302594567445, 0.20504870504509315, 0.09054264941601929], [0.14380456365248523, 0.4307432320533499, 0.09901508690174951, 0.09665267122653233, 0.04202328561375922, 0.18776116055212377], [0.23651188239854248, 0.36466221065687554, 0.1349751971023649, 0.1396126225890324, 0.08365545588225892, 0.040582631370925014], [0.055304479263340055, 0.4331017168562267, 0.16722405525239986, 0.17126382501971357, 0.12774100884763612, 0.04536491476077514], [0.13202045850176874, 0.4216809722942246, 0.02306319161215232, 0.18876244872661246, 0.13651519969103693, 0.09795772917420183], [0.08514311553708923, 0.46899220994759416, 0.08877178079894901, 0.15892341842993338, 0.1981694745267763, 7.597792898879552e-10], [0.028340408200363067, 0.3649626985253013, 0.2202595285769143, 0.16314573890988698, 0.14000931670224948, 0.08328230908532018], [0.1073994128411613, 0.4420283592102864, 0.09213500262016903, 0.2519693926773008, 0.05850612393115475, 0.047961708719914516], [0.0795661850798217, 0.3720373329097855, 0.12006691384231362, 0.130590381770048, 0.2662244453776101, 0.0315147410204106], [0.061354402997037684, 0.5373889109407186, 0.1312295825383005, 0.09987737410515793, 0.1057898581726616, 0.06435987124612604]], [[0.12789347554881905, 0.3161445025164481, 0.18535958232038513, 0.16889415031546462, 0.15769304998542608, 0.04401523931355997], [0.08719291605058789, 0.33354178054654177, 0.2753150154828618, 0.11815502591651014, 0.1279362019475379, 0.057859060055931305], [0.13994420718636702, 0.2859635171353552, 0.14808262718983156, 0.15158190125074378, 0.18436991517410023, 0.09005783206360182], [0.0776584202977099, 0.4178773639795455, 0.188506345865343, 0.08284289514153528, 0.17340433450314235, 0.05971064021275218], [0.13266961144316455, 0.34336684051263683, 0.10525234365237891, 0.18918769301762664, 0.14875394145522342, 0.08076956991896886], [0.1393746309704826, 0.36466108131332114, 0.11687303693515182, 0.1855008623723385, 0.12303860321385979, 0.07055178519484055], [0.10947786037046384, 0.3763682683168006, 0.15064554601909458, 0.15202329890014382, 0.12172158045572894, 0.08976344593776986], [0.18751803979058437, 0.29790506967473157, 0.18405824197908968, 0.1951911922132374, 0.09704925748278512, 0.03827819885956439], [0.09518384084882812, 0.38676625016531846, 0.15082634491143515, 0.07966491290484846, 0.19870508461325775, 0.08885356655632157], [0.14057542125960115, 0.3737586658010286, 0.14242042396967802, 0.19177733040871878, 0.11256599765512576, 0.03890216090586152], [0.06634912530343816, 0.3215116897438904, 0.27014918354087525, 0.17203829705880958, 0.09360381287291468, 0.07634789148006849], [0.13429125080379603, 0.2952414985734959, 0.21111567664911704, 0.18222564676419986, 0.11180683551391195, 0.06531909169547745], [0.08124838113433884, 0.31531057451929617, 0.22386853801551948, 0.19200303420457707, 0.13276729778823376, 0.054802174338031175], [0.0752701176938482, 0.41841296594397104, 0.20153154333968584, 0.13249311472287506, 0.12909480557563308, 0.04319745272384475], [0.1381837288070131, 0.27221405831611356, 0.22776860427697193, 0.20755984534641247, 0.08288576364928052, 0.07138799960420855], [0.147567040465234, 0.3507207060682282, 0.10745100943020681, 0.2732159328244425, 0.07626885023368296, 0.04477646097820727], [0.13304468754861506, 0.4261802811253954, 0.10992886749140662, 0.11010096838991745, 0.1711661697883293, 0.04957902565631489], [0.1270969732162746, 0.3378653407157754, 0.12789967409431488, 0.19908175852503865, 0.15703090076858525, 0.05102535268000141], [0.09095844836491132, 0.38835243265538877, 0.20569855270081983, 0.09041485835670778, 0.14565170167958633, 0.07892400624259575], [0.07434965821973656, 0.38064833476336674, 0.17820876554076362, 0.21415335678652758, 0.11308404508964989, 0.03955583959996378]], [[0.1413663514388527, 0.35551264827064005, 0.17326589162775427, 0.12705895191049202, 0.1440644171251224, 0.05873173962713463], [0.09861533684260458, 0.3672870254674008, 0.17950412289223397, 0.12252141324789499, 0.13577506713936585, 0.09629703441049813], [0.1409608989877442, 0.2632183229766518, 0.21486472169916632, 0.17306528732554186, 0.12326707355125847, 0.08462369545963656], [0.08674498887431077, 0.2809274040542876, 0.20293193728142878, 0.1883146511201769, 0.16202609815911365, 0.07905492051068305], [0.08829507868296381, 0.3282576003889175, 0.2057647682394765, 0.1606472421883028, 0.14686684657315882, 0.07016846392718078], [0.11064931759160776, 0.36192491753404843, 0.18694387963512524, 0.13449802953824982, 0.14853200526400379, 0.05745185043695302], [0.13168914530399164, 0.33053100583845213, 0.17029767664434836, 0.15658904395326087, 0.1438778810281479, 0.06701524723179718], [0.12865370726887004, 0.3450995589716678, 0.20256408428740239, 0.15333480093944077, 0.12196592684568257, 0.048381921686942636], [0.12188728642787335, 0.3300562320856805, 0.14475236305842515, 0.16060334984166608, 0.16220001822601138, 0.08050075036034347], [0.1301098124240703, 0.34430685127407373, 0.18517780953249766, 0.1453108442367483, 0.12474388305785453, 0.0703507994747716], [0.15562583004900402, 0.3518002943046451, 0.15766011887107464, 0.12687034819885176, 0.12821215671071215, 0.0798312518657222], [0.13342484873454016, 0.30097287446914145, 0.2421838490999261, 0.11615553909573793, 0.12900629870389083, 0.0782565898967633], [0.12863535653858538, 0.308282348727047, 0.15732500167370517, 0.21195750219818646, 0.14003288838699093, 0.05376690247548581], [0.15703790970561463, 0.3297698153404034, 0.19627411217565816, 0.17008826029333501, 0.11348990343313005, 0.03333999905187187], [0.12252846062762766, 0.34634070761046376, 0.1779205265467059, 0.17353011508227115, 0.09286832778300862, 0.08681186234992457], [0.13342556969725203, 0.33669175824914116, 0.14894401508443342, 0.16909012879890084, 0.15240693231756472, 0.05944159585270517], [0.10555506855584543, 0.3040265864341299, 0.18973279913044833, 0.16449463036185788, 0.17626364915561102, 0.059927266362107816], [0.12379413893994257, 0.3469142480262812, 0.15130466885918634, 0.14333308993135496, 0.15547475264514923, 0.07917910159808154], [0.1298585828252804, 0.2919165026737315, 0.16527233362083266, 0.1698444826292452, 0.17065145336473203, 0.07245664488618125], [0.15432698247864712, 0.3337140986935943, 0.19940070646124639, 0.13942089179702913, 0.11167952584989643, 0.061457794719591535]]]]]}