{"SAA_list": [[[0.05190999215296661, 0.07806956462504187, 0.07065718946558704, 0.4313945737786633, 0.053623896629508776, 0.31434478334824145], [0.07688438385962254, 0.04318465922916071, 0.09288884143628875, 0.6150558947349116, 0.11494714180069263, 0.05703907893942945], [0.0710968902751444, 0.10353877264841962, 0.01088853835159596, 0.6891442816789238, 0.02744404394763444, 0.09788747309692185], [0.0399844040339475, 0.038834738641970686, 0.0437525928704707, 0.4427463855738259, 0.06819284864485893, 0.3664890302362298], [0.07334629571710555, 0.12465450115934297, 0.04090674261103768, 0.7477033864282441, 0.012828694788473781, 0.0005603792959632875], [0.08548388291061096, 0.07023086556277015, 0.0527544607122036, 0.45515891791804625, 0.15656954293298955, 0.17980232996336468], [0.07638892516824562, 0.09547258875288597, 0.024922419426246564, 0.5168952057558601, 0.13168418091877188, 0.15463667997798655], [0.03466016839162737, 0.06247098796010816, 0.05209855486505434, 0.6682539840740541, 0.07628887770423846, 0.10622742702807379], [0.07263153258292272, 0.05062466950558069, 0.008360277200465907, 0.719931840653121, 0.14179577428687684, 0.006655905770455123], [0.059232252753606815, 0.07915040513768017, 0.022991946301168308, 0.4847356296010127, 0.01951611653341981, 0.3343736496728983], [0.11306929787574127, 0.03524660877672701, 0.05448367684296027, 0.4895161821814761, 0.04489689169010244, 0.2627873426331211], [0.00673178489905489, 0.005266387843964803, 0.067616088118036, 0.63028290657807, 0.16901329187203143, 0.12108954068914202], [4.9971613982626006e-08, 0.07666184157798628, 0.11036876676797305, 0.5408649587493083, 0.11388434307951846, 0.15822003985360197], [0.05111095776314386, 0.018622003635943095, 0.06727891285547727, 0.4645564677329966, 0.044364664538796644, 0.35406699347379383], [0.10024253577885298, 0.013000697494123295, 0.06601034097408805, 0.5846488691206164, 0.05018730143787096, 0.18591025519529172], [0.05010135366600652, 0.08732723552058612, 0.03152251230288818, 0.6343145179560812, 0.01998339110285036, 0.17675098945262813], [0.040679026293973734, 0.05603946474720001, 0.04109977704665243, 0.5292637125383671, 0.007553272797380078, 0.32536474657642256], [0.08627069133062926, 0.08893271305321473, 0.06602553120357793, 0.5187096823783389, 0.09362102473207913, 0.14644035730217103], [0.17373636408435358, 0.04673832567409546, 0.015481843257590803, 0.48394627749018937, 1.2228413168867612e-09, 0.2800971882709309], [0.02932031036369373, 0.1341386169295972, 0.04702750192414528, 0.42799108332606295, 0.06491723418395387, 0.296605253272535]], [[0.04434811016707422, 0.06039798152757748, 0.05385496828078615, 0.6619901880498502, 0.05984925630397054, 0.1195594956596302], [0.07895772690241183, 0.015790419462443583, 0.05607279193358642, 0.648472484284702, 0.10166096192457728, 0.09904561548738415], [0.0813407200571058, 0.01041396841628248, 0.06680523447030176, 0.44514192091905624, 0.06095519483559281, 0.3353429613016274], [0.08839640806514198, 0.05371512741348471, 0.0031381774939118765, 0.6384665511911508, 0.07504149406214297, 0.14124224178409905], [0.03424041024395532, 0.025208491959728057, 0.04525316718609101, 0.45367423032185145, 0.0494964433138673, 0.39212725697955947], [0.07456523891174084, 0.01922040960677787, 0.024696300688218927, 0.5093989490122414, 0.08163093993910282, 0.2904881618423227], [0.0919064910092396, 0.054453119591572896, 0.03309471308866388, 0.5517385544450437, 0.09892329184124139, 0.16988383002430907], [0.08363685278323478, 0.09063084341035485, 0.0516645998476649, 0.4720597472333376, 0.07278484542298577, 0.2292231113023999], [0.06980268593338325, 0.03966547627553993, 0.05573388867620195, 0.4866780071934317, 0.012181379430907305, 0.33593856249361304], [0.05779067318446756, 0.037167365227017794, 0.02819040780476714, 0.5963468535998279, 0.09046914931840741, 0.1900355508781857], [0.1581307421054481, 0.0509336477709584, 0.06809655418785829, 0.6188599265645064, 0.039419927882009875, 0.06455920148904175], [0.03324405632531213, 0.01607403819519115, 0.06776666971737276, 0.5768993701013371, 0.08085860223489344, 0.22515726342053569], [0.041695090378333695, 0.04267199630968916, 0.04525976290401314, 0.5765631572794446, 0.0534629358834903, 0.2403470572450205], [0.10548287056031856, 0.0188985685483366, 0.03834406472763793, 0.6118499150164631, 0.05476543307714761, 0.17065914807167118], [0.012276104443098764, 0.02020198159835077, 0.09988775339166157, 0.6269786445630898, 0.08496562039677456, 0.1556898956066807], [0.0760279329461424, 0.022044238196873095, 0.05122475361895762, 0.2971017679223022, 0.010958380089156922, 0.542642927226568], [0.07225725191040305, 0.05827293575715828, 0.04505809123432875, 0.607192064023074, 0.028976534491918594, 0.18824312258313683], [0.06715597348612667, 0.07386173997909683, 0.0488796286288203, 0.5514517021092167, 0.051034324910764976, 0.20761663088603668], [0.079153350138057, 0.025403921104349945, 0.08183962933080505, 0.6134300205864059, 0.0006599725575825376, 0.19951310628275012], [0.05119976016023831, 0.05597957177462493, 0.04990065195209663, 0.5655527500649512, 0.09401228724999787, 0.18335497879748994]], [[0.048892956740730194, 0.022164647715727483, 0.05339478397844694, 0.5975291644992441, 0.09516745279883587, 0.1828509942699458], [0.06116022912553689, 0.04635640989897743, 0.05000406899139636, 0.6017624296839794, 0.09031481240064965, 0.15040204989897735], [0.05200824068918247, 0.04720967412132642, 0.021632392485580482, 0.5859442406459234, 0.07421752035383604, 0.21898793171660508], [0.04713997175999027, 0.02170447964993116, 0.06117572185147572, 0.5859398802970508, 0.06512855389753663, 0.21891139258602252], [0.06360759470963907, 0.011964012033207214, 0.0520867463836635, 0.5953779820251976, 0.0787731764420248, 0.19819048840634593], [0.09236352491298247, 0.04192026266475852, 0.08298475855367579, 0.5073987799382119, 0.0889300958445931, 0.18640257808581862], [0.03972248718511389, 0.04815838893800637, 0.05735721677175954, 0.6151870880001762, 0.053045330695703684, 0.1865294884092742], [0.05161466892740043, 0.044890970879247864, 0.043069585570514206, 0.6212415184536433, 0.06724240655748387, 0.17194084961163988], [0.017524791253571474, 0.04132249711765679, 0.050111383450693395, 0.5682055195667909, 0.09058428525716979, 0.23225152335800153], [0.060916768192384264, 0.036734887832820945, 0.0744733808354807, 0.5940520466901084, 0.05632874910614653, 0.1774941673434508], [0.06565372707518113, 0.0036420142085217544, 0.056792458077620955, 0.5565369406900401, 0.06240140049608961, 0.25497345949017686], [0.04985137487353673, 0.026141359781498095, 0.05789582763605074, 0.5501202071639756, 0.07223756423933403, 0.24375366630333864], [0.06238616972293296, 0.05252324560231105, 0.04535732096437452, 0.5963420755579228, 0.04873886692275767, 0.1946523212373266], [0.0330666041103664, 0.040510484757822304, 0.043538971541320186, 0.5682514889825235, 0.06660772352730461, 0.2480247270808633], [0.037859088390727755, 0.042664613727459694, 0.047253950574424254, 0.6104448139006772, 0.07732046088800275, 0.18445707251867385], [0.03043739241464122, 0.023895052074433664, 0.06590879364079581, 0.598199747822538, 0.08531839438892161, 0.19624061965864345], [0.007239471462886767, 0.06996016058215979, 0.05847709177187208, 0.6862276018934107, 0.10327656941687392, 0.07481910487267185], [0.049192676476089, 0.022769155581386452, 0.05599875377931571, 0.5566251665440562, 0.049511823636489156, 0.26590242398266545], [0.05310999532901606, 0.04115385681781891, 0.0422052467003736, 0.5998399767445535, 0.09462031639706299, 0.1690706080068974], [0.02561055223238154, 0.07164796554008045, 0.05590724962437418, 0.6091824543108566, 0.029697664575262923, 0.20795411371713615]], [[0.06444588583226808, 0.038818377279542945, 0.02791685483044488, 0.601990011215447, 0.07033550525025446, 0.1964933655920125], [0.029743950325767668, 0.04780420653738916, 0.05024944786876785, 0.602626540895618, 0.07019467839131632, 0.19938117598182534], [0.03784433010570489, 0.05141318964852549, 0.051569331528207155, 0.5896174951631811, 0.042333356348980854, 0.22722229720535977], [0.04482089820959023, 0.008708016222591142, 0.06535590292623668, 0.5739861692446506, 0.07749736161068298, 0.22963165178646308], [0.0588616781846784, 0.033170122732303096, 0.03539907722179315, 0.587423698301331, 0.06775810120450389, 0.2173873223692471], [0.07455352279726755, 0.033956148961402546, 0.01120004572818711, 0.5926251126008354, 0.08367778105731012, 0.20398738886211204], [0.038758707269258064, 0.04559887580410915, 0.031770775128802047, 0.5881538767557427, 0.07976111689209396, 0.21595664814998827], [0.046761510817696826, 0.027662895387756885, 0.05547582011042606, 0.6002334373925722, 0.07266512395584625, 0.19720121233119664], [0.04231047835291291, 0.04958618376090818, 0.04292315179380004, 0.5934964205965809, 0.05460719678633904, 0.21707656871499562], [0.02948477215664459, 0.04699147937167043, 0.03781481640479549, 0.56683869341318, 0.06778689988621463, 0.2510833387675198], [0.05038963226647885, 0.05113953489955548, 0.030703915622409376, 0.5987199422435536, 0.06203499768282848, 0.20701197728513315], [0.03730831380134734, 0.04370196857310895, 0.060556086007982304, 0.6166156417739329, 0.06042534503130026, 0.18139264481233686], [0.038415773137841516, 0.041855073808737216, 0.047764423750497415, 0.5902299583846485, 0.06441567862244786, 0.21731909227840918], [0.04029269943148904, 0.024445157013996518, 0.04801569736425498, 0.5951349815487753, 0.09520877749666756, 0.19690268714477366], [0.05168978849235961, 0.026328120891798062, 0.05454932869272207, 0.5738214991624321, 0.05279228732317375, 0.2408189754375405], [0.028839110514039486, 0.046084476951281976, 0.04725894019450852, 0.582908092902618, 0.06644326344212648, 0.22846611599543679], [0.05257624893397454, 0.042080970742108426, 0.045580729105701955, 0.5799497593792694, 0.04098435814365416, 0.23882793367328228], [0.028503700473279575, 0.05238644780989172, 0.02579213740290917, 0.5989299363379783, 0.09780867026683816, 0.19657910770914336], [0.04499273621342733, 0.028459428539465724, 0.06627932934777982, 0.5926913492578632, 0.05292108815466159, 0.21465606848680363], [0.045581151528383254, 0.037221338729183685, 0.0357303921661498, 0.5935684608714759, 0.08255328088924896, 0.20534537581555473]], [[0.04792660195491436, 0.03539672666855684, 0.04609513339150291, 0.5891107947561203, 0.06429007780222339, 0.21718066542668674], [0.047493112664309736, 0.03721829742377915, 0.0484572505712563, 0.5903179289708065, 0.058943464879442894, 0.21756994549040126], [0.056514698505982626, 0.02361335755839807, 0.042774952950548374, 0.5862525635567717, 0.07618678880011726, 0.21465763862805798], [0.039614603049628216, 0.023343111457107824, 0.058381618720736286, 0.5787211187011502, 0.07232143486361982, 0.22761811320777145], [0.04989863075474888, 0.043177388316427645, 0.028820067149021293, 0.5807866550158961, 0.06819470498253657, 0.22912255378839955], [0.051656512550231605, 0.025311189221185918, 0.03322367904514481, 0.5728804786697912, 0.0856856558951159, 0.23124248461851465], [0.04268331168029097, 0.04500480879743486, 0.04623631787979341, 0.6069441413669231, 0.06575680881613337, 0.19337461145945017], [0.030948086322323955, 0.0437185753211106, 0.05070758346042642, 0.5882417908040986, 0.06592734199077992, 0.22045662210126377], [0.04713465084928527, 0.04445858921694789, 0.04444381871856463, 0.6049292524963269, 0.061891117561974865, 0.197142571163596], [0.04171765331251218, 0.03653705913547948, 0.0544131179328465, 0.5993150377276756, 0.06506190391064531, 0.2029552279808048], [0.05310730234706301, 0.014931445333127829, 0.04375322909282861, 0.5643606374261321, 0.0809316023029315, 0.24291578349787454], [0.03924633236348205, 0.03787804070247535, 0.04599716752555775, 0.5859276391091803, 0.07016351183569483, 0.22078730847037514], [0.05908034193625242, 0.03557528356918025, 0.03738908770899615, 0.5958883803924354, 0.0656189257942993, 0.20644798059883665], [0.04988081053953022, 0.037657599740494395, 0.05366110924022786, 0.6219794892645714, 0.06715762305457698, 0.16966336816068117], [0.03088994990569546, 0.0444737921923947, 0.03939289725363988, 0.5750251019684778, 0.07310303418191093, 0.23711522449772782], [0.05014156099757386, 0.03700016729919496, 0.04020832326487616, 0.6048200504946976, 0.07705489972064401, 0.19077499822311525], [0.05542357014143726, 0.008458755937823664, 0.04840416933307018, 0.5712376255432632, 0.0865563667074719, 0.22991951233729083], [0.0485233328691589, 0.031035414420403813, 0.03954517840311942, 0.5836314700809692, 0.07739535756151504, 0.21986924666481197], [0.043949204340971035, 0.019324627838252523, 0.0467922232116479, 0.5873425826264006, 0.0960115147188211, 0.20657984726384915], [0.05421762705179622, 0.025633892853398493, 0.052052283442400135, 0.5811461388275699, 0.058830476789383336, 0.22811958103544003]]], "bagging_alg3_list": [[[[[0.043858933476817734, 0.08327741139757931, 0.07614540174167315, 0.4470402057812073, 0.02777003470124666, 0.3219080129017169], [0.0696301543777331, 0.046730755675093445, 0.08168869907555644, 0.608594686380163, 0.09816017270045678, 0.09519553179128735], [0.08438963464998273, 0.10764668113008968, 0.017493899789269955, 0.7020244305438956, 1.5509554220979356e-06, 0.0884438029314403], [0.02420917221479285, 0.04385442845500498, 0.025846337611456795, 0.4812586209015102, 0.08206358307756591, 0.3427678577409597], [0.055704094798306174, 0.1399264185606076, 0.03441490838747323, 0.7636800407831368, 0.006274537454761877, 9.065750492060388e-12], [0.0479077357266176, 0.03554124140408851, 0.06438082278634938, 0.34133480408607275, 0.15664413252475512, 0.35419126347211444], [0.06748638126488829, 0.12126189551958873, 0.025471439239567698, 0.4516242013332209, 0.14331548950624662, 0.19084059313648657], [0.08985119601801962, 0.06899413883493812, 0.04790755437070024, 0.6201865752803148, 0.0783724826507893, 0.09468805284542205], [0.03854727372178646, 0.0278142047899634, 0.009631996410729588, 0.5176660413637291, 0.09963077044054379, 0.3067097132732476], [0.08178022619932684, 0.04676162496728691, 0.01949198970358944, 0.5472650001433893, 0.010000241206142265, 0.29470091777893964], [0.07980578503867056, 0.04618241655140706, 0.0625808196441286, 0.40001064593582714, 7.039972617140218e-08, 0.41142026243026164], [9.430544680463634e-09, 3.7575871464466835e-10, 0.0771712817450666, 0.6136696343276428, 0.16299146483122992, 0.14616760928961084], [1.6547527951322655e-06, 0.046815048255260644, 0.08696266203862611, 0.6147104740533527, 0.12080060193523012, 0.13070955896455178], [0.03445245927910936, 0.012253411608410095, 0.057385251883311, 0.4595970364733988, 0.02513337441766453, 0.4111784663378509], [0.07571656178323047, 1.1339161333080771e-07, 0.06411533547903164, 0.46927295594311497, 0.009369937230414419, 0.38152509617261526], [0.050500230644553494, 0.0834738995204237, 0.03288963709734849, 0.6306527128304519, 0.021870032663130385, 0.18061348724407925], [0.020699882335762334, 0.025888133402863937, 0.027385489861428775, 0.503390092825767, 0.15851453883277997, 0.2641218627412201], [0.057616135709488765, 0.061594017532496874, 0.035600072974806884, 0.6158970810957061, 0.037132272685719836, 0.19216042000177466], [0.15030532460436702, 0.031176103439451378, 0.01100417484647582, 0.5689540191693878, 2.475887157329487e-09, 0.23856037546482975], [0.02513445855901372, 0.11444263905636898, 0.08916489509079255, 0.4173333816127749, 0.048793353075106606, 0.3051312726059544]], [[0.03855476426683033, 0.06872171020445542, 0.04256585306876579, 0.5994878671150183, 0.03045029078970577, 0.2202195145552579], [0.05315054286772727, 0.0578023820913868, 0.02762260578378219, 0.6042741166377043, 0.054528802276954454, 0.2026215503424475], [0.07039232535615741, 0.036186865271574394, 0.02905439288504044, 0.5836863146689738, 0.05339693837525605, 0.22728316344299743], [0.051152670820070544, 0.07950016643539885, 7.017453120106463e-07, 0.6557951144707252, 0.09269171165368136, 0.12085963487515758], [0.04410640637662498, 0.057541733861580555, 0.03396721140879741, 0.4975129913094328, 0.028578197599116305, 0.33829345944359285], [0.08674960586651452, 0.009965087079264268, 0.013317948618623893, 0.5469111153475604, 0.07684957768113455, 0.2662066654072462], [0.09359916094184903, 2.830585144371362e-10, 1.3638509180384983e-07, 0.5860690577055216, 0.12940634233735762, 0.1909253023463423], [0.054367804534056006, 0.05059686902679626, 0.0289841964140203, 0.647362876657539, 0.09078598296918129, 0.12790227039203425], [0.06089594628721266, 0.023945015900333586, 0.061576854555866804, 0.5289264840641857, 0.005289881796065471, 0.31936581739637504], [0.08924333526580458, 0.025559524373326682, 0.04177692841866097, 0.6327042161221899, 0.05796351134883197, 0.15275248447121714], [0.1368134508440376, 0.04285637796993739, 0.039195938663512994, 0.5174804810656685, 0.06308657071615816, 0.2005671807407335], [0.007529831412721935, 0.022958490234830563, 0.0353003447682051, 0.5988274577323969, 0.16476823012213299, 0.1706156457289939], [0.027178965008400478, 0.08910034767121776, 0.02491686061428499, 0.6009334835711001, 0.037524396177992275, 0.22034594695701953], [0.07716902300338084, 0.03163681969833605, 0.034488686328852644, 0.5943530659769151, 0.05064445441563754, 0.21170795057616898], [0.012602459369965964, 0.06488680356712356, 0.03922872899470611, 0.5211697815359729, 0.028803623814285202, 0.33330860271803625], [9.362273031988161e-11, 0.09768650395172657, 0.04614351513782751, 0.5554032238762704, 1.3147346645174262e-06, 0.3007654422059767], [0.09129785456594267, 0.03831940020936071, 0.035908650020838206, 0.5846921788354609, 0.010922924648144167, 0.23885899171971034], [0.09518477142594492, 0.07441002648270476, 0.02646066536942838, 0.6543237218685964, 1.5481777340655686e-10, 0.14962081469851307], [0.06826698982904161, 0.061108622516322424, 0.06276678840488477, 0.6437026370947534, 0.00040492282283517743, 0.16375003933205776], [0.01451835078831502, 0.03055400788547659, 0.038912879818288455, 0.6156218673688999, 0.14689882109983243, 0.15349407303917553]], [[0.0489994382809082, 0.04432850373103277, 0.04955415359723831, 0.6132820537602593, 0.05722087664531431, 0.1866149739851987], [0.028574325675238252, 0.0395321874133139, 0.12154399303653192, 0.5191735639662116, 0.06531096543322931, 0.22586496447544854], [0.09386847158556143, 0.029092222799096016, 0.02384777868740971, 0.6153059543945762, 0.06087714046789658, 0.1770084320654904], [0.1030003265484832, 0.02528067839129754, 0.03826656597130555, 0.6206145819015072, 0.04813925773419835, 0.1646985894469443], [0.07594708939004134, 0.018070133019460654, 0.047982524991784334, 0.5882200174230745, 0.052349854856306374, 0.2174303803194106], [0.05090891975833309, 0.036826548324917927, 0.07233393666659763, 0.5926832096974092, 0.06006920410351675, 0.18717818144603815], [0.04272671045107418, 0.06374579913901778, 0.04801262469358745, 0.6403548627527755, 0.05118450312276138, 0.15397549984077918], [0.0558756666172856, 0.051137275629761975, 0.04371482363932477, 0.6380475431389688, 0.05996921974845995, 0.15125547122615177], [0.017886374497724886, 0.040906649637691195, 0.04322105982329046, 0.5699656621271757, 0.08865514997422916, 0.23936510393991983], [0.0779091570315236, 0.008493529327537356, 0.02493662880817752, 0.5411479509772872, 0.07088990786604056, 0.27662282598945287], [0.06267483777776485, 0.04446305258142735, 0.0440737939836394, 0.6233849740938202, 0.05242535689492338, 0.17297798466842465], [0.023216929309245612, 8.223735688618052e-10, 0.0647263971339465, 0.481264772999649, 0.0739464684441683, 0.35684543129291574], [0.06632075679721558, 0.03663584828895875, 0.0331656515954773, 0.6122761024343432, 0.07028676349170276, 0.18131487739203775], [0.027585091865811154, 0.035208747438918546, 0.05897977338307008, 0.5760078257597503, 0.06559592886006159, 0.23662263269240635], [0.08552290654595726, 0.03426948416235181, 0.03391378699831309, 0.5846635850413777, 0.03732742526970102, 0.22430281198732616], [0.03646971713196049, 0.04016683944381586, 0.028208342632233346, 0.5907151850273391, 0.09943766199366368, 0.20500225377097267], [0.04610766573145707, 0.044348912570526304, 0.027397913038464963, 0.5802956645925398, 0.07322136670511674, 0.22862847736188047], [0.044510975313116055, 0.05692167177843771, 0.03900431779043933, 0.5832876954910053, 0.08642272836418173, 0.18985261126333516], [0.03501011415303703, 0.06310088455595093, 0.022874528901674664, 0.6229246425861178, 0.08936584279213038, 0.16672398701108246], [0.04473958879293247, 0.06203762752765116, 0.045967321520980285, 0.6769245972436035, 0.07757247186840865, 0.09275839304642504]], [[0.05078454450118163, 0.043751487078787, 0.014194477014086599, 0.5737283708589134, 0.08318453145854499, 0.23435658909121934], [0.03154907013969422, 0.04973566945294641, 0.06619195738805074, 0.6145193172775134, 0.04813928796670589, 0.1898646977751037], [0.03965273869494958, 0.04981564148050167, 0.0703964979391307, 0.597188739426873, 0.01947536994682663, 0.22347101251167736], [0.036037406826639765, 0.03988901730432235, 0.032209347124022694, 0.5635267811062648, 0.07738005814693458, 0.2509573894918158], [0.05221725164409132, 0.028247868512621704, 0.045722606871863546, 0.5794973469076865, 0.06536639426954939, 0.2289485317954969], [0.06996506203343003, 0.014286569792754925, 0.048597241394847064, 0.5996675260020664, 0.07370099483106123, 0.19378260594563979], [0.034803433308141216, 0.06640005547955033, 0.036282385782039406, 0.6282531287119784, 0.06731427220939179, 0.16694672450890735], [0.06064852069528238, 0.03743419244502486, 0.030900151456431733, 0.5968769216548455, 0.07041052741921747, 0.20372968632921706], [0.0330169090401028, 0.056079917095480956, 0.038134730988019484, 0.5983638683624489, 0.06632349265072399, 0.20808108186318758], [0.05831017688719286, 0.03142625693182202, 0.04451677567773845, 0.5729947045376418, 0.04893355108562583, 0.24381853487997704], [0.03429883738636989, 0.05219748983128926, 0.053817180328410825, 0.6190692082276646, 0.061209213828381896, 0.17940807039789766], [0.04094701690699354, 0.040774552910903795, 0.05971922973194223, 0.6228580047991008, 0.06569941827522409, 0.17000177737497785], [0.038204105910976484, 0.02948593576849291, 0.0484797041433494, 0.5763835789774148, 0.07668083152211262, 0.23076584367766356], [0.040021407751510335, 0.05129585424692689, 0.05056262637378205, 0.6253355558289282, 0.06360799171272505, 0.16917656408605525], [0.04325542878688867, 0.04269261418566879, 0.034033305963868915, 0.5851638461474032, 0.07335542105385524, 0.2214993838622623], [0.05444359688383852, 0.03411354893306208, 0.025673797449859568, 0.596289414992821, 0.0923080706361295, 0.1971715711042902], [0.041232141547785504, 0.04188345439503319, 0.06437759844260263, 0.5685868874704024, 0.06545096363668673, 0.21846895450637274], [0.062422175289725934, 0.041957165893415194, 0.03365905507692981, 0.6248830673996003, 0.07359977931733896, 0.1634787570216278], [0.01622010721815472, 0.027133873145940464, 0.07553664792845763, 0.5869235411441797, 0.07802709098340548, 0.21615873957984938], [0.03190866900654996, 0.0477986425528448, 0.04328761647206625, 0.6181614925548352, 0.08735032427168544, 0.17149325514202068]], [[0.03910239287083218, 0.03329430069321467, 0.050140939665987413, 0.5927950665465557, 0.07664283238609139, 0.20802446783508047], [0.037227299865142775, 0.021980578065933936, 0.05589143167436413, 0.5837095300510959, 0.08683486092510213, 0.21435629939651696], [0.06512798404829712, 0.031086527096016125, 0.03591963779269561, 0.584989544718186, 0.06379552811569782, 0.2190807782150573], [0.0472174038883094, 0.03348227649189909, 0.03741916785443053, 0.5900982539913928, 0.08215540836087425, 0.2096274894130966], [0.049172234563649525, 0.030039814369294305, 0.03997024572069427, 0.5750152209028294, 0.07215858558586849, 0.23364389886020062], [0.06274920913085377, 0.03162104087748111, 0.04288940732278806, 0.6027966081611618, 0.06368259619841313, 0.196261138309912], [0.04238936616647466, 0.047743749148043316, 0.03324894293804916, 0.5983072841117605, 0.07514771024210745, 0.20316294738511675], [0.05101758028320165, 0.030469377160933866, 0.046982581245580746, 0.5868277373596685, 0.0658966748984954, 0.21880604905209963], [0.05058676467216561, 0.039569055625009994, 0.054185540509625346, 0.5741276164155417, 0.07210833776243133, 0.20942268500886807], [0.04833666380929379, 0.04233822038143185, 0.053489011893196804, 0.6052757712020712, 0.0663947455202072, 0.18416558721116644], [0.05149278361313724, 0.03450634968297049, 0.03245373675901708, 0.5929185260073144, 0.08353805086423992, 0.20509055307323334], [0.044210512466142285, 0.043367708990232984, 0.047615292781456514, 0.5798386675879357, 0.047393468054194296, 0.23757435014525793], [0.051915040514909666, 0.0430495957714902, 0.036507780847466885, 0.5950303210131241, 0.0632155651978611, 0.21028169664858762], [0.07143501763541231, 0.028941917590108505, 0.04291255988819256, 0.6151386270958286, 0.0640536440142222, 0.1775182337812887], [0.04699550811774313, 0.033737106445196174, 0.04105355203142656, 0.560654330373754, 0.05798160658083573, 0.2595778964510667], [0.04316848329362546, 0.031741744263623646, 0.04833859303351596, 0.5981777083860451, 0.07978308473404573, 0.19879038628913862], [0.06492021227943601, 0.025978349358132948, 0.032755802173256444, 0.5959509061716602, 0.0812963879192944, 0.19909834209830798], [0.045772058296724864, 0.033033768514519425, 0.044899982778910934, 0.5999197497456032, 0.08007837254879506, 0.19629606811547778], [0.028994177734270675, 0.035064857104678736, 0.044407066050745854, 0.582857795060163, 0.08984881329463594, 0.21882729075558377], [0.038798082339044554, 0.03378506341339478, 0.04646438188634367, 0.5843284575655915, 0.07629623640085952, 0.22032777839465162]]]]], "bagging_alg4_list": [[[[[0.06812919886782533, 0.0506438251348724, 0.023596214864253926, 0.49995809752987214, 0.0629161285282264, 0.29475653507429483], [0.03398355466589913, 0.020811332677341907, 0.07575306839769226, 0.6387504451127316, 0.09686475422815076, 0.13383684491594885], [0.03968289009522949, 0.08327151692828176, 0.02299566535940969, 0.5799803893520371, 0.019929872583960912, 0.25413966568088936], [0.030035825503562364, 0.02760568540747739, 0.07141028704815353, 0.4894151275378384, 0.03668714206619936, 0.34484593243324047], [0.05415393933915312, 0.09213242005518395, 0.062449798818397614, 0.6975641300432256, 7.107712707663511e-09, 0.09369970464211276], [0.08878822030640596, 0.037866565479121206, 0.06340069965979753, 0.2872035970445402, 0.13144914973190916, 0.3912917677782251], [0.09218500982545458, 0.07102696809818176, 0.020992744100666816, 0.6953513517049549, 0.04423818360098522, 0.0762057426697143], [0.05148076235363732, 0.044487073067158225, 0.034933765422778464, 0.6250692180274177, 0.08263915894579825, 0.16139002218320753], [0.06555550492621359, 0.019261224412357187, 0.0479535184013304, 0.6450952313528568, 0.10080393144194505, 0.12133058946526121], [3.2528864757355257e-09, 0.06944977032683256, 0.09461788868464643, 0.47700501221236863, 2.5623611863514706e-06, 0.35892476316208227], [0.09477116385907734, 0.0434905438229829, 0.07289037472806219, 0.4151249841206655, 0.10680485677042179, 0.26691807669880424], [0.06874753585560657, 0.0012475020957031782, 0.02242871916515154, 0.5832561727475635, 0.12682746445154242, 0.19749260568438196], [1.4777164893737894e-07, 0.04804273486405553, 0.07919057006826584, 0.6045483004128438, 0.06955421010853134, 0.19866403677470554], [0.024049195491589386, 0.03197683024834856, 0.04290892978926293, 0.4804293555801365, 0.03956937601243268, 0.3810663128783838], [0.05540905010477041, 8.446659793989987e-06, 0.0769636570264478, 0.5266396199679197, 0.03084770317212883, 0.3101315230728045], [0.04715791492512486, 0.08977197049066352, 0.021503403416843272, 0.5887340188205045, 0.005797044273634748, 0.24703564807390244], [1.3288266294948542e-08, 0.06475841715464893, 0.03660143075598151, 0.4805848645907525, 0.1146248883538407, 0.30343038585640886], [0.05659982882195481, 0.10565269878976423, 0.042189363059900294, 0.4593573675136937, 0.06747306014054551, 0.26872768167413896], [0.054370142548579484, 0.03860369181413257, 0.02074828625388031, 0.4512732524809213, 5.237324047174023e-07, 0.4350041031701449], [0.02408576973700035, 0.06837016000445274, 9.80137292446756e-10, 0.49322773491095767, 0.11159781548942446, 0.3027185188775135]], [[0.08006123422524228, 0.05176543067981463, 0.02817715186329972, 0.6373640868823216, 0.04779069494446173, 0.15484140140757335], [0.027987939740406562, 0.045438833843171426, 0.06295069090202837, 0.6274107200816242, 0.07365405127008093, 0.1625577641627004], [0.02154952608580233, 0.05159227224993002, 0.12063085168487117, 0.2751279328187365, 0.16515902288739062, 0.36594039427325203], [0.026441490910293373, 0.1283615441485088, 1.3700782719548984e-07, 0.7054274693834302, 0.07249751172958487, 0.0672718468385939], [0.0609848295557473, 0.009081848208737895, 0.04499934356643001, 0.5246213760032755, 0.05323720685302145, 0.3070753958118771], [0.05901849018993622, 0.009912715397854982, 0.09481191859990488, 0.603130468063076, 0.030291310854724477, 0.20283509689449278], [0.1542562003650033, 0.03707906100829005, 0.008725413322641965, 0.511010874200969, 0.13278249395548053, 0.15614595714760704], [0.02367032099309526, 0.016782110479801535, 0.052961190060585465, 0.5800635434300548, 0.11503347172625969, 0.21148936331022786], [0.10832402089359111, 0.04189837168049527, 0.03421323135230671, 0.6227982077554326, 0.007491185206727108, 0.18527498311143492], [0.0174561772909411, 0.021634985851672672, 0.07739175079180848, 0.49154412711705653, 0.02285627122475022, 0.36911668771766476], [0.20046672961145373, 9.342977211739857e-10, 0.011176899590135259, 0.541927633379874, 0.054882897420632716, 0.19154583906361555], [0.02377867770268788, 0.027364005786850935, 0.05921842743538173, 0.6726135008395356, 0.14553897194747906, 0.071486416287942], [0.019323356264046028, 0.09874006878068915, 0.059942077824228994, 0.6792325266325704, 0.029088267402500367, 0.11367370309609706], [0.08103803072613587, 0.04029015653142946, 0.0414734966618259, 0.621128195900672, 0.03657845488931274, 0.17949166529062355], [7.091978442915019e-07, 0.02220776636559906, 0.10687458650807383, 0.5251266395251963, 0.02371445793643137, 0.3220758404681052], [0.03893280087658941, 0.06147640646526464, 0.013544049727388274, 0.4640178611618494, 1.4658849385527307e-12, 0.4220288817686593], [0.07893434356030783, 0.03132622005110779, 0.06015893049047695, 0.6015578829611066, 0.015190205672923686, 0.21283241726450966], [0.050522016912803884, 0.03336899260798074, 0.12405400331125341, 0.6506585297466242, 0.05765494797048207, 0.08374150944904861], [0.07733197182280385, 0.025701507055143635, 0.023214415053504217, 0.5965557229855182, 0.07900374227690142, 0.19819264080612786], [0.030085567428064414, 0.10471568528389939, 0.022161146802582774, 0.5744222786293727, 1.1581876973840675e-10, 0.26861532173605634]], [[0.04929568917669081, 0.015305920472308105, 0.056807456260602664, 0.5975395261889858, 0.08722268353386912, 0.19382872436754559], [0.030317615822279466, 0.04751064839381548, 0.08505419737954367, 0.5072838175941263, 0.050919297678104, 0.2789144231345008], [0.03455269047729474, 0.02617419289572003, 0.053257673991139884, 0.5252393038361897, 0.0481450319122236, 0.3126311068862626], [0.07207455372537927, 0.03601998875882477, 0.024001568991816404, 0.5807536987582705, 0.0569855529560852, 0.23016463680962337], [0.04089885279986546, 0.03146950366275148, 0.024802595802515814, 0.48240025002019643, 0.04506528573446316, 0.37536351198004747], [0.02416338806221895, 0.04882266819410296, 0.06086556473742554, 0.6225178171277612, 0.07302606173361473, 0.17060450014464698], [0.07463857973257192, 0.03538431067195442, 0.04737639501388407, 0.6155737817425553, 0.041880631371022436, 0.18514630147513572], [0.08151784879633271, 0.054018553678939145, 0.06105450166440212, 0.6360124945319978, 0.017052122344827135, 0.15034447897288114], [0.058711092626653825, 0.06909813922247866, 0.037073908449281, 0.6521559889323177, 0.04314695971093479, 0.13981391105827962], [0.05381699831467777, 0.055738378453879, 0.05875589995052993, 0.6107371191915691, 0.015120993296726216, 0.20583061079264217], [0.061360642578857684, 0.039321404446707876, 0.019242104025897495, 0.6242022655294984, 0.10070189510310935, 0.15517168831990907], [0.03528361315723199, 0.019709451939516315, 0.04170053296778761, 0.5229089632894898, 0.07419374795620384, 0.3062036906897781], [0.10450426713598372, 0.01893763740001451, 0.022759310060040023, 0.6223352285797674, 0.06999268956310778, 0.16147086726102233], [0.03626453547618769, 0.04145080136529636, 0.05582335227075074, 0.6043106999281016, 0.06508352245111859, 0.19706708850883334], [0.05119618133223544, 0.043034705587639055, 0.025042274948898303, 0.5783049464572906, 0.07067068308426563, 0.2317512085896164], [0.050813190112573056, 0.0631318914297752, 3.2669211890669012e-09, 0.6669566029945082, 0.12907852651907561, 0.09001978567323887], [0.039821911689803716, 0.03716478525204839, 0.032016739219561066, 0.5366814596627516, 0.09856761828159942, 0.25574748589245305], [0.06093644892423, 0.025808582215783978, 0.029274248008185323, 0.6014839292890792, 0.09582611949410177, 0.18667067206862473], [0.04675491803744113, 0.03420915197453636, 0.04228676321598792, 0.6527714400944572, 0.11397306873744541, 0.11000465794001975], [0.03098215979973104, 0.06887833317553697, 0.041523025451481954, 0.6836415412374693, 0.09556812376230182, 0.07940681657351017]], [[0.058797631058959236, 0.01953667282723923, 0.02168252010891228, 0.562910722241361, 0.09671167658500528, 0.24036077717856627], [0.04981372598785362, 0.04431837062784211, 0.040035243631677736, 0.6173970190224997, 0.07283478952227324, 0.17560085120785726], [0.043616643981059036, 0.05088087265303481, 0.02559397637133599, 0.5714374459734383, 0.06225644413786701, 0.24621461688326712], [0.02338388097044817, 0.05420856520682921, 0.048735300102427784, 0.6198917544885431, 0.08096320012810772, 0.17281729910364357], [0.058920022763150816, 0.05077423524007134, 0.02135629650070121, 0.5735464458525419, 0.048708444579563547, 0.2466945550639094], [0.0438944404337263, 0.02360725147993881, 0.04734264773712463, 0.5929556149168448, 0.09127730357362775, 0.20092274185874406], [0.054505898297654884, 0.03685533628830909, 0.009822092895707667, 0.5941860564980582, 0.10958407212259984, 0.19504654389656728], [0.034617114833128015, 0.04476675148577483, 0.06660499998032711, 0.6476147202818862, 0.0729527361947153, 0.1334436772241705], [0.043795101568358565, 0.0523616826194155, 0.01617715659450891, 0.577717765492286, 0.07734964681447502, 0.23259864691092902], [0.048248203754655467, 0.04701740278087804, 0.0439332870834198, 0.5740036536930756, 0.037006534200151285, 0.24979091848782017], [0.04462603120830099, 0.028461164641741414, 0.05347188489860692, 0.5571893715066187, 0.04996237269436993, 0.26628917505036587], [0.03202111756600178, 0.024293043245625576, 0.06632731308028147, 0.538760143290748, 0.058098032769020126, 0.280500350059799], [0.05179539586786855, 0.027985743867063703, 0.04652354516040277, 0.5826345333533238, 0.06721513424697202, 0.2238456475005228], [0.03247918611405438, 0.04782017984409536, 0.05261285542488166, 0.626461113982114, 0.07793029412458846, 0.1626963705102409], [0.06033963424270078, 0.022151973866976506, 0.06088768759662984, 0.5808683450568795, 0.043132610944686636, 0.23261974829212093], [0.062169302979319135, 0.06499278462122916, 0.027443376947872584, 0.6092491522782957, 0.032684432197155486, 0.203460950976128], [0.05932340053561767, 0.040642808788581446, 0.04283181298834959, 0.6074750973803359, 0.05560674332780114, 0.1941201369802355], [0.01886268406216391, 0.031867765215688355, 0.03461796216355381, 0.5452261215391938, 0.10032778432657946, 0.26909768269289286], [0.0752867317997433, 0.025828375579836086, 0.06407676781937387, 0.5386114066409445, 0.04712763548338094, 0.2490690826772584], [0.050212008574254084, 0.024453158610581442, 0.05604324844745001, 0.594696673202236, 0.06915783774809238, 0.2054370734169768]], [[0.06463739948392516, 0.03245921605298321, 0.03579669559445477, 0.6043654943380121, 0.07108392537898243, 0.19165726915163786], [0.04454515884690339, 0.047654533842061295, 0.04911187811432952, 0.5992748557990653, 0.049368978667535285, 0.210044594729739], [0.06684920930172011, 0.022333161827048188, 0.03241733559565845, 0.5722012558005017, 0.07049591503314018, 0.23570312244090244], [0.031469165214820856, 0.030407197416684753, 0.048848821323581336, 0.5704610591428155, 0.08016062688648849, 0.23865313001561597], [0.04671064340509654, 0.042493899419596574, 0.03683936366512282, 0.6116860333057024, 0.08150898157402173, 0.18076107863589647], [0.05831069839116014, 0.034036852086858235, 0.045209083991706374, 0.5975639261828279, 0.058859052936951796, 0.20602038641043324], [0.04978851748768415, 0.033632599247588685, 0.045099304694689736, 0.5896516328527421, 0.06662049468107578, 0.2152074510362314], [0.05654312569160628, 0.035175193233032476, 0.0386300392224655, 0.5808638130337845, 0.07809989007436298, 0.21068793875022265], [0.039353565051873936, 0.03204147371598345, 0.040460469268200266, 0.5803220149994185, 0.08496796332857343, 0.22285451363893502], [0.04376082817141493, 0.03540326102397732, 0.05409341038164604, 0.6106788988112283, 0.07187713332800387, 0.18418646828909818], [0.0464713356542496, 0.024240339868037995, 0.03697610996154663, 0.5736839301332635, 0.08974974111347969, 0.22887854326699802], [0.05583278186193336, 0.02658972744525189, 0.07222578494685056, 0.5449023695225488, 0.0695539942980487, 0.23089534192399055], [0.04605267457080641, 0.04184456810659869, 0.03659186298603404, 0.615599072636567, 0.08641628647387234, 0.1734955352261124], [0.08523956407556106, 0.029581917429660404, 0.04491158726612899, 0.6286466664699285, 0.049242224480678644, 0.16237804027807987], [0.04376054008240131, 0.03770430773881213, 0.04685027467440357, 0.586157892898887, 0.0630482332484361, 0.2224787513570957], [0.053373613829150526, 0.032297815024612535, 0.03421752044713282, 0.5981033096754634, 0.08546956172266552, 0.19653817930096892], [0.04897027928986743, 0.027572949734489847, 0.03792486458811091, 0.5659828920602301, 0.07410520906303024, 0.24544380526214526], [0.04158030189393152, 0.028845623008904867, 0.04204001551024982, 0.5718114826152977, 0.07975972573916953, 0.2359628512324279], [0.041645919667890136, 0.02998077910341841, 0.05089767524883247, 0.5952905466798549, 0.07938602887830284, 0.20279905041881893], [0.03453225915795099, 0.03515728324412486, 0.045824736522872514, 0.5890709142602317, 0.0837839052321219, 0.2116309015751715]]]]]}