{"SAA_list": [[[0.05416244286142268, 0.07428439874760193, 0.4771035299957376, 0.13416780207214032, 0.07140742228964478, 0.18887440403344677], [0.07870843196088156, 0.06790366447097854, 0.5031457236746988, 0.21354520559749607, 0.10784691856556129, 0.028850055730379905], [0.07854178069944111, 0.15210111182782612, 0.37612419994715607, 0.29941110130066295, 0.049542479015005005, 0.044279327209902575], [0.05937061636324919, 0.049322944148768616, 0.35488108134550067, 0.18561931487303893, 0.1039267750741823, 0.24687926819526096], [0.08757871122927366, 0.1778081858479573, 0.4106987520647127, 0.3153118091363217, 0.008602541718917637, 2.771964755070722e-12], [0.1137515714012346, 0.06093395403504748, 0.5041784765900067, 0.1232492545574008, 0.1242452563284485, 0.07364148708783551], [0.11287897402787284, 0.14035862840356683, 0.212630114153131, 0.22025100329916855, 0.20281126946827188, 0.11107001064798626], [0.04511032437907193, 0.10031545437250888, 0.3857715663330649, 0.29903997149568895, 0.09151147790008297, 0.07825120551959537], [0.09247804222832806, 0.11369931209249663, 0.21032853876708196, 0.3925684623797979, 0.1909254730036678, 1.7152813923311244e-07], [0.08913425941697113, 0.14120198883721594, 0.3875744440153983, 0.14994786452509415, 0.03299369764067719, 0.19914774556464382], [0.1470474527946285, 0.030634558225253895, 0.4590324359736518, 0.14741220507858213, 0.07154701686079351, 0.14432633106709453], [0.00789431024634715, 0.0020230219420784585, 0.45316327097217496, 0.29658872605602055, 0.17710823896059, 0.06322243182278456], [0.00030108399399032137, 0.0759181998760574, 0.5379035074155406, 0.16818919911510838, 0.13557781300862282, 0.08211019659080086], [0.06707917502217262, 3.706961896198828e-09, 0.4762318263354881, 0.16718554677446307, 0.07209031658035693, 0.21741313158060852], [0.07110512084303111, 0.05743274339907723, 0.5108829258335557, 0.22883959141504762, 0.0451222611662906, 0.08661735734299103], [0.07673064245846208, 0.13382077751608681, 0.36255519827357746, 0.27046355934190125, 0.02470130360885131, 0.13172851880111822], [0.04234438463713445, 0.0759980454186688, 0.35663830463420243, 0.2737763558416534, 0.017974776983232528, 0.233268132485085], [0.08689223518530535, 0.10137511063465245, 0.49177137837745966, 0.14998853156667505, 0.08388432986657497, 0.08608841436932693], [0.2410281724398418, 0.06626811068248306, 0.30514867847397287, 0.20045160827143813, 9.528564370685956e-09, 0.18710342060370358], [0.03800286970404908, 0.08115785937424409, 0.6870235601898201, 0.06870873588914644, 0.05114782763967714, 0.07395914720313033]], [[0.07017807569920675, 0.07398178100666102, 0.5734005429616106, 0.18451254220106122, 0.06395287030930145, 0.033974187822288705], [0.09820134825401164, 0.025477615247169728, 0.4646058809591628, 0.2255259863570866, 0.14103561957511032, 0.04515354960745501], [0.08820959071591356, 0.009145734598351257, 0.6183423077950518, 0.08973590339626886, 0.05123330176105538, 0.14333316173333668], [0.12707946428055472, 0.09925223702777304, 0.4159894449089534, 0.19606040629510418, 0.11039850052844462, 0.051219946959169524], [0.029740736673914695, 0.04610858171401817, 0.44816532784161794, 0.15268116144355887, 0.054117191906697566, 0.2691870004201951], [0.09334208994760128, 0.03976798023588152, 0.4319237032330406, 0.14736422848884037, 0.1130999154282965, 0.1745020826663344], [0.11046159740451418, 0.08196529669875793, 0.4147227842514535, 0.1979196460105933, 0.10535394556762877, 0.0895767300670352], [0.0964133245125368, 0.12966690825041685, 0.5023943439369156, 0.08513820827532537, 0.0800306839898787, 0.10635653103492716], [0.07999753217879033, 0.05521047078253486, 0.5225690480521926, 0.11851064095832314, 0.004952426036884254, 0.21875988199127094], [0.07558203823913913, 0.04766071171112568, 0.4349639166885859, 0.20071548478636222, 0.1195663615469263, 0.12151148702786146], [0.1592456143086181, 0.06439429792186012, 0.5578781670851465, 0.1602614606474461, 0.04227150189275583, 0.015948958144192768], [0.03408587890565402, 0.022765494980306437, 0.593857120781148, 0.14659500351791976, 0.101310074805126, 0.10138642700980002], [0.03778884810976518, 0.05089632257136645, 0.5046785137599531, 0.2281504497035635, 0.053150090441324196, 0.12533577541402974], [0.1428777910361956, 0.035276588862922245, 0.4215946269547957, 0.2175774708773873, 0.09260906465582261, 0.09006445761288011], [0.0031331488582587133, 0.022129491996439637, 0.6377459767583078, 0.20354219987143177, 0.07291660817841815, 0.06053257433700303], [0.07645515768137677, 0.025130036952231267, 0.6089130843781099, 0.035990976526187914, 0.0162303060324792, 0.23728043842959237], [0.09317495325782718, 0.07262609513847831, 0.4917360790877751, 0.20985478544136646, 0.038895055213260164, 0.0937130318613175], [0.0794133586019146, 0.06908506058829322, 0.5852780944093351, 0.13836326312116112, 0.055240252305421136, 0.07261997097398158], [0.07225604194111986, 0.03890246802518931, 0.6823616741899428, 0.13394744840810827, 0.0008971712920983099, 0.07163519614353224], [0.04429989942863932, 0.07360318593161234, 0.5477939623640949, 0.13137947055320512, 0.11588165614053235, 0.08704182558190382]], [[0.05770449398158012, 0.0314645809766374, 0.6057651180351586, 0.13094813994711288, 0.10362759575255245, 0.07049007130693202], [0.06945487486461994, 0.0638501748243678, 0.5792436503949646, 0.15148246421804668, 0.09523185195641386, 0.04073698374152825], [0.06286367298324791, 0.08273470247658997, 0.4222406934527775, 0.1944263718076805, 0.11606612049560455, 0.1216684387840949], [0.05970585262476047, 0.03146006549178534, 0.6619138135672795, 0.08846548332015348, 0.06948115090114806, 0.08897363409494789], [0.07059773198045413, 0.01574672112416236, 0.5508011986247004, 0.17518684901621068, 0.0897985706433853, 0.09786892861096932], [0.07709997922514573, 0.04286034346127743, 0.6816621527433641, 0.0689362831258483, 0.07089070044558596, 0.058550540998685556], [0.04520272998220776, 0.06371812731056116, 0.5099681875534026, 0.21511140945250523, 0.0654708917474035, 0.10052865395391823], [0.05654128431413229, 0.061067149838002675, 0.46366353166443364, 0.2373889799322116, 0.0876617843228217, 0.0936772699282827], [0.01566590590730086, 0.059085474867709147, 0.5762377889837085, 0.13470923144046454, 0.10265383340899721, 0.11164776539176414], [0.06766766725293692, 0.045129768601397884, 0.603166653366777, 0.150402650086542, 0.05977398108669837, 0.07385927960562282], [0.08263515932283422, 0.00453204485438306, 0.6017942740271414, 0.10760852007959713, 0.07967294126174622, 0.12375706045428704], [0.05757448227253921, 0.03462007398492442, 0.5429583648803749, 0.15611800865329334, 0.08393519941021688, 0.12479387079866833], [0.068540948941678, 0.06684784284054056, 0.5592037207450252, 0.1553836746082154, 0.0601278912453568, 0.08989592161908601], [0.03412540931368843, 0.05570146684708176, 0.5606959174250556, 0.13424370442775538, 0.08112749941077615, 0.1341060025756527], [0.03723720739594982, 0.049733781406494565, 0.5209778571740278, 0.21574970581828626, 0.09232539085451869, 0.0839760573507121], [0.025788133491846235, 0.025144247556677105, 0.5662120352396643, 0.21791283262706412, 0.08039287315030252, 0.08454987793444742], [0.008765738879717207, 0.0806049157308753, 0.5435659354580707, 0.23631980295483176, 0.10776303002097364, 0.02298057695550128], [0.05250139268735845, 0.027411822748635673, 0.5785403435473189, 0.16248829928053388, 0.053064674353424185, 0.12599346738270967], [0.060600914936768335, 0.05182787897055255, 0.5414221177076631, 0.1676859885125398, 0.10641131320126841, 0.0720517866711838], [0.026884096632576855, 0.08422130683797517, 0.6004648094848303, 0.17972607930958556, 0.02826402823279344, 0.08043967950299076]], [[0.08293101856166916, 0.054248084639370885, 0.45858933338778624, 0.2109394865628478, 0.0865002462773553, 0.10679183057097015], [0.03517316919473034, 0.06826078481551018, 0.5423841921101938, 0.1809375336422395, 0.08006734587600653, 0.09317697436131865], [0.037994857860111364, 0.06372764386976398, 0.5317392407907627, 0.20329916895380243, 0.046931760296502825, 0.116307328229065], [0.03943810983808597, 0.011833935912015777, 0.6064652532712819, 0.16303793318606027, 0.07715770437252124, 0.10206706342000843], [0.07238520251388214, 0.05069527942298254, 0.5200404400571474, 0.16562034352003224, 0.08601856200793695, 0.10524017247800689], [0.08980944228496536, 0.05686612428237134, 0.4225750014865297, 0.20120202504643614, 0.11312074011984778, 0.1164266667798453], [0.0397970310640259, 0.0530955167999653, 0.4873689760753434, 0.21661816952833185, 0.08871613131900256, 0.11440417521333315], [0.052787594244975804, 0.03643211837095678, 0.5591366408478032, 0.17714769501424504, 0.08095854735365937, 0.09353740416836168], [0.0461718981374511, 0.0676181680682956, 0.5428178088110573, 0.177971404981301, 0.06105447391827187, 0.10436624608356139], [0.03210238522602822, 0.060795189988001125, 0.523158658550862, 0.18181487518657538, 0.07709583062693727, 0.1250330604215202], [0.0502149942032453, 0.05659687638623307, 0.5503794838016218, 0.1790406098915622, 0.07533415240824669, 0.08843388330915211], [0.03758566496988631, 0.05302113819175847, 0.5372790174722676, 0.21709385914158072, 0.06609606674913311, 0.0889242534753885], [0.045100024505288626, 0.05265820333813903, 0.5560105394492733, 0.16602198596426468, 0.07642870499796409, 0.1037805417448918], [0.04060881572200064, 0.031000999052749143, 0.5370154175117626, 0.18898719965745164, 0.10478098145694416, 0.09760658659912884], [0.05401775863614811, 0.035362712344046865, 0.5759051657295214, 0.16077835436388094, 0.05531733314340574, 0.11861867578303964], [0.02939080847965985, 0.05006761747451616, 0.5287154581045046, 0.20550419609166828, 0.06555206573436864, 0.12076985411525308], [0.06371569138021904, 0.06189558249861893, 0.5553602536821217, 0.15812906253862585, 0.045338670250950085, 0.1155607396494682], [0.02936724660391127, 0.05866388404359185, 0.5255883120881091, 0.20421122828941732, 0.10150293298046928, 0.0806663959944585], [0.0414404313328612, 0.03188817496231512, 0.5881568071531206, 0.19080057054896232, 0.048778341725641966, 0.09893567427710218], [0.04721633920409232, 0.048789129919210604, 0.5150950706885836, 0.1938184207243893, 0.09271653656017283, 0.1023645029035657]], [[0.05338781718220794, 0.04616468201821989, 0.5339910997052992, 0.1823820769624622, 0.0728578111738101, 0.11121651295801753], [0.04595352944769781, 0.04526055904114847, 0.5702479480729529, 0.1782641926763058, 0.059169855523065, 0.10110391523886056], [0.06260672661287459, 0.03010601180285272, 0.5368497322452414, 0.1798891926824367, 0.0876634348826137, 0.10288490177402067], [0.03682366980182631, 0.026767898276654354, 0.5589487064138291, 0.19808355081731335, 0.07142672139586273, 0.10794945329452182], [0.05686509064385878, 0.05848768029913393, 0.5272167211076475, 0.16258827704587459, 0.08058149566424729, 0.11426073523924564], [0.04967896856819319, 0.03084519273499403, 0.5225190243951161, 0.19563448822001886, 0.08695280851347134, 0.11436951756817758], [0.04413194800655253, 0.05727258236367738, 0.550717966163424, 0.19918314015917554, 0.0733110676112915, 0.07538329569590273], [0.029389059402588152, 0.05117579511144378, 0.5637887199268444, 0.17634728404507133, 0.07248934675916734, 0.10680979475518643], [0.05131417075769794, 0.05896785271314132, 0.553159723293676, 0.18145341719657923, 0.07122506627518956, 0.08387976976373036], [0.04760934039959211, 0.047298467387855515, 0.5757926857117699, 0.16130804498407372, 0.07299164103896169, 0.09499982047770951], [0.051532876124902836, 0.01874981718665273, 0.5490210426406248, 0.1717379497016449, 0.08191366502532686, 0.12704464932083523], [0.042691264425850216, 0.047729361200959476, 0.5861424797753039, 0.15479172234201732, 0.07672192905913487, 0.09192324319666392], [0.06659886627240792, 0.04744690088794405, 0.5255702803925153, 0.1859732946287143, 0.07402062929901461, 0.10039002851936715], [0.05190761281244333, 0.04690275431248071, 0.5774868649099568, 0.1907815650553548, 0.07131437645459718, 0.06160682645521684], [0.029102889717183483, 0.05497683166257968, 0.5464016164598954, 0.1758455654332834, 0.07834157300860455, 0.11533152371840859], [0.0551652457299735, 0.049234582180535176, 0.5528006088515938, 0.17921193576281863, 0.08657467022572354, 0.07701295724937451], [0.060282691716059454, 0.013223548608386195, 0.5666228307413895, 0.14792147654446614, 0.09893966911198057, 0.11300978327774007], [0.05183753037597239, 0.04270093553053702, 0.5350425658007102, 0.17551303051334596, 0.08642219704725669, 0.10848374073219265], [0.041066813412917576, 0.018765249110247482, 0.5775873603662269, 0.175831734394587, 0.10037272858405132, 0.08637611413197897], [0.052233886090891586, 0.029663465705019522, 0.5615117182778493, 0.18236214386025398, 0.05951439686330824, 0.11471438920263884]]], "bagging_alg3_list": [[[[[0.04813000882750694, 0.09284738398349326, 0.4429007593956232, 0.14592434978616287, 0.07868770367088752, 0.19150979433632742], [0.08696285375990459, 0.049228059088384, 0.5001696407110933, 0.21991843850142154, 0.13290381347373864, 0.010817194465436076], [0.03923102133577373, 0.12795507836005054, 0.4731599670173165, 0.2959655619780322, 0.044243243144894785, 0.019445128163936443], [0.02320671336179477, 0.015402774537698883, 0.5469397752408912, 0.19591660458249632, 0.07354574797745639, 0.14498838429968236], [0.04662318941857796, 0.20178421200260072, 0.4372866081478142, 0.31430593065682716, 3.2294013100346927e-08, 2.7480103219568676e-08], [0.0748539937075183, 0.047248837778983345, 0.6696847443167148, 0.13662603648844757, 0.03515080627491915, 0.036435581433393656], [0.10340101585971703, 0.1726093934897931, 0.18650483837626758, 0.20202339108780665, 0.17684340494331438, 0.15861795624309957], [0.03383916688074884, 0.057382103808651407, 0.39868953687178654, 0.3336964969418854, 0.10574511624881426, 0.07064757924811037], [0.05111823550376747, 0.14637801500149838, 0.117518514967455, 0.24661222150744316, 0.10750556883083782, 0.33086744418899916], [0.04787080565070442, 0.09020738419909584, 0.3251851278044892, 0.13925716445115327, 0.14987813358740956, 0.24760138430720038], [0.12193741260623207, 0.033859801803571746, 0.4770421971813185, 0.11052204202253023, 0.04294130529835915, 0.2136972410879862], [6.661137687220725e-11, 1.6999565127712938e-08, 0.4588129633925723, 0.3068155466122035, 0.16732013583900807, 0.0670513370900386], [2.605905239564605e-07, 0.09329945906792833, 0.51268488193453, 0.15728999478229846, 0.15801839988104852, 0.0787070037436834], [0.044660136328829696, 3.002319046697776e-12, 0.6743048484894976, 0.09339116494394525, 0.0363925840955074, 0.1512512661387227], [0.026067597460413337, 0.026298688060276656, 0.5307935183600422, 0.18518912407433724, 0.015514034837289631, 0.216137037207669], [0.15582165454827232, 0.16965372092102576, 0.30650349179911873, 0.22514860436386167, 0.015379732496303226, 0.12749279587141604], [0.06051459679733452, 0.04574385943143189, 0.28310991331084184, 0.21678861155142515, 0.2052655501788142, 0.18857746873014936], [0.12118589721471923, 0.049592432040663284, 0.591112772652929, 0.11401083625259568, 0.0693955060729828, 0.05470255576616103], [0.25019752838380965, 0.0781541190241741, 0.3009129578360122, 0.1671000985646019, 2.918767386076342e-09, 0.20363529327263274], [0.028509756480292924, 0.10126175160105855, 0.7648257331991987, 0.05279986058123401, 0.019505598544946275, 0.03309729959885565]], [[0.03357195314499456, 0.06882931008376442, 0.4979070359720041, 0.10999039080652752, 0.05884840643126632, 0.23085290356143537], [0.06240962733042101, 0.10578940631913475, 0.3323987468673981, 0.27151143459654803, 0.12711555487196202, 0.10077523001453614], [0.07504330077332054, 1.0678839914209048e-09, 0.568989808036091, 0.21437281211193696, 0.049619610417237024, 0.09197446759353005], [0.0976702045748925, 0.045751171477313286, 0.6084305434951695, 0.17964469090229068, 0.04373870760592579, 0.024764681944410394], [0.0036457857535627984, 0.06344443483188968, 0.512802842869755, 0.11308861463865658, 0.06533214816009768, 0.24168617374608822], [2.5843360164880527e-07, 0.030337701748539538, 0.5136663209202654, 0.1967265011253243, 0.07945658111656707, 0.1798126366558634], [0.08356224490722293, 0.08734535664525979, 0.5916524258502304, 0.137105475546959, 0.05735911345364805, 0.04297538359669053], [0.01088686054725695, 0.09503391489202342, 0.44585096243815264, 0.20123688294222683, 0.04701546198178133, 0.19997591719849978], [0.05502648528858859, 0.04529628503311136, 0.5034429159336832, 0.1699741727449189, 0.008026025127821622, 0.2182341158718758], [0.0386366112788626, 0.02009640788688722, 0.6112575965137141, 0.1757565264541871, 0.062377730918090166, 0.09187512694828594], [0.10021899189788003, 0.034084208732421156, 0.5668422427213937, 0.15915264290347464, 0.04826194679885583, 0.09143996694598912], [4.91628652214917e-12, 0.021758786614959023, 0.5838231958558651, 0.20895138815487788, 0.09463587295629104, 0.09083075641308123], [0.01303297433778993, 0.062432073562751635, 0.7271917374967531, 0.14330632242985855, 0.02981618540047902, 0.024220706785669573], [0.11760928071374277, 0.05661692063049266, 0.46769568922503196, 0.12446309651902474, 0.08940211398889462, 0.1442128989228171], [3.371075364753275e-08, 0.00870248124981151, 0.5704932871546674, 0.12857481446455746, 0.04177562505565167, 0.25045375836453193], [2.261638114927482e-06, 0.06847042429377147, 0.7780657971536852, 0.030891246971365565, 0.016229338306254826, 0.10634093163658148], [0.04815948166187237, 0.08390749955209, 0.5242297046938398, 0.13432484300189368, 0.037677163860696666, 0.17170130722951787], [0.025853405257958043, 0.06505210657713749, 0.7643143498523661, 0.09941848615865882, 0.01640148246313467, 0.028960169690591567], [1.1714763483609661e-08, 0.01734992755263008, 0.6668240823035174, 0.19668265222686554, 0.0004989230475708953, 0.11864440315488277], [0.053542908832417864, 0.04855556810641733, 0.746668625942513, 0.06393828976028047, 0.04241630882227937, 0.044878298534259245]], [[0.022678939623354773, 0.08893150143812177, 0.6290919837461928, 0.15000041952124646, 0.01621883903143336, 0.09307831663962458], [0.0645199835773148, 8.95077770844452e-10, 0.5983707614766329, 0.1360837768905892, 0.12150851192247428, 0.07951696523798593], [0.1104623400806099, 0.06300525906954052, 0.506981989553573, 0.12694455013680406, 0.08393285801941706, 0.10867300314005615], [0.09781461997311827, 0.06959165617859403, 0.42853858110473714, 0.17731138128295384, 0.07842827857014063, 0.1483154828904573], [0.050840841773323736, 0.012230848155755978, 0.6416515405981122, 0.10297515865103021, 0.11390631446164395, 0.07839529636054207], [0.06901038102778605, 0.05357630085854531, 0.5795037297958038, 0.16310694205774548, 0.054136058814606085, 0.08066658744547205], [0.04503991573455971, 3.600083605527671e-09, 0.64547869951878, 0.2103348052894891, 0.04106171771366148, 0.05808485814344815], [0.04327695027234645, 0.053610695760845824, 0.5803151677926767, 0.1969908836232997, 0.0884795044418947, 0.03732679810896235], [6.011039568526186e-13, 0.036234805700487725, 0.6970912151334443, 0.08781985416057975, 0.09060284796746837, 0.08825127703868098], [0.05346767027466377, 0.04299507305626923, 0.564843978399751, 0.16860307161771443, 0.02059638962056084, 0.14949381703096523], [0.016369678450086717, 1.2324494034727424e-10, 0.5534894211667171, 0.23330304438456093, 0.0872301907336073, 0.1096076651418288], [0.09147494802028597, 0.06741013030856001, 0.4826214682573498, 0.17383153063565157, 0.07353516084146618, 0.11112676193669312], [0.054389762823625835, 0.04840558164504538, 0.5710020418040866, 0.24684526787126246, 0.03090208791216317, 0.04845525794385622], [0.023582508680566817, 0.01831542127856921, 0.6941947837451953, 0.19133195548490267, 3.7035214166657604e-09, 0.0725753271070408], [3.574041380219946e-08, 0.07366683978334246, 0.43608704487609834, 0.19858487021671856, 0.06546154930632347, 0.22619966007710252], [0.03168353743650531, 0.05077707658476112, 0.48313842578618177, 0.2523903179869455, 0.08136873832342287, 0.10064190388222577], [0.04035002402669941, 0.021122524397103937, 0.5340525839955048, 0.22486496556510885, 0.07798225135163568, 0.10162765066399362], [1.1359284807864143e-09, 0.06292101887413033, 0.5041833890165366, 0.20524373565354168, 0.08278291686521562, 0.14486893845483254], [0.04358695218629046, 0.03141826495727535, 0.6866076007777454, 0.1125494002833076, 0.0452974281028415, 0.08054035369147505], [0.04310911230190511, 0.07908425025936149, 0.5794915170823581, 0.15794771273654498, 0.10592956156560356, 0.03443784605416351]], [[0.09843213126282607, 0.047143852523641144, 0.4600004622205131, 0.22291645514950645, 0.10539910990987454, 0.06610798893363927], [0.02125242554389431, 0.05310918421972184, 0.596370246576207, 0.19034164954938956, 0.0656961733521558, 0.07323032075858307], [0.059527001301021974, 0.06592064991097923, 0.5687641287062309, 0.13714113800786767, 0.06910770960273935, 0.09953937247115649], [0.021420168046206355, 0.07250950540131967, 0.559945496908284, 0.18588511385124554, 0.07742593821229192, 0.08281377758083107], [0.07529787222670054, 0.0443099436236718, 0.5267372454153739, 0.18121208068474928, 0.08490179884354732, 0.08754105920592208], [0.05943636629467182, 0.0467484549349244, 0.4639386202710357, 0.22251483951690693, 0.09449399056181405, 0.11286772842062956], [0.041121558204272754, 0.07942890551933067, 0.4946434918029844, 0.1961745254196248, 0.06749731682245108, 0.12113420223134615], [0.06388728976500739, 0.04207905727334287, 0.5551978328078507, 0.1768802071354645, 0.0758785341546243, 0.086077078863735], [0.03709327956598838, 0.06718899124222603, 0.5109855036671228, 0.17727740672220388, 0.05427295948058152, 0.15318185932190143], [0.05798761157750788, 0.043814920099419334, 0.5626234681811616, 0.16801198429887426, 0.06299371969603347, 0.10456829614692852], [0.03779232209492008, 0.05448508633336938, 0.6139631386896071, 0.14651094802189787, 0.035712702239489705, 0.11153580262080934], [0.040747518505624095, 0.049307758324578614, 0.5802798350417376, 0.16885572086326772, 0.08651955489279124, 0.07428961237204168], [0.03300090712443169, 0.06874619378856021, 0.5814782963405476, 0.1403688493524262, 0.0730672840096273, 0.1033384693844305], [0.04967731169171275, 0.04439165014896967, 0.5705160534263167, 0.1684972325397541, 0.0705270954726476, 0.09639065672040092], [0.07977346796881793, 0.03606104884045056, 0.5436522967350886, 0.18602124929366365, 0.040621636886680114, 0.11387030027532667], [0.06909377903976414, 0.03189696799593447, 0.5286963757516587, 0.19701247862716031, 0.05828271757678899, 0.11501768100869843], [0.05321589404876164, 0.04704618776067319, 0.5412675550633641, 0.15877830737780968, 0.0974685519882102, 0.10222350376112598], [0.0944711831406985, 0.0727990350157959, 0.5052287258494174, 0.14651759587229307, 0.0785378331435472, 0.10244562697822954], [0.03064191164032275, 0.03691045690203001, 0.6001827240801596, 0.19076931017207155, 0.06910373624001272, 0.0723918609654128], [0.022611451138415502, 0.05094314279342089, 0.5057055774171231, 0.24568984091231116, 0.07687285194197756, 0.09817713579682005]], [[0.04836002537885732, 0.046843956229566504, 0.5339630647821585, 0.16425795942069515, 0.09292858607613677, 0.11364640811261545], [0.044544862773251426, 0.057765251609871185, 0.5479469741254883, 0.18939690898978243, 0.0661580906382033, 0.0941879118634628], [0.06395860014599403, 0.041961431774254564, 0.5155947309524, 0.18677722187113283, 0.08263819214734683, 0.10906982310887912], [0.02872067264309811, 0.06541799499974008, 0.5374264871138806, 0.19828183445164232, 0.05751106418563364, 0.1126419466059653], [0.06132783819801929, 0.04646121125206054, 0.566997559438482, 0.17194001293996067, 0.05960145643228793, 0.09367192173924266], [0.06262014214428922, 0.05171146792722447, 0.550284624414037, 0.15552058058452461, 0.08321435698799245, 0.09664882794195791], [0.05738454380493147, 0.048607074928459025, 0.5486403070559772, 0.1719064919993677, 0.06144271736119615, 0.1120188648500938], [0.058757971331472016, 0.04038516612845381, 0.48951788599218793, 0.21024873210989695, 0.07166244278158022, 0.12942780165640114], [0.04558301910140477, 0.045931078786903314, 0.5880311200228957, 0.1563169466286037, 0.07149649516816284, 0.09264134029207512], [0.04971304427147675, 0.041381949640034214, 0.5328026846178341, 0.21539679823064725, 0.07810298297944286, 0.08260254026050086], [0.07310855620855158, 0.026163461725047917, 0.5151199550542064, 0.1745514119705174, 0.08439278619259667, 0.12666382884907348], [0.04077424848108614, 0.04117296819568997, 0.6161515234906638, 0.14202380232830833, 0.0658696275295141, 0.09400782997481281], [0.07376275541302581, 0.043233763902689, 0.481708669421885, 0.19768666488587688, 0.09463128377246022, 0.10897686260406078], [0.06418206171243168, 0.051540351734220356, 0.5211127218652695, 0.1906995820012931, 0.09045857627629646, 0.08200670641043965], [0.05594556815159382, 0.0606462663962237, 0.5436499012682893, 0.16060284242864217, 0.056507678224611106, 0.12264774353064872], [0.06402017819650624, 0.04725929733352371, 0.5514903104952473, 0.15857710214426368, 0.06988350251229854, 0.1087696093181803], [0.0677944220132063, 0.06180580590897545, 0.5064109098382539, 0.15917452322743175, 0.11230053824278727, 0.09251380076924763], [0.059802220899984396, 0.05302988784485986, 0.5206366831167177, 0.16273797322783734, 0.08440852056861908, 0.11938471434197702], [0.04711938640327704, 0.03868263432274555, 0.5769641325640346, 0.18164913963680487, 0.06480021810604479, 0.09078448896720044], [0.05139691506783545, 0.022510599970232477, 0.5475478765579523, 0.20558439649376253, 0.06472294342297204, 0.10823726848736938]]]]], "bagging_alg4_list": [[[[[0.10045987832846555, 0.03868075614365345, 0.39083934575877183, 0.1749762224937661, 0.0742288816529944, 0.2208149156223485], [0.11244724489479761, 0.04513274338182608, 0.5911367525363341, 0.17306324294524864, 0.06493146501004593, 0.013288551231762178], [0.10753522042960577, 0.16720625848885226, 0.5053695452847109, 0.17942594698202124, 0.015203370048030468, 0.025259658766790268], [1.3192283479090675e-06, 0.03013074470067094, 0.5089592826795137, 0.19817971575739718, 0.08284028100438476, 0.17988865662966846], [0.03949977950615176, 0.17996738267980047, 0.5156695568471305, 0.2648632806816355, 2.839023775336344e-10, 1.3524155673069368e-12], [0.061568949727162675, 0.014713681614018016, 0.749185403971949, 0.06308286560796438, 0.018371998312825027, 0.09307710074827046], [0.09026897566140578, 0.06656322593194894, 0.1980477727102249, 0.3300352548724441, 0.23768582593990756, 0.07739894488407127], [0.18613551879216764, 0.06971992589284648, 0.35358346617409697, 0.27161412553661074, 0.06169680335931277, 0.057250160244969185], [0.09029995239473534, 0.03551533535219184, 0.48568151718491087, 0.3383617542289124, 0.0501406891624137, 7.516767597028683e-07], [0.017465900217925028, 0.11745327751924715, 0.5136327503516709, 0.1626421197189821, 0.01487951082731461, 0.17392644136485447], [0.018772398083800795, 4.725523135849785e-10, 0.6862622207179813, 0.16183399530957332, 0.06120362886440464, 0.07192775654751386], [0.08352030505516943, 3.0204025644570914e-09, 0.42088218641136055, 0.30236850292954354, 0.17323268707995357, 0.019996315503572625], [0.019997753823599175, 0.04678581887347914, 0.4821218810905277, 0.2247729037645058, 0.07098057762989078, 0.15534106481801147], [0.0736071038589224, 5.0732115888767295e-12, 0.6428847395534438, 0.12429099140149462, 0.058303468393780616, 0.1009136967870459], [0.06829137003436002, 0.02321546409131917, 0.4605731942651167, 0.23482320640639642, 0.04621596013615858, 0.16688080506665517], [0.08456932399588918, 0.10137666178945824, 0.4050898459094151, 0.30196596465925724, 2.588081197345544e-07, 0.10699794483790633], [0.02330433481216842, 0.10159024398141006, 0.30514490568176555, 0.2133953357787233, 0.15902796086545096, 0.19753721888048248], [2.3322665883778372e-07, 0.15033007812786664, 0.5108412270417859, 0.11414135748291146, 0.09913692707169094, 0.12555017704906932], [0.11405971065544684, 0.053843296111566415, 0.45991121224829556, 0.18792351987468275, 5.421402609917846e-12, 0.18426226110457766], [0.021605782947706816, 0.0714702355019547, 0.6327167203098151, 0.10580542104702916, 0.049566319281803134, 0.11883552091162689]], [[0.05714584610297285, 0.07899026685068697, 0.5074922395639816, 0.17856423455859072, 0.0041460315508772645, 0.17366138137287043], [0.04732807193250817, 0.06625427973878477, 0.5573911500668096, 0.14561263220362677, 0.07314516534302629, 0.1102687007152511], [0.08221117490963084, 0.0036706480453821363, 0.6216925150395068, 0.04496305670408894, 0.06106719892467884, 0.18639540637671426], [0.04643087239635739, 0.012914799403708212, 0.7493061136838425, 0.09939855573770573, 0.05290360963623061, 0.03904604914205963], [0.05063665159695951, 0.04261029639629697, 0.5191631142947348, 0.2049301564441593, 0.03766131420623636, 0.14499846706161823], [0.13480830451647088, 0.01835132412322415, 0.5304715929633466, 0.05060311327578748, 0.09904413084870572, 0.16672153427247005], [0.1448820465209992, 0.050891654775787866, 0.28345480885781116, 0.205363546875678, 0.22540988924714733, 0.0899980537225778], [0.058827368292008186, 0.07580690305292107, 0.5404876235628324, 0.030516596911070625, 0.15569229450486735, 0.13866921367630847], [0.08807019154949719, 5.87022562006546e-10, 0.5572369806085785, 0.20506986759702875, 0.00817542516146367, 0.14144753449640765], [0.039340460319721854, 0.034355192063651736, 0.44804077100718337, 0.25027899669946957, 0.06283827369270667, 0.1651463062172621], [0.1899565245226702, 0.0065887304961707045, 0.46814564973497996, 0.20560733298715486, 0.07263528265411229, 0.05706647960490728], [2.9070807685745765e-08, 5.723332649430142e-10, 0.6902097784800142, 0.17975371807905002, 0.07667023987923056, 0.053366233918506575], [1.8733186324832125e-08, 0.08489586755772496, 0.750438109083693, 0.12368487416987294, 2.51509993034721e-11, 0.04098113042726075], [0.0861517385100841, 1.2511363713208647e-10, 0.629178432290989, 0.20223930420551642, 0.0448372978017061, 0.037593227066929004], [6.985499613858932e-10, 0.015513550291907104, 0.7384742736437884, 0.05666668222581197, 0.07542470549596482, 0.11392078764011045], [7.123140779241321e-10, 0.1242415902200827, 0.4048535439608377, 0.26766718783483134, 0.017536400713073403, 0.18570127655886798], [0.05597721197325768, 0.08326155007883562, 0.4959394983471981, 0.17926338342253764, 0.041568829987436585, 0.1439895261907243], [0.05223219864293458, 0.048350120605818274, 0.7960954622708268, 0.02591427270579408, 0.019170728761982336, 0.05823721701270712], [0.01012145006033496, 0.005961158831558837, 0.6741352038109435, 0.11977882190754635, 0.0018314756111043615, 0.1881718897785742], [0.017196305407643043, 0.1285150740382506, 0.7436562125645129, 0.01928987590289802, 0.06083251275170062, 0.0305100193349202]], [[0.011329398888657567, 0.05691796912191901, 0.6568107600525108, 0.10480520220534231, 0.06264321038524669, 0.10749345934615867], [0.07052584516320622, 0.086612007994845, 0.5180067520933522, 0.08643079908783091, 0.11904845192756833, 0.1193761437331989], [0.03848218065909294, 0.05216734319846853, 0.48258260159916916, 0.2496947344085544, 0.06935381386237802, 0.10771932627233234], [0.030662717983612683, 0.05036860618006889, 0.5511095497629486, 0.1428093491138423, 0.10137739009204254, 0.12367238686759709], [0.036749591296749574, 0.03843935297478443, 0.5937469420445731, 0.11711685803936941, 0.12563454922576972, 0.08831270641883424], [0.05467716330195418, 0.037162810409562055, 0.614971396504924, 0.11019519512155547, 0.11819363261446324, 0.06479980204754734], [0.06486457882920224, 0.05394276176339918, 0.4898560588095268, 0.18575397545540173, 0.049236126451817165, 0.1563464986906495], [0.07167231209910384, 0.10305682827885226, 0.6323028068108351, 0.06372431561985786, 0.06317314824382834, 0.06607058894749328], [3.9194786385941645e-10, 0.07223663239999886, 0.6906048586191397, 0.13795435043615029, 0.039998859760645794, 0.05920529839203264], [0.01991475790147306, 0.04126698086393909, 0.6836003497229242, 0.1129169188424132, 3.0394024216655113e-09, 0.14230098962978227], [0.05969481238937926, 0.013971355957170821, 0.498128760986085, 0.21187634343011172, 0.10718257424153596, 0.10914615299571619], [0.10603736892444689, 7.630541301764728e-08, 0.48338627202343626, 0.12616303661203976, 0.0591361674651726, 0.22527707866948332], [0.055928013793009435, 0.06900770723240658, 0.45954375774769435, 0.26176645780438695, 0.05880834191929872, 0.09494572150318671], [0.03279272331687953, 0.03652357512713194, 0.5846299187550504, 0.20640449992811988, 0.06844619863657622, 0.07120308423584265], [0.028497863545528346, 0.023316966312274676, 0.5877868812878827, 0.12444412099297224, 0.058199424246086214, 0.17775474361515495], [9.723188505156238e-09, 0.05473297451774779, 0.5625961158479026, 0.19796283859053218, 0.08550025453844616, 0.09920780678200129], [0.00012783012004372474, 0.0406962131082065, 0.5229699553530043, 0.18410202115740681, 0.10718325668586058, 0.1449207235754271], [3.1131789033971985e-12, 0.05802858696773718, 0.754130099151813, 0.07420387785186132, 0.054733543712580164, 0.05890389232040464], [0.030052198779777307, 0.01928484603352666, 0.47134852861593063, 0.21209284062685657, 0.1542526067684459, 0.11296897917543483], [0.11903052159755849, 0.07449468827601757, 0.4409286701796081, 0.1960709051237605, 0.12172205494793313, 0.04775315987512351]], [[0.05279923316525036, 0.03740607533957911, 0.5650778896252042, 0.19666730637408156, 0.048005956995335754, 0.10004353850072704], [0.013852440200560465, 0.057485383973975956, 0.58262216565595, 0.1704171297179632, 0.06833736862644131, 0.10728551182508163], [0.05206106223570012, 0.03490418579415578, 0.5864264277874817, 0.1711248027940227, 0.034845753372584366, 0.12063776801611856], [0.05523028106125358, 0.02772652784150713, 0.4920773265464537, 0.16805282109449582, 0.11338383845540381, 0.14352920500088742], [0.06252549756762708, 0.030788783247119325, 0.5215021996660676, 0.17753111633244867, 0.09332534250248363, 0.11432706068428873], [0.06391035984572288, 0.07798307587353014, 0.4075341858225832, 0.24208898718920832, 0.10551674731047216, 0.10296664395848197], [0.024900696741399195, 0.0814538150201788, 0.5059853167156014, 0.17704958606052087, 0.11435961716858964, 0.0962509682937115], [0.06863721029251772, 0.054116909353619014, 0.5818124684667599, 0.1597943603456968, 0.061407091159560015, 0.07423196038188823], [0.0963540344106091, 0.06407414926403726, 0.4730405054222363, 0.13209431757754633, 0.0900652514690229, 0.14437174185654988], [0.08985544077784467, 0.0413309164606999, 0.5689156670868197, 0.09548691947836452, 0.08197874638652088, 0.12243230980976645], [0.024763426135213297, 0.04738518461033494, 0.589305792554991, 0.1426410052893579, 0.06863492955971606, 0.12726966185039895], [0.05960080406408124, 0.0501770537468053, 0.5428730876490006, 0.1806759931265916, 0.07416218979773087, 0.09251087161583643], [0.03756879579149399, 0.0698328870240837, 0.5260139076974628, 0.20407868805656015, 0.09476194119009451, 0.06774378024022432], [0.02701384954370056, 0.07779836472716571, 0.6104088535492108, 0.14699526604425908, 0.06250495136239044, 0.0752787147732762], [0.04201278324881973, 0.03962871496524123, 0.5560788301387933, 0.19035928198237906, 0.025844692821784563, 0.14607569684297117], [0.022124402395374252, 0.02858433623399861, 0.5700141567590401, 0.2290525942031621, 0.040986113627673744, 0.10923839678071187], [0.030312969867082838, 0.05404303142113315, 0.6397210319041683, 0.12086398471531969, 0.06837320732614774, 0.08668577476596791], [0.0895100687598464, 0.030709808884072775, 0.48993854126583253, 0.20757748385423072, 0.1025674854020481, 0.07969661183395411], [0.0336260397043369, 0.029170088286610173, 0.6015439058856061, 0.13781033748257104, 0.09362797773064241, 0.10422165091023017], [0.014186944065961845, 0.08136752886035, 0.5018024249029793, 0.2618420776766676, 0.06870588148521133, 0.07209514300884003]], [[0.050098909700439995, 0.047899197043904586, 0.5121472669079769, 0.21044284445131706, 0.0798143359154926, 0.09959744598087776], [0.041978150743918995, 0.059593233452239984, 0.5614579221591149, 0.13015677379572302, 0.0773506455804948, 0.1294632742685212], [0.059933369937396404, 0.041582356199836065, 0.550315047310736, 0.1678263653031517, 0.0750346312699911, 0.10530822997884577], [0.053679884244856854, 0.028673455271976397, 0.4730123058735773, 0.22257776882354635, 0.0770600508914736, 0.14499653489453837], [0.04313019670611365, 0.04567803078755263, 0.5670960665709832, 0.15421614745851012, 0.0733003156639848, 0.11657924281286317], [0.0544195358240893, 0.06812063877705037, 0.5435464948578226, 0.1523408548153674, 0.09429759900954121, 0.08727487671597017], [0.06645127022080217, 0.06392461103349437, 0.49092453270892594, 0.19164560442397596, 0.0840539341119424, 0.10300004750085029], [0.04749423496139331, 0.058183083408997055, 0.5290316561932444, 0.16395227470150553, 0.08473084997777833, 0.11660790075706667], [0.05381628299945084, 0.07430622404053204, 0.4922477849607493, 0.1698718585259194, 0.07900369387621253, 0.1307541555971116], [0.06448870180193544, 0.0605697174837791, 0.5401606776315602, 0.1639976537181153, 0.06955275772094974, 0.10123049164370798], [0.07044670577201638, 0.035466157912809514, 0.4824820232645553, 0.18535406970907933, 0.09516152779029055, 0.13108951555126797], [0.05040193698124759, 0.031059023952849853, 0.6067052519110367, 0.13433923613838414, 0.08992801055201229, 0.08756654046472996], [0.08276674474620249, 0.06345950005216652, 0.5314264016127999, 0.165810959741796, 0.08615149977096546, 0.07038489407607766], [0.08745946464106363, 0.050898067672063056, 0.4747933393248603, 0.20107375948622722, 0.101416297510026, 0.08435907136570227], [0.05909410622964096, 0.04601588762089989, 0.532510553799892, 0.18857050198918218, 0.06309017648340993, 0.11071877387702475], [0.07080625222606929, 0.03587797776430755, 0.5185517656482647, 0.1840123339185108, 0.09298689613633421, 0.09776477430662917], [0.04014161777853344, 0.04405406586492375, 0.5287197174531733, 0.17573429278491312, 0.11147536166595948, 0.09987494445247776], [0.0451646741380497, 0.0337473173073359, 0.49901520336556376, 0.21941410952663903, 0.0706770117089951, 0.13198168395339516], [0.036410906213250716, 0.02354561196539844, 0.5322216177948452, 0.19940451582550484, 0.08395584195698041, 0.12446150624405862], [0.057468094776017234, 0.03209947074877729, 0.5690375934483878, 0.1746350385112681, 0.07384436210795683, 0.09291544040758977]]]]]}