{"SAA_list": [[[0.0801749483549256, 0.239815791005347, 0.33886200136442374, 0.09864633328567232, 0.08492784540528416, 0.15757308058434139], [0.14839289139352874, 0.15976500057526152, 0.3434739367713661, 0.1652184159667476, 0.16101126988907602, 0.022138485404020906], [0.1662711444168654, 0.390427527964756, 0.22240644715587155, 0.18545529271998668, 0.014271641961028632, 0.021167945781463346], [0.07969979797483485, 0.125851390335981, 0.4040160091112262, 0.10358681959507701, 0.11255363571098694, 0.1742923472705157], [0.1574432778217026, 0.4165505838084613, 0.20306647249965748, 0.20561217056032086, 0.01732744215963172, 5.315024373625802e-08], [0.1837351403504698, 0.2118159025978997, 0.31889044392248805, 0.06995529856116757, 0.1729400563850043, 0.04266315818293586], [0.13383304746275773, 0.29664440605220216, 0.20831303820840105, 0.11109156248732169, 0.18131849197981587, 0.0687994538096165], [0.07713792775710211, 0.23738190142840243, 0.31595612261029726, 0.17703398528611444, 0.12593674586531506, 0.06655331705278604], [0.07917761973326763, 0.4363513444052898, 0.1855503772840845, 0.1639712261739072, 0.1349494319446439, 4.573178015929101e-10], [0.11776015289583369, 0.37586570805755987, 0.2621590380866113, 0.072551922424265, 0.028317271336481802, 0.14334590719925525], [0.2512816518490656, 0.10936112330737012, 0.3926739673527413, 0.07570970395597076, 0.0625068036705155, 0.1084667498643377], [0.021483632751577785, 0.031117898493451677, 0.42388872882879836, 0.22978499443328743, 0.23543185916097514, 0.05829288633194258], [0.03581994548623487, 0.24263074902899268, 0.31368667798722094, 0.12841144092665016, 0.20518593600675133, 0.07426525056413621], [0.09664657525342848, 0.11929117682564654, 0.40884628616505325, 0.10737510984971595, 0.08947833685602447, 0.17836251505016615], [0.13136791142431886, 0.17407137658257657, 0.35584369396289595, 0.16496162363743314, 0.08410486946423094, 0.08965052492854532], [0.11021957996898031, 0.2965456789837032, 0.29389830443755993, 0.16990238988831763, 0.031470338829752774, 0.09796370789170046], [0.11012251461756976, 0.22100386779994163, 0.3521193241055385, 0.15380336569090997, 0.0007703045610960726, 0.16218062322594246], [0.14861371771659979, 0.269972530805781, 0.2950734955776474, 0.10431263647711535, 0.12004507171864137, 0.06198254770421505], [0.2948895358988789, 0.20140614254438002, 0.31515076113888635, 0.09231499708201177, 7.840173272818584e-08, 0.09623848493410196], [0.04746180043754056, 0.36722779996559834, 0.26880479693547416, 0.0488622539174494, 0.1138799976603408, 0.1537633510835939]], [[0.16004025829880555, 0.2921039593888918, 0.27272862113956536, 0.16521518407285263, 0.09132319418023056, 0.0185887829196263], [0.17670535999619544, 0.11468870977484787, 0.36485044249557647, 0.1534508484767697, 0.17502840186484855, 0.015276237391795087], [0.1841292725657704, 0.06238456198118822, 0.4354698512624804, 0.04732623041464201, 0.09731213643807876, 0.17337794733786935], [0.21499239806910048, 0.29856651436527243, 0.2693947356301041, 0.0754094682927703, 0.112683864904484, 0.028953018738264853], [0.05312647199075536, 0.14452665520671912, 0.41095097758833654, 0.07970291065198302, 0.07763954311828876, 0.2340534414439162], [0.1440083865002099, 0.13836660780206386, 0.3816312027331004, 0.07651074331089372, 0.13593565373067698, 0.12354740592305673], [0.15213561721600394, 0.23214911990715548, 0.3156496366370498, 0.11473149459933282, 0.1224078304542405, 0.06292630118620973], [0.18674809959134944, 0.3589785029326185, 0.25123018794360935, 0.025812775195456796, 0.09600418533908958, 0.08122624899790548], [0.15361131205277503, 0.18794347481737128, 0.37624771268782703, 0.07716388931882222, 0.01148346157670126, 0.19355014954616948], [0.12224627909948546, 0.15905544154574977, 0.3607284858372646, 0.12618802204363272, 0.14774337099197926, 0.08403840048188747], [0.31886099576607535, 0.20293669884279109, 0.314598489828823, 0.10830576106686178, 0.04853875840541028, 0.00675929608998525], [0.09767652762469997, 0.11859546108458736, 0.3877319113548988, 0.1082133847458893, 0.18220080303070718, 0.1055819121592222], [0.06595390671789793, 0.19426197001666862, 0.3549365561924213, 0.17577187890007678, 0.0872672266912818, 0.12180846148165311], [0.21242989902634296, 0.13952201508114942, 0.3619289581230443, 0.12645011197138414, 0.10711833684450035, 0.05255067895346226], [0.02694403253662326, 0.16481680793013612, 0.34983184113159516, 0.23440429090322878, 0.17853451790580702, 0.04546850959259718], [0.1677643227463064, 0.11395034041280487, 0.43237059874777223, 0.010169480005681913, 0.0164470655945599, 0.259298192492871], [0.19813459333104527, 0.23473313439093044, 0.3154619421804879, 0.14636988944996474, 0.04247834208268896, 0.06282209856489247], [0.15790994451653975, 0.3083225712915944, 0.2797701199649676, 0.08742639857849868, 0.08609449890034197, 0.08047646674805438], [0.24634845255394475, 0.1933808422102147, 0.3427788685072305, 0.1342812709401415, 0.0006323698704632217, 0.08257819591800322], [0.1098635644011805, 0.24713465901157572, 0.3054322304111074, 0.06740441762149656, 0.2092061597772738, 0.0609589687773789]], [[0.14445744876792305, 0.16460943362358899, 0.3496635581509433, 0.07416233182649665, 0.20466399253223286, 0.06244323509882535], [0.17069427250838534, 0.2345732759853735, 0.3056161262965401, 0.11175932348310526, 0.14385020311099717, 0.033506798615598576], [0.11054146257853353, 0.2715517025722157, 0.2997550961554328, 0.09637089557819668, 0.13991559046475854, 0.08186525265086508], [0.17711185171364718, 0.2082192504379809, 0.33442805944709214, 0.03997998440257299, 0.147868296854687, 0.09239255714402701], [0.15474354079872327, 0.09673813860320556, 0.3933610682470017, 0.12515342611355662, 0.14677077509531142, 0.08323305114221237], [0.23462536974205914, 0.21913920781504437, 0.3118769783155201, 0.03270458461831336, 0.16568428566041157, 0.03596957384865094], [0.10452055419990511, 0.23612538010021542, 0.32553072005233813, 0.14192412159046303, 0.09128058309879004, 0.10061864095828926], [0.10560309656471518, 0.2249878996144271, 0.32293414788156477, 0.15785088167154232, 0.11852159870168415, 0.07010237556606683], [0.04148963332739795, 0.25053387612026484, 0.3221215840521457, 0.09994733445301189, 0.16571830768043116, 0.1201892643667512], [0.18653501609071865, 0.22198762897709334, 0.32134639073180477, 0.09991115145203593, 0.10465868252367767, 0.06556113022466845], [0.19171836943405343, 0.05636561803747675, 0.42377326991772857, 0.06174627893910739, 0.14507198501091356, 0.12132447866072049], [0.12137937496458118, 0.18747198427181752, 0.3539060214874948, 0.09863417779703135, 0.12375695546276251, 0.11485148601631227], [0.16566973787852804, 0.2537263033099077, 0.30722535141066176, 0.10982794742729343, 0.09019451785838373, 0.07335614211522537], [0.08176286947774207, 0.22874644820545617, 0.34012971542669357, 0.0722166111241146, 0.1319197455189028, 0.1452246102470908], [0.0971576964880035, 0.23629791707767256, 0.31192838387801175, 0.15486310675543374, 0.1463090599945949, 0.05344383580628286], [0.06268427954804463, 0.15780483244263352, 0.3680612438866388, 0.19109291951416132, 0.120902091961538, 0.09945463264698702], [0.01874536666712733, 0.28960648223411173, 0.2726329626170328, 0.21471027170199256, 0.19520798861038585, 0.009096928169382805], [0.13229168797545754, 0.15479734883050214, 0.38023514206530423, 0.1098522611791641, 0.07853889171907946, 0.144284668230492], [0.14347000114937555, 0.23606806928766527, 0.3085447251651128, 0.10988275305992323, 0.15552308428041678, 0.04651136705750583], [0.0765098542118684, 0.36108792363809045, 0.2609164855118907, 0.150949227186536, 0.046625299801051276, 0.10391120965056291]], [[0.15618661055142025, 0.21697946805074836, 0.3264347142889768, 0.11768041113011198, 0.11072138894557129, 0.07199740703317119], [0.077680975084091, 0.24570008387173015, 0.3170140660982409, 0.1340152513776982, 0.13558022541014114, 0.09000939815810739], [0.08895079811453319, 0.2589092181937198, 0.31605224270740023, 0.15502294127727567, 0.07332093258062726, 0.10774386712644397], [0.11843669023813723, 0.11038517094873625, 0.393141938060806, 0.12029996631509858, 0.15006700494115252, 0.10766922949607624], [0.16151048284265573, 0.21657452644548245, 0.3262303220921754, 0.08857413653349556, 0.13314797767761463, 0.07396255440857517], [0.15414513237542835, 0.2158283673666137, 0.327423480376224, 0.0939829186633932, 0.13252907014380094, 0.07609103107453888], [0.08491989749781682, 0.24372301646232353, 0.3194361523759539, 0.12758036792018465, 0.12896100247241177, 0.09537956327130928], [0.1232370076013787, 0.18634943196195933, 0.3479077906451991, 0.12140064188347428, 0.13123707245241228, 0.08986805545557564], [0.11425679328657776, 0.27113702604379697, 0.3048926250671441, 0.12908763298894144, 0.08599146494955305, 0.0946344576639869], [0.06670036213762717, 0.249697487297709, 0.3218870788534494, 0.1306926644685616, 0.11692577584427809, 0.11409663139840094], [0.12245548087119329, 0.2590458528603206, 0.3042358685816817, 0.12561133113771494, 0.11744598870276536, 0.07120547784631931], [0.090430145913614, 0.21492028284669962, 0.33175363119791007, 0.18015880520990518, 0.10324467408139783, 0.07949246075047332], [0.10372977864349651, 0.21277519123549588, 0.3378919018375772, 0.11819583637705715, 0.12379448691264096, 0.10361280499372387], [0.09529354000717029, 0.18372615454260624, 0.3450869491751631, 0.12523152588082115, 0.17524585784973204, 0.07541597254450554], [0.13689643903376003, 0.17960917525180653, 0.35897716608148206, 0.11872033768498934, 0.09028431891281524, 0.11551256303515117], [0.06473348220730109, 0.23179004356786415, 0.3330305833469466, 0.14527748891182812, 0.10698832974723327, 0.11818007221883518], [0.15373157712799032, 0.2533793228192532, 0.31924202529523427, 0.10478425070629152, 0.05478498213458851, 0.1140778419166396], [0.06150940059042545, 0.26747143348084723, 0.2960169018806163, 0.14590402897343693, 0.17259140371988435, 0.05650683135478457], [0.11306241436552794, 0.18717512243784937, 0.3519925365221275, 0.1704289420650096, 0.07786312575428417, 0.09947785885519798], [0.11373432128368305, 0.22881924532626285, 0.32260473700669345, 0.11452987493566229, 0.13946804235797186, 0.08084377908972919]], [[0.11448833912710323, 0.20789109804602163, 0.34042660471044517, 0.1252426306548493, 0.10938033049357393, 0.1025709969680051], [0.12504806674403415, 0.23465296327644433, 0.32362107232633497, 0.12568294334996705, 0.09771288613322801, 0.09328206816999143], [0.13833237287728753, 0.16964477671367031, 0.3550375495629445, 0.1194188362314317, 0.13323655273440674, 0.08432991188026105], [0.09151538201112837, 0.17134370842598964, 0.36099361310568356, 0.15511097688420475, 0.11735719354732058, 0.1036791260256722], [0.129698154422603, 0.251586729861193, 0.3140144143124656, 0.08962447601826087, 0.1199115044450002, 0.09516472094047755], [0.10843782103613868, 0.17469829310226181, 0.35547345999720326, 0.13600779362468865, 0.13228702327257916, 0.09309560896712869], [0.11179614886222532, 0.26297654235515705, 0.29591034678739075, 0.16110978048707245, 0.12225033161346772, 0.04595684989468523], [0.07378282504785028, 0.25568589149246884, 0.316736589001471, 0.12456100485718874, 0.12122286248517423, 0.10801082711584833], [0.12493391685503918, 0.25548000677899685, 0.30593019131922866, 0.13302633948566311, 0.1109382295856203, 0.06969131597544712], [0.12345595029249755, 0.23583547407450794, 0.3229986385198202, 0.08844896949480321, 0.13158981168084155, 0.09767115593752958], [0.11757323871938215, 0.15015671646478576, 0.3761087588133541, 0.10676875689006232, 0.1268630925574326, 0.12252943655498245], [0.11143960967445114, 0.2425156813335119, 0.3152171816826297, 0.11033800586308053, 0.13971588945319469, 0.08077363199313134], [0.15343159438872114, 0.2107549578498751, 0.3339044321333776, 0.11603370651101196, 0.0994862759076637, 0.08638903320934958], [0.13650253006436114, 0.23534838098574232, 0.3076407759221932, 0.15053506339806838, 0.13252514842712432, 0.03744810120249496], [0.069950344021518, 0.24824921241254072, 0.32054454537868216, 0.12135729437494179, 0.1318538993743022, 0.10804470443801514], [0.13480057060881634, 0.23584318426568124, 0.30956943430689526, 0.12287883860754563, 0.1487902077236485, 0.04811776448741555], [0.1414468215808536, 0.12038351908170825, 0.3852872554193188, 0.07810087207613724, 0.17108559105566176, 0.10369594078631757], [0.12220250782799505, 0.20239278547256162, 0.34059397872640046, 0.09519391628771874, 0.1428093777925527, 0.0968074338927763], [0.11346932313959582, 0.1851173934531591, 0.340115896947933, 0.11702457883747677, 0.18237213981418782, 0.06190066780761897], [0.1255577649871232, 0.17952255628724514, 0.3596637598314011, 0.1267046914230475, 0.09172015431104753, 0.11683107316012477]]], "bagging_alg3_list": [[[[[0.07135037688121144, 0.24170174808620426, 0.3425662507078751, 0.10099835162591725, 0.07012411867633683, 0.17325915402245523], [0.1838860796531107, 0.19892500935101742, 0.31823448276149774, 0.15406653157666603, 0.1373049216650038, 0.007582974992668876], [0.170409454986887, 0.4023253713415195, 0.21648692520240825, 0.18886257599864514, 1.1077850052876397e-10, 0.021915672359827505], [0.08936847293070489, 0.12395065763253749, 0.39471863802653445, 0.1225756244608707, 0.1322446807294813, 0.13714192621791693], [0.20411526233849997, 0.43941756036050267, 0.18928884563315318, 0.1527043222372719, 0.014474009365826601, 6.459762367751824e-11], [0.31227879432006905, 0.22982058883491663, 0.29578693183989346, 0.032439301304665914, 0.12967438369874287, 1.7316190151273991e-12], [0.1298897163936077, 0.23486992426576409, 0.2993587868027945, 0.0932431650433304, 0.17138894156621187, 0.07124946592620085], [0.14189974691624282, 0.20621006873056225, 0.32477557592886225, 0.18915926351619136, 0.09905413821312516, 0.038901206695015865], [3.9193694293430046e-11, 0.4414232660373234, 0.17788594955209752, 0.12090777881766107, 0.2597830055526273, 1.3821149843088587e-12], [0.09296624118962683, 0.3190158046033073, 0.2774577030409048, 0.06367841342641999, 0.1518734547951816, 0.09500838294454297], [0.2013647975778663, 0.07966313381266704, 0.4281374486502144, 0.05823602934257841, 0.05464531914538868, 0.17795327147165657], [0.009201901471195558, 0.021571516239450698, 0.4240639777228371, 0.24341198746237627, 0.26138622322802724, 0.04036439387613343], [0.021620322716241668, 0.1871529136272092, 0.3571259650671543, 0.11244618259866838, 0.19732523190505344, 0.12432938408565213], [0.12947164406005757, 0.11466076435388853, 0.4076050343583795, 0.09435630686960637, 0.08672217345678744, 0.16718407690127926], [0.06853960046929179, 0.1779646040424108, 0.382368340633305, 0.1335370196320716, 0.04708167830824348, 0.19050875691466193], [0.21096419745615128, 0.2686599899537085, 0.2988052470272007, 0.11922646558303734, 0.03231298086153192, 0.07003111911836356], [0.09631633723098856, 0.1694154935058451, 0.3516587103810597, 0.1276680837276261, 0.18309392258035134, 0.07184745257412567], [0.17559327743332326, 0.2801210067332296, 0.28501594905525085, 0.09678079936188898, 0.11576890283903384, 0.046720064577273755], [0.30932037006959057, 0.17503046994930935, 0.3521005199804068, 0.07575500351875887, 1.0879234876046677e-08, 0.08779362560269935], [0.15309712297121342, 0.37865869301420285, 0.2507598822916494, 0.019586297824503628, 0.0821909706388065, 0.115707033259625]], [[0.10499584234150874, 0.1840512063621468, 0.35539059540626106, 0.06699444723385536, 0.17094624394804256, 0.11762166470825096], [0.09979547269018124, 0.2436595746157402, 0.3117602826095417, 0.1344587069052693, 0.14195227534855662, 0.06837368783071596], [0.10309067730093946, 0.08473382302502759, 0.43105010509142333, 0.17102481704271413, 0.025743075144942187, 0.18435750239496065], [0.1748648255961509, 0.4094045750870916, 0.20438203645675787, 0.11236400853880679, 0.09645034836049972, 0.0025342059600043628], [0.06881683031576184, 0.16554792915084274, 0.4006372418714341, 0.09224978539554753, 0.03756983396417991, 0.23517837928475446], [0.15116521933990668, 0.07646755926705431, 0.42898600479535115, 0.08197872188849371, 0.0886737583002767, 0.17272873640891853], [0.1939895727754408, 0.21063557742893615, 0.31766241432276165, 0.07107246900283924, 0.17044632741097993, 0.03619363905900621], [0.12649791689096498, 0.29642111882669947, 0.2935006611042619, 0.072721893956932, 0.10317046030735595, 0.10768794891378371], [0.15363686111560323, 0.17046776949334058, 0.39034864831144844, 0.0646024999350141, 0.009361491030362355, 0.21158273011421755], [0.12697454546921844, 0.11279821019843658, 0.39200931927098936, 0.14350145977483156, 0.11937045478207739, 0.10534601050444767], [0.23284239618858404, 0.23254370729472115, 0.31387208984086845, 0.08220144549406433, 0.07773002733712403, 0.060810333844647235], [0.1044706639739512, 0.08329296642563708, 0.38861122107163587, 0.21129585402577256, 0.17886134778396917, 0.03346794671901389], [0.045614255908141346, 0.2611419416038121, 0.34058852902994874, 0.08968379175468888, 0.06022293968861512, 0.20274854201479917], [0.22083644911073308, 0.12510551252359467, 0.38209754859229916, 0.1150185410513655, 0.06057573349229293, 0.09636621522971582], [0.1257608822052185, 0.2776402846153934, 0.3230407028615684, 0.05027808999388654, 0.04648527271332539, 0.17679476761057772], [0.08593551631196261, 0.19513789333265022, 0.3734434909406806, 0.04617140450294879, 0.09825747649954365, 0.20105421841223808], [0.16594720597365706, 0.2572147725488915, 0.3187195614673624, 0.14211051483252582, 0.0013418745722839469, 0.1146660706060569], [0.2818200382212714, 0.34679805101601974, 0.2407707140559935, 0.07531811786622682, 0.03772002828245801, 0.017573050558041675], [0.11901170318586739, 0.0827430858975913, 0.38952835965773075, 0.058126941827490834, 0.2971158362372463, 0.05347407319409433], [0.06679853331499819, 0.3648883016370999, 0.22587246733422758, 0.0508900569680054, 0.28759430915091755, 0.003956331594744827]], [[0.1724605472197238, 0.25491902476660805, 0.31236226290322616, 0.045195958978792146, 0.1146598729260997, 0.10040233320554603], [0.08418690193822291, 0.14517536597948108, 0.38267585555144334, 0.12513234501100917, 0.12885925434648537, 0.13397027717337257], [0.21013902602512854, 0.14330518069201037, 0.3672683255143828, 0.09566271710044826, 0.10263155807180306, 0.0809931925962592], [0.14542613422771922, 0.1525329375121443, 0.37443546883673506, 0.11168547559701691, 0.09560999956811282, 0.12030998425825624], [0.10611416274643644, 0.16857596191229554, 0.36040767321462425, 0.12157262320556621, 0.14273910689645336, 0.10059047202465082], [0.1565732190658886, 0.3027385840797541, 0.2795399221360676, 0.11175421186221118, 0.08249747497197948, 0.0668965878840991], [0.07238629151465835, 0.12108339127355379, 0.38138995463109554, 0.27053652608255935, 0.0849187947959005, 0.06968504170223377], [0.12703375463227648, 0.383312458118503, 0.23785633450175905, 0.1230748100660079, 0.06033240974657276, 0.06839023293487688], [0.08392172119320572, 0.21143011450093027, 0.34799284170072914, 0.10997558800687894, 0.11017113721458019, 0.13650859738367585], [0.15729091770270442, 0.20741225510561143, 0.3380191902561288, 0.17255496141718202, 0.0370417106473798, 0.08768096487098952], [0.16900186366480038, 0.09769792593139541, 0.3947383036824664, 0.12333074542615079, 0.12552461972141438, 0.08970654157376051], [0.15027463240276642, 0.20289940332166098, 0.3553552808308776, 0.044981401310896334, 0.093157101950679, 0.1533321801831159], [0.07434636972786778, 0.16238178375079515, 0.37018529850813137, 0.18319456703626288, 0.09425581403162077, 0.11563616694532146], [0.043444425965321956, 0.11912538743552362, 0.4012464020288006, 0.21738206325726134, 0.07895802181261126, 0.13984369950051354], [0.17558012503227738, 0.17352685148224095, 0.361980696461442, 0.060522071432175605, 0.10702035089376456, 0.121369904698107], [0.0742653603612836, 0.2526689227112614, 0.3183426783589971, 0.16689980682422823, 0.08473456147422932, 0.10308867027000457], [0.11452334294640526, 0.2232556619548374, 0.32815723615191333, 0.11383514624367126, 0.13044088755202643, 0.08978772515114525], [0.18796051653930607, 0.20926189552704563, 0.33671396668524944, 0.10131468573923277, 0.0700551031586021, 0.09469383235056505], [0.11823878416549621, 0.21481473017539707, 0.3390237781175826, 0.08191400990682748, 0.1307811000706525, 0.11522759756400172], [0.12601298474381495, 0.15774096501921445, 0.36836284583651396, 0.11269543343376417, 0.12610779644375097, 0.10907997452294137]], [[0.16602416321636596, 0.1285849782499108, 0.37146854700778587, 0.1464619486294329, 0.12412038067485764, 0.0633399822215255], [0.11661414042064472, 0.2331096515741688, 0.3217230376708497, 0.13752121741936058, 0.1082475079933787, 0.08278444492159973], [0.12106964484297786, 0.28226308438533904, 0.29834313814974783, 0.12358052740218024, 0.08184177765255907, 0.09290182756719474], [0.11189738399603291, 0.18975038070278813, 0.34739994281909153, 0.08955789911930948, 0.1633529939530351, 0.0980413994097426], [0.12021516625539747, 0.1508372327403211, 0.3776972125005536, 0.12357437131314819, 0.10055466571607523, 0.1271213514744811], [0.1193707154209992, 0.16615276590246794, 0.3615238310630409, 0.17245246320632163, 0.08653393392220884, 0.09396629048694702], [0.08085909424176908, 0.21168348135131643, 0.3430148240484657, 0.13953217932793155, 0.1082407270537282, 0.11666969397678914], [0.15604620466763933, 0.17324317139379614, 0.3497105119991704, 0.1314861078309072, 0.11834817228205054, 0.0711658318264379], [0.0873152839507377, 0.20127560968337949, 0.3409099244132006, 0.11108185073329671, 0.1651277227656985, 0.09428960845362352], [0.1588079011842777, 0.21954601590544362, 0.33810767530691266, 0.1082784068830459, 0.0581117002867909, 0.11714830043353314], [0.10899695958419271, 0.2273211507685189, 0.3388795364085348, 0.09582587549776324, 0.09350770070059179, 0.13546877704039803], [0.08150100253142682, 0.18367855832012153, 0.34864846091988533, 0.15484746721211065, 0.14731653732764383, 0.08400797368880866], [0.0943376084827293, 0.17251170972502167, 0.3653100084116535, 0.12191572226442614, 0.12168244107193096, 0.12424251004424362], [0.12709119213673908, 0.2530914295373859, 0.31031172179756006, 0.09696001884156992, 0.12806742583000924, 0.08447821185675666], [0.1255973324281571, 0.22671886977771705, 0.34052977200413737, 0.08911325943176168, 0.07740284472361435, 0.1406379216346131], [0.16633945990973895, 0.2235173409698409, 0.32600872683275534, 0.08983771396926299, 0.10889480987847627, 0.08540194843992435], [0.14466741126931632, 0.25325946175063885, 0.30793947696522594, 0.06508516172740036, 0.1486881008974956, 0.08036038738991833], [0.17251066153612726, 0.19066888805068197, 0.34746600218120793, 0.10608431555736217, 0.08578116974125963, 0.09748896293336354], [0.10754713260802605, 0.15603926511089658, 0.3617651833801299, 0.10697762588849968, 0.18312976419521143, 0.08454102881723627], [0.07623321144694221, 0.18063715119199267, 0.3558245567920893, 0.1366539529966585, 0.1456075463747044, 0.1050435811976192]], [[0.12193723476812181, 0.17949413695300404, 0.35197575878777704, 0.11895464826659741, 0.1359290618285574, 0.0917091593959581], [0.1056231678495818, 0.23073383864392658, 0.33371781547264495, 0.10876376822226615, 0.09856673321045692, 0.12259467660112335], [0.140850131375421, 0.16756023121741825, 0.35919729818319796, 0.11844537817354538, 0.1191645835406418, 0.09478237750978286], [0.14115160657210954, 0.2051235618986882, 0.34354456633044156, 0.10863979528071915, 0.09161036166245419, 0.10993010825558776], [0.11690321793906011, 0.1737066939273562, 0.3591135685253174, 0.13022037257371485, 0.11579864564800717, 0.1042575013865473], [0.13806273350388285, 0.18264729494335424, 0.35492042943127505, 0.10473164766237879, 0.11080031949784007, 0.10883757496127099], [0.12630945163594814, 0.19379814665277556, 0.347124597183389, 0.11993975900883024, 0.11218508145030755, 0.1006429640687476], [0.13965337025198843, 0.1893059098642953, 0.34684415491957415, 0.14469552081896989, 0.09082641861782667, 0.08867462552734762], [0.12729624435582249, 0.2423379830012188, 0.3197224499011497, 0.0964987976306685, 0.11694272192410447, 0.09720180318703595], [0.1368909794899393, 0.16928501502274965, 0.35649332243544957, 0.13465892111119046, 0.1158373542390804, 0.08683440770160186], [0.11561379871627347, 0.18489739976661312, 0.34955163078889256, 0.13837779328367422, 0.1206534634694567, 0.09090591397508968], [0.11916685244976091, 0.1861608956765144, 0.35329507560199763, 0.08347147064277562, 0.14565894324538758, 0.1122467623840539], [0.1509330341550597, 0.1601027302666046, 0.3564646502051789, 0.12388210576057058, 0.1370898836882948, 0.07152759592429911], [0.1685290398400472, 0.15506375884359666, 0.3619765058878561, 0.12673332086541383, 0.10697557651708828, 0.08072179804600234], [0.11234494936379823, 0.24284197689669493, 0.3222138148407379, 0.09621123324213175, 0.1197090615744498, 0.10667896408218734], [0.1376410044962872, 0.1878499307367803, 0.34825734484656606, 0.09931723784376394, 0.13072661184835743, 0.09620787022824599], [0.13352257078009447, 0.20587741773201168, 0.3322495684294918, 0.09718673509944721, 0.15669807255007753, 0.07446563540887727], [0.11379210188629957, 0.18464943414748883, 0.3558227477475498, 0.10189389005711487, 0.1278606934568431, 0.11598113270469936], [0.12454354968435642, 0.1955348042359719, 0.3423183251378022, 0.10737708184278065, 0.14125857080836166, 0.08896766829074822], [0.14105376644601456, 0.21296096748344895, 0.3329329200252432, 0.14461881374006652, 0.0846615731865001, 0.0837719591187267]]]]], "bagging_alg4_list": [[[[[0.17873012234656774, 0.16661235594225016, 0.3679294973109023, 0.0797861455920055, 0.08005853470168117, 0.12688334410665397], [0.10158943323629119, 0.13302347090093591, 0.3772649226992921, 0.18713215967268892, 0.11440566769039892, 0.08658434580197089], [0.20864566426365816, 0.37346162070696665, 0.22914652131123012, 0.17399941786394021, 5.655090372334727e-10, 0.014746775288688002], [0.09245466926720335, 0.09156808000937908, 0.42438036430993614, 0.12585969186582305, 0.08637374738306972, 0.179363447164758], [0.11567032358913586, 0.26692714295726117, 0.28757116840479074, 0.2787839945418046, 0.04011806403713828, 0.010929306469948469], [0.163819499879796, 0.47777989633167434, 0.1341124564437593, 0.0036241594140776234, 0.14143503673158545, 0.07922895119910274], [0.09901783153514619, 0.32136198441106223, 0.1842406652765397, 0.08156285100564925, 0.19995734641185045, 0.11385932135976291], [0.1550271227535877, 0.17281419016412172, 0.32467796377395464, 0.1680814199412304, 0.06694180750736592, 0.1124574958599959], [0.11276188507230496, 0.29083927012208904, 0.2635574736415064, 0.1718561674273078, 0.11795566238329909, 0.04302954135342182], [0.06143351739550042, 0.2952816715856741, 0.3139243741929126, 0.06120861017500881, 0.0915387785343067, 0.1766130481165972], [0.2807662205430135, 0.17861767217168248, 0.34906600855348485, 0.0840458424009624, 0.024335110311372636, 0.08316914601949764], [0.10674860555179293, 0.010784961220155147, 0.4193902966310204, 0.277653654621491, 0.18487814969328248, 0.000544332308353577], [0.037732136085898114, 0.2054633109930837, 0.34059306791294663, 0.17893150818795336, 0.1441844256806521, 0.09309555113946415], [0.0386280409643813, 0.09369259862507612, 0.43187724477487044, 0.1550198662405897, 0.07527616509590623, 0.2055060842991785], [0.08141576963488185, 0.13539103788458118, 0.40224568400657923, 0.1396805775116523, 0.06021585103852882, 0.18105107992378697], [0.02164557393169654, 0.31742570735107406, 0.30777428952919345, 0.12322448794578618, 0.04163062267189551, 0.18829931857056115], [0.05763091162836146, 0.1957740753557782, 0.3449552141969822, 0.11485596587503746, 0.18882696310591449, 0.09795686983792405], [0.15401199177202762, 0.26967512642849745, 0.25128115561509307, 0.13779284585161178, 0.11958414010484114, 0.06765474022807287], [0.26640088716758803, 0.21392963569988174, 0.34064656507920343, 0.058255117775009156, 5.174703937983746e-10, 0.12076779376084995], [0.09452245844468825, 0.325981395020543, 0.2812593411732788, 0.07477196262154985, 0.10449459784530625, 0.11897024489460863]], [[0.14854545178670583, 0.2156358475038848, 0.33452914714278087, 0.09306180195452203, 0.10828825988135204, 0.09993949173075464], [0.08906776255589391, 0.15614621485741476, 0.3713475211177508, 0.14748884710953492, 0.12341522320555309, 0.1125344311538026], [0.15121150342758227, 1.0420162817467552e-08, 0.469204783053375, 0.03936980453788859, 0.16270974359716073, 0.17750415496360974], [0.142494124499495, 0.12342412163645759, 0.3903569637916568, 0.14727949234500332, 0.07831411072205417, 0.11813118700533176], [5.361086131922845e-09, 0.11683894637638786, 0.4441712985300175, 0.07730190899657088, 0.06389992465834086, 0.29778791607755706], [0.11342841041443563, 0.36947719732811346, 0.24058475158623163, 0.04283871342536826, 0.17117729053187544, 0.06249363671397603], [0.2279301940876611, 0.2053474060824829, 0.31466760446763636, 0.15691858542807482, 0.08885077663315552, 0.006285433300120284], [0.054281679463801434, 0.19892105476658567, 0.33930431344596923, 0.08933784890026963, 0.23068276234905652, 0.08747234107431585], [0.14552970458837092, 0.27548385640421735, 0.3067454451948948, 0.07170865093345562, 0.08538298140848027, 0.11514936147058848], [0.07426236388289555, 0.13775653036783694, 0.4026708703336131, 0.05039337742157418, 0.1376645908427033, 0.19725226715137817], [0.2506326127869225, 0.10486053063457669, 0.30691302226139006, 0.1505449304778599, 0.13960941490781534, 0.047439488931381536], [0.11805893693805883, 0.10414513410095287, 0.367803075818171, 0.17466986091667785, 0.2308877186775222, 0.004435273548541712], [0.07508807977388812, 0.35298964761297696, 0.26170281591456807, 0.12670522768411938, 0.08851777398103043, 0.09499645503341439], [0.10379618192288217, 0.33252895496016605, 0.2656162217382964, 0.15340499012152237, 0.07624755311695382, 0.06840609814017716], [0.03029672188415823, 0.211897477232091, 0.34461022125970336, 0.06658562610944127, 0.2151972949325428, 0.13141265858210122], [0.11396208737094847, 0.3505231038391036, 0.2903773531258474, 0.04865814809527781, 9.179447365291821e-10, 0.19647930665093144], [0.1442020760114819, 0.15188224623360347, 0.3776106812515823, 0.17814183274879636, 0.026069787431089963, 0.12209337632344333], [0.2358664954753247, 0.2538036810043067, 0.29955297775206685, 0.045863827808407455, 0.11040654116716392, 0.054506476792724065], [0.10293733594423048, 0.07607154511971254, 0.39071432159222225, 1.0773020051420415e-10, 0.24765461075154957, 0.18262218648455814], [0.0560030101235015, 0.43726955951781693, 0.19210458419367152, 0.06600330963577501, 0.23158337777667376, 0.01703615875259089]], [[0.09080219006922824, 0.13922655501725262, 0.40923728304071494, 0.016437362349124934, 0.11834765270591593, 0.22594895681785163], [0.08830922058958679, 0.157099858792346, 0.3864301939818703, 0.06872433848744655, 0.12491424706125327, 0.1745221410874974], [0.14677970307759908, 0.22349107993816741, 0.3246707351435356, 0.11183154112149446, 0.11483053178309303, 0.07839640893611127], [0.0771972306128222, 0.18345120111707758, 0.34984240873487343, 0.1697044879097045, 0.13387466338669388, 0.08593000823882273], [0.14951011622509236, 0.20622532295893692, 0.339028252508951, 0.083663843538575, 0.12208855230613654, 0.09948391246230777], [0.17775511449886325, 0.2160381928607397, 0.32134476877753243, 0.13998975996925264, 0.09456173691361117, 0.05031042698001327], [0.12732891832454876, 0.13231478123006338, 0.3832148779435406, 0.1842012683195397, 0.06734517192030369, 0.10559498226200266], [0.11975592853860471, 0.2286230219313268, 0.3203173872024932, 0.20037167052022337, 0.06830925806188412, 0.06262273374548652], [0.09961530296731981, 0.29483164737818934, 0.29455880084876307, 0.11898914222494279, 0.0887974841256741, 0.10320762245511096], [0.13909381120035755, 0.24552346922395712, 0.34530048035369704, 0.052663206492937306, 0.02294517495197, 0.19447385777683207], [0.1319704362223382, 0.1579219367612555, 0.35402651048235967, 0.12379029837569028, 0.1727407587354591, 0.05955005942650477], [0.1813848019940774, 0.13349072353355107, 0.3912995806865959, 0.08352200305388013, 0.06385086784849392, 0.14645202288337986], [0.2133446662358785, 0.16262605303272248, 0.3519834778515448, 0.12124396923284123, 0.09011262188361932, 0.060689211763408746], [0.044178135476778686, 0.06714011996310373, 0.4454648910968978, 0.11915806584955863, 0.11574072894095878, 0.2083180586726917], [0.10269027996291641, 0.14891634957388192, 0.3754149374402987, 0.11683009256715599, 0.13001447917635478, 0.12613386128716547], [0.049023648049096896, 0.26371661382900513, 0.2920562678279004, 0.23376881081600262, 0.1352466594921139, 0.026187999985920873], [0.12058810631617319, 0.18263967780912546, 0.3419949357958282, 0.14190819412006192, 0.15200668211435894, 0.060862403844452385], [0.17706220365493883, 0.28020723929489255, 0.29187899269615813, 0.03856673498418172, 0.13536365831381866, 0.07692117105600987], [0.07521652952554315, 0.19210026891393275, 0.3285047927718877, 0.22934752561203364, 0.15266542158153049, 0.022165461588360864], [0.14983227542598018, 0.2026997759412395, 0.3238843705168669, 0.14873399213485194, 0.14053226175330008, 0.03431732422775549]], [[0.11005963782367863, 0.22039471188834622, 0.30636426026485747, 0.10050340538291179, 0.17704112355314658, 0.08563686108890507], [0.07311537704856379, 0.2217325279251969, 0.33071860524923197, 0.13542197526189462, 0.14548739112733658, 0.09352412338776127], [0.0962506893932818, 0.14850601082568854, 0.3744596406287318, 0.15665075041991827, 0.1158200717954008, 0.10831283693698752], [0.09708172195340764, 0.21454571105815837, 0.33619793999758263, 0.04552863148208302, 0.19701867542000154, 0.10962732008886308], [0.09593268246145575, 0.1518989391855559, 0.37817446988889253, 0.10263283326075469, 0.13808330691224183, 0.13327776829110577], [0.13923978212780685, 0.1355543460716333, 0.3721918529469081, 0.1084265422832279, 0.16170073454784142, 0.08288674202256642], [0.07629260821771622, 0.2517303398253356, 0.314644247188579, 0.11818902410496998, 0.14453311038129038, 0.09461067028211016], [0.12588013574000143, 0.21794345541552376, 0.3293183815905962, 0.13329679409338074, 0.11168873802679129, 0.08187249513370842], [0.14587019679568625, 0.18414855848933528, 0.35822622912283847, 0.10534243942750394, 0.08384741048497353, 0.1225651656796781], [0.11401877908928278, 0.20229390072763406, 0.34578674696524037, 0.14008488832743313, 0.08882715693962116, 0.1089885279507886], [0.1036617051045608, 0.23717699911866222, 0.3425311239867112, 0.06681181034382541, 0.08097766758406613, 0.16884069386218226], [0.13725095058986272, 0.19636471406462946, 0.341095469999645, 0.15241618127366138, 0.09195356495441052, 0.08091911911778962], [0.07018611757588591, 0.22455183119779065, 0.328712617494333, 0.11683257680954134, 0.16574723140342537, 0.09396962551902195], [0.09132959635269933, 0.23138834414445833, 0.32906024456608396, 0.14502692074573362, 0.09934063077064301, 0.10385426342038231], [0.1675971344052609, 0.15636856245952654, 0.37011462244377, 0.10412795776602321, 0.08854812306244554, 0.113243599862974], [0.10434698896054119, 0.2954770151972429, 0.2845066477645402, 0.18459372231401708, 0.06847101899158112, 0.06260460677208277], [0.10159497740230423, 0.21401302043730921, 0.3282631515277702, 0.08146231183354509, 0.19709073159169097, 0.07757580720737975], [0.19224610962192268, 0.17964234370212973, 0.3498098160479884, 0.10014665683515117, 0.09184646298635114, 0.08630861080646537], [0.10496776902183591, 0.13475147422202519, 0.38859496770832946, 0.11724716824718133, 0.1182578902868813, 0.1361807305139531], [0.07730888242607256, 0.1994171205387419, 0.3458673810913581, 0.14121737190708067, 0.13190317574292487, 0.10428606829382212]], [[0.134624462573706, 0.2265402918735126, 0.3248339161582905, 0.09687932043668586, 0.13088718088755436, 0.08623482807027515], [0.10300843606261466, 0.2277018227288454, 0.33174261952134176, 0.13076956240183885, 0.0988349474796072, 0.10794261180574281], [0.1297371029435404, 0.15370042573123624, 0.36974100675547206, 0.1357223545048811, 0.10729305386203047, 0.10380605620284081], [0.10863641040644617, 0.14767259392697757, 0.3719701675887077, 0.15026304815334332, 0.12239862199808607, 0.09905915792644648], [0.13086888226908855, 0.19540432814186137, 0.33733410502966943, 0.11044236656365822, 0.15448713891822474, 0.07146317907749791], [0.1031051610382873, 0.2260788973412104, 0.3280290950672785, 0.14508388827276475, 0.10689928211226285, 0.09080367616819608], [0.1260893184352815, 0.2099550892724831, 0.331836097672385, 0.12332820856056219, 0.13146998858797881, 0.07732129747130945], [0.12354199990934311, 0.18342871769552155, 0.3517658535659801, 0.15252467946673923, 0.09468337017218682, 0.09405537919024896], [0.10080102879036168, 0.23191892423699748, 0.3332650440652284, 0.10157641394091328, 0.10838141621185297, 0.12405717275464329], [0.14145013587433963, 0.2068431377675089, 0.3378525543044475, 0.11163860210735246, 0.10883227260348007, 0.09338329734287193], [0.12170858026654806, 0.20200945354024127, 0.3415080060209109, 0.09772196537244025, 0.1381286830115232, 0.09892331178833695], [0.14215011767571523, 0.18983025965600228, 0.34916429570500174, 0.09870361480985314, 0.11730861060418644, 0.10284310154924395], [0.13131918672498383, 0.22374259973654123, 0.3189665405617223, 0.1364180187082254, 0.13277586822488519, 0.056777786043639256], [0.16240256735917674, 0.18622104038742243, 0.3448816364098803, 0.11995009051054788, 0.10727764757903083, 0.07926701775394152], [0.1109291554730205, 0.21957716165913183, 0.3352081505787258, 0.07559632713183857, 0.14708276552230287, 0.1116064396349808], [0.12439862810964487, 0.18924936257399494, 0.34341086841087953, 0.12969854584756937, 0.13440354651995207, 0.07883904853795856], [0.08392252906534121, 0.20335803025169835, 0.3427337311068823, 0.12557482167522172, 0.14191567524934764, 0.10249521265151294], [0.11781395048048196, 0.16529121547617937, 0.3623321190953407, 0.11297449443066797, 0.1394225732882422, 0.1021656472290568], [0.11710354791529615, 0.16951840714102767, 0.3568270773183139, 0.12416719660418643, 0.14261760820548464, 0.08976616281571564], [0.15759143166192693, 0.18473898334905473, 0.3479878835859619, 0.12813849402339314, 0.09533351282087454, 0.08620969455880485]]]]]}