{"SAA_list": [[[0.050585807624648635, 0.07829635571950024, 0.5991017257106176, 0.07935930305091385, 0.07144392307379102, 0.12121288482056644], [0.07852204675832783, 0.07706344756468654, 0.5914507075332921, 0.13963801350378152, 0.100365313306526, 0.012960471333360458], [0.08927955309542851, 0.18143688957970455, 0.48887155474099475, 0.1875454574042181, 0.03857577602057574, 0.014290769159077085], [0.06598224653370417, 0.052487255743807366, 0.46285390978611185, 0.13341410445505528, 0.11988167465757574, 0.16538080882374045], [0.0881110624388507, 0.19861951852804652, 0.5014622959818427, 0.20566061173136, 0.006146511309292142, 1.0586076725910526e-11], [0.12215751723703593, 0.06016962670708602, 0.6030632131259858, 0.0676643678462767, 0.11655851079919755, 0.030386764284589373], [0.12901889182293513, 0.15768058269024332, 0.26175664058369913, 0.15791346386435073, 0.22460583890720465, 0.06902458213156779], [0.04645588018819134, 0.1150261064061893, 0.48065162837212744, 0.21121358402471552, 0.09940747845895954, 0.047245322549819564], [0.09439544412322579, 0.1585302343890496, 0.27788349414557284, 0.26948173591779806, 0.1997090250587084, 6.636564417144515e-08], [0.0938516592367082, 0.17320604560512456, 0.5001654836592188, 0.08886276678210481, 0.03129855573828165, 0.11261548897856194], [0.16216437165896594, 0.02847525836490259, 0.5705503648597149, 0.08459285102497577, 0.0773334134991637, 0.07688374059227622], [0.008454724977939455, 0.0015755300731515743, 0.5787599740953132, 0.2064060548627774, 0.17727473859369894, 0.02752897739714637], [0.004191447353882273, 0.07936832262949853, 0.6336021779593559, 0.10437486649470558, 0.13396764507486236, 0.0444955404877061], [0.07037306217023381, 1.486734036148455e-10, 0.5902214742864909, 0.11011019998079763, 0.08238249498321962, 0.14691276843059592], [0.06001142827603015, 0.07092733879454263, 0.6354143662584212, 0.1527029066792354, 0.04616344233263404, 0.03478051765916559], [0.08158352451414747, 0.14998712053824703, 0.481001645506631, 0.18578806346062812, 0.026896663069994973, 0.07474298291035444], [0.06786239933736773, 0.09545375943605916, 0.47521441437091577, 0.19427911253543073, 0.01231031052420909, 0.15488000379602496], [0.08680643415517522, 0.10690377777714365, 0.5925133308375571, 0.09019950079905932, 0.07800077984764521, 0.045576176583413765], [0.2721446194963323, 0.07639055001353062, 0.4126992139779308, 0.12662114656213488, 4.917457466390833e-08, 0.11214442077549207], [0.03333026329048655, 0.07707248281994912, 0.7907669445684522, 0.02937598734897334, 0.05038024110591162, 0.019074080862325274]], [[0.07273649309570654, 0.0757379638596219, 0.6991747482084222, 0.09430236733194304, 0.05256929311060032, 0.005479134393683209], [0.10194577078430368, 0.0279659255974725, 0.5717002167691738, 0.14858687798850265, 0.14452309633626942, 0.005278112524270414], [0.08606183683320065, 0.006646358893908881, 0.759544603995645, 0.036735248296203865, 0.043106612350359966, 0.06790533963113654], [0.13492469017401867, 0.1063309987688167, 0.5439300673391658, 0.09910372270285424, 0.10567458086499107, 0.010035940150238233], [0.029739620853230616, 0.050903844491403304, 0.5975863868562442, 0.08773287417498749, 0.05433299899827901, 0.17970427462585156], [0.09814891448028916, 0.04380229183550704, 0.5748253004331916, 0.0748289031298425, 0.11639677251941347, 0.0919978176017391], [0.11062805402430353, 0.09364947734883768, 0.5278648508582391, 0.12365279696329806, 0.10147795298032687, 0.042726867824967256], [0.09693429620028778, 0.15094636980027185, 0.601572824873284, 0.03096770704988514, 0.07232570116611284, 0.047253100910230744], [0.0876362437666042, 0.06061261031852908, 0.6517251207552818, 0.06149733552464307, 0.0021169748229751006, 0.13641171481183528], [0.08035270181089249, 0.049759045421197835, 0.5589879648885522, 0.11973301510766737, 0.1258037232765694, 0.06536354949507553], [0.15840912877732655, 0.06218010464516528, 0.6567012470626881, 0.08421869925302401, 0.034776289917639355, 0.0037145303441581726], [0.03348560576946304, 0.024936027896233715, 0.7233518832562883, 0.0706157200995055, 0.10179599618731117, 0.045814766791377234], [0.03531413927988442, 0.05233916131806804, 0.6503722611987349, 0.14024963583328826, 0.06125307024977409, 0.060471732120175786], [0.15145800295735362, 0.042537398025514414, 0.5350940065386318, 0.13232883451384042, 0.09760058564886709, 0.04098117231579892], [0.00047575222515357197, 0.02856593328406527, 0.7614116470168418, 0.1177829132919863, 0.07203360653780119, 0.019730147644586967], [0.0820890267456368, 0.021969975448185672, 0.7359567225298445, 0.01095988182155295, 0.015459989841296477, 0.13356440361348423], [0.10337832983101969, 0.07455709876357976, 0.6242936812664256, 0.12568139646868431, 0.034862693662875734, 0.037226800007100457], [0.07634091359352926, 0.06932792557679732, 0.7021523367350748, 0.0709687091654632, 0.05281060345373444, 0.028399511475398778], [0.07715936883050284, 0.044442310165311055, 0.7916339858685532, 0.06014593007585867, 0.0005926369121675908, 0.026025768147609686], [0.040336124748618064, 0.07447972285910467, 0.6686711234644261, 0.061063910519305556, 0.11867302528769516, 0.03677609312085936]], [[0.054339008733267524, 0.03021565617542227, 0.7385354200422415, 0.05354422897673094, 0.10037225518657768, 0.02299343088387323], [0.06806250811324739, 0.06527278299016966, 0.7016796350601896, 0.074265759201757, 0.08469392135729946, 0.0060253932771895564], [0.062269338639801775, 0.10097714499334186, 0.5485659520757497, 0.10490061758992979, 0.12612751512275888, 0.05715943157842855], [0.05903718112759457, 0.03117901936816468, 0.7908358643790718, 0.022750456472819536, 0.06315414665041878, 0.03304333200230835], [0.0716214121733729, 0.014283768765820165, 0.6890745364899719, 0.09328028212741026, 0.08852026845486642, 0.04321973198849648], [0.07223886105809325, 0.03901461738984987, 0.7901145605688467, 0.022336547594371002, 0.06011954446321183, 0.016175869011612033], [0.046152030230067434, 0.07496012160450273, 0.6502551235829738, 0.11784816139999087, 0.06351110414504567, 0.047273459037469295], [0.05605980423792099, 0.06668000905397595, 0.591628246478261, 0.1470760130112527, 0.09319336195573057, 0.045362565262881786], [0.011516808125286746, 0.06418986504440526, 0.713582883486494, 0.06388653420152296, 0.09552602996130206, 0.05129787918092292], [0.06646490424901998, 0.045574917698683014, 0.7344310394912128, 0.07436454154041211, 0.051899166496251134, 0.02726543052311503], [0.08308697883879572, 0.0036138680088834588, 0.7405390483276817, 0.03937147609788295, 0.07615213965590702, 0.05723648907083674], [0.05527711123578134, 0.03869951265502176, 0.6793406890344197, 0.08684498330243763, 0.08020220202365173, 0.05963550174869263], [0.0671174849072643, 0.06931249522237239, 0.6960429067095106, 0.07835020642564756, 0.05421813828361303, 0.03495876845127282], [0.030828958791518684, 0.06082005065160689, 0.7165246849403016, 0.04755554000273583, 0.07821941391075656, 0.06605135170292059], [0.034919475471061175, 0.05737133609843653, 0.6692987084325631, 0.11893763006288781, 0.09197551647309123, 0.027497333461760372], [0.021388951255032432, 0.02387850484032161, 0.735933912052854, 0.11616486667588082, 0.07104974835340856, 0.03158401681932971], [0.006094459729421811, 0.08655065251971086, 0.6564855719214266, 0.14083055849425527, 0.10568445702936266, 0.004354300305829418], [0.05200292907146506, 0.026775392090982786, 0.7389232434440501, 0.08037056858429797, 0.04572583164976899, 0.05620203515693635], [0.05948297450738733, 0.05391886735793515, 0.6785429281307235, 0.08592170875526962, 0.09866558474535408, 0.023467936503597044], [0.023019204773736996, 0.09195124749419155, 0.7455208808481237, 0.0919242868115135, 0.02034722804966737, 0.027237152021495306]], [[0.09013794847410665, 0.06282809751171152, 0.6036180431367519, 0.11426974368929606, 0.08456252167781277, 0.04458364551024443], [0.031583794550246, 0.07494327395687014, 0.6781593750598592, 0.09871488077152772, 0.07642242066696958, 0.04017625499397028], [0.03330954825162304, 0.0723629141245515, 0.6813489819487575, 0.1179139156699784, 0.04347109808773497, 0.05159354191751838], [0.03615604136090302, 0.009166076976494034, 0.7707713735588452, 0.07520174917520515, 0.06998793689200945, 0.03871682202119859], [0.073257532509006, 0.05476222635074584, 0.6720243376542755, 0.07784854280041413, 0.08359855877489833, 0.03850880191059491], [0.09748747336142, 0.06792989334076245, 0.548047096247871, 0.10994412270182369, 0.12065477827276176, 0.05593663607535747], [0.03865014268944748, 0.060297844982685894, 0.6500913853564477, 0.11408637617778616, 0.08721859382954263, 0.049655656963932725], [0.05093549216519656, 0.037669335219565926, 0.7052212029466725, 0.09124402361964912, 0.07554455597609878, 0.03938539007284342], [0.04416817844387426, 0.07623410259911179, 0.6983385891006396, 0.08981661076411342, 0.050296897654353946, 0.04114562143834919], [0.026809311096590936, 0.06875961579822061, 0.6815266027789287, 0.09540632705275814, 0.07455318613252351, 0.05294495714087742], [0.04724511727131988, 0.06106157891654527, 0.6992457099767773, 0.09153619801456804, 0.07178150979341887, 0.029129886026825313], [0.035515711542086, 0.05679853382838258, 0.6774312293929103, 0.12999796132672922, 0.06241758295693842, 0.037838980952905305], [0.04374377363105021, 0.0545269654641775, 0.6929988933473081, 0.08890852676267737, 0.07253902943159786, 0.0472828113632341], [0.03680596235810336, 0.02852794149422951, 0.6910890011437526, 0.09770527730953284, 0.1067581666529768, 0.039113651041749076], [0.05198245522825394, 0.03792866967501509, 0.7314589556355536, 0.07890910014442763, 0.04790610861437792, 0.05181471070246045], [0.025938066787509435, 0.054967687996155125, 0.686261534028659, 0.11342555333799845, 0.06148236796191886, 0.057924789887750176], [0.063624218265814, 0.06797688437182677, 0.7042107532293376, 0.07921087553480131, 0.0328246097173775, 0.05215265888072038], [0.023973016946967445, 0.06131956102864278, 0.6735109118946355, 0.11268150852745848, 0.10392717463762305, 0.024587826964852365], [0.0388929485758537, 0.03209273323034724, 0.7487657341718021, 0.10177410930732324, 0.03880326653300549, 0.039671208178415567], [0.04650276612939766, 0.05271788008000319, 0.6743098835152097, 0.09649859558041136, 0.08953310826474041, 0.04043776643001365]], [[0.050388747255926715, 0.04825980831048644, 0.6878887832772281, 0.09510781398373275, 0.06817585782312055, 0.05017898934929597], [0.043286034348640555, 0.04697164557728111, 0.7340599164664708, 0.0864381009067394, 0.05108027100601501, 0.03816403169262688], [0.06204740102208411, 0.028515865451524604, 0.6902859666088905, 0.09342919488712267, 0.08496398214258047, 0.04075758988800501], [0.03232065679648091, 0.025424303955402874, 0.7267634394920147, 0.10765208933785302, 0.06562703787606551, 0.04221247254366911], [0.056058098569454436, 0.06543253163925246, 0.6789190083211082, 0.07575870758570231, 0.0759809456218123, 0.047850708262737476], [0.04742426757841808, 0.028510099453665266, 0.6791145900922759, 0.11003129949387443, 0.08576862983521309, 0.049151113546491106], [0.03880330483737975, 0.06271074090224105, 0.7062242527435139, 0.10830279750831649, 0.06628201790704853, 0.017676886101895353], [0.021634283477520964, 0.05534078053998066, 0.7287129972718273, 0.08391905326975761, 0.0664138676691093, 0.043979017774024215], [0.048142063235303234, 0.06390822613886006, 0.702465224148907, 0.09501105959030133, 0.06323540506019897, 0.027238021826477596], [0.04448383498510483, 0.04915435712737185, 0.7349359095640743, 0.0651798549665446, 0.06808209896121052, 0.03816394439975625], [0.04871741077126824, 0.01579838131994812, 0.7115556044256467, 0.08484706011851453, 0.07711253913881584, 0.06196900422587669], [0.0379819783874916, 0.0503414028137559, 0.7389454708451129, 0.07187844318561537, 0.07083237550725606, 0.030020329263329832], [0.06822651689891675, 0.05110415779210273, 0.6803848378207322, 0.0950493582997764, 0.06413236662339433, 0.041102762565064885], [0.04678148471993177, 0.050225190353036415, 0.7295365605719393, 0.09519662465861797, 0.06504623955023174, 0.01321390014448399], [0.022232206822098467, 0.06020438505548334, 0.7045638494189832, 0.08920813951360247, 0.07531536769186437, 0.04847605149814266], [0.050677000755311105, 0.05154459204320638, 0.7047686897828257, 0.08929848005758727, 0.08324587601682834, 0.020465361344327093], [0.05775198792410401, 0.0103831032146702, 0.7250245632697842, 0.05967817566720801, 0.09905349510590164, 0.04810867481752383], [0.05096495721433938, 0.04554861066035798, 0.6942299141655554, 0.07996520800469281, 0.08444307286659722, 0.04484823708855938], [0.03685227517401198, 0.013017215985789437, 0.7462024846172528, 0.08195185134463757, 0.09736454239463588, 0.024611630474363794], [0.04964101758124838, 0.028358400639601686, 0.7270347568907636, 0.09001017365637137, 0.05261114729389907, 0.05234450393794331]]], "bagging_alg3_list": [[[[[0.04330009459065745, 0.10048382397840697, 0.5475343326133763, 0.09862866042184852, 0.07550055860385571, 0.13455252979186633], [0.0783130733942665, 0.060629665381420325, 0.5761896588765735, 0.1507843703493451, 0.12843175587159275, 0.005651476126802143], [0.0961939619838014, 0.16993667787315947, 0.6109503430356481, 0.11429943056587509, 2.558920761334582e-10, 0.00861958628561189], [0.028722629148201, 0.042170577055467916, 0.655916072767161, 0.15819786397900637, 0.06341312350340593, 0.051579733546631056], [0.04489781899283802, 0.18548952058140253, 0.6245728387409404, 0.14503949081761344, 3.3015285302265596e-07, 7.145230805997891e-10], [0.08435048856245815, 0.04390450424099575, 0.7713905415054262, 0.08196482711645996, 1.018219487098961e-09, 0.018389637556473108], [0.12997253821877744, 0.13637732475480216, 0.3507060173404912, 0.12621371114544577, 0.18975832991588634, 0.06697207862459395], [0.1229017573534246, 0.09058129527974752, 0.5083411831054557, 0.18790715108608946, 0.05962063461846886, 0.03064797855681199], [6.415886851505713e-08, 0.12259379169788018, 0.23122657944218203, 0.21033952909304052, 0.22867680542535931, 0.20716323018266733], [0.06918788127468005, 0.1466638721101129, 0.3990434490153477, 0.08868585477180804, 0.1599020370195838, 0.1365169058084673], [0.1587792682012403, 0.030916812741119487, 0.5904092108298067, 0.07821636274973039, 0.07981540144048294, 0.061862944037648825], [8.985531935823328e-10, 4.111712058556673e-09, 0.5995063772782065, 0.2124580690774217, 0.15081559439723563, 0.03721995423679012], [2.2623440688853986e-10, 0.09691772759000716, 0.5872527077013135, 0.10947777062511684, 0.15726692688699942, 0.04908486697032912], [0.06868557773051544, 2.4110709499284306e-09, 0.7555051224490426, 0.07596116441978262, 0.027580519914396962, 0.07226761307533537], [0.06394723716308146, 0.06010675866786603, 0.6127582260040043, 0.12371816111745064, 1.229438842505614e-12, 0.1394696170462693], [0.09458076155714248, 0.1803802573627652, 0.48906766185829964, 0.15301683259722113, 0.017241474256162587, 0.06571301236840295], [0.07615610447976896, 0.0722132637105289, 0.6120726776397267, 0.14592041118051033, 6.3936376926575374e-09, 0.09363753659581513], [0.0707787816259535, 0.08301083746446808, 0.665286143952604, 0.11270143339554034, 0.048271949038603594, 0.019950854523110625], [0.166129703134475, 0.08151825150461657, 0.6151636369812504, 0.11380794742779766, 0.0010105941812308978, 0.02236986676988598], [0.02268080300284918, 0.11923270433828553, 0.7955242912863135, 0.02663586472987286, 0.027215407670895947, 0.008710928972621402]], [[0.04047990895796454, 0.01696438335026135, 0.8002056670157979, 0.03949009552960801, 0.013798823987342213, 0.08906112115860236], [0.10522901764661843, 0.0952431011809286, 0.5088092121691471, 0.09442434351507202, 0.12778270762110414, 0.06851161786712895], [0.061068196529950824, 1.979329951574665e-10, 0.7979804172316545, 0.020000296094173343, 0.046525763708107314, 0.07442532624804749], [0.09804172338497182, 0.04671400168784362, 0.7320890578397609, 0.07487837864776412, 0.0368429276904579, 0.011433910749684726], [0.007686541798260301, 0.07132571375208675, 0.613189253474513, 0.06912243909861751, 0.0617957720583002, 0.17688027981821683], [0.01246049093703672, 0.011106588584352196, 0.7164130560843694, 0.0884345017972366, 0.048821071598678815, 0.12276429099803449], [0.08491337668231345, 0.10673082018567367, 0.683488314602762, 0.06272683129607022, 0.04272711673368662, 0.01941354049945854], [0.047322779145498275, 0.11992645386945737, 0.7108163792904006, 5.163267023064236e-07, 0.09801570332797115, 0.023918168039819974], [0.052268759759524525, 0.06014625627920869, 0.6997660272127216, 0.0395248437083283, 0.008421480688108612, 0.1398726323520996], [0.03716670324803363, 0.012590328513146802, 0.7244462190849716, 0.10124542041999371, 0.06452345907513801, 0.06002786965781353], [0.10196279436251955, 0.07416863970614088, 0.6823160396058269, 0.037640690618144894, 0.1039115932109737, 2.424963476584109e-07], [9.394493840696884e-11, 0.019906335490215574, 0.7739122738035327, 0.06265676880318151, 0.09885268943109951, 0.04467193237705603], [2.538449513721221e-08, 0.1036560404919576, 0.7768722416722368, 0.08498486709411963, 0.03448682535077613, 5.311434245849851e-12], [0.1487753532288803, 0.031093007102044688, 0.5673609582912986, 0.12456631388898473, 0.05756062391933114, 0.07064374356944787], [5.0211516629927735e-09, 8.492351032982317e-06, 0.6992936431070822, 0.09566805278830195, 0.0426706776536605, 0.16235912907874817], [0.014584052597972717, 0.06667511382396528, 0.8101436886792651, 6.635190289300615e-13, 0.022143523829687106, 0.08645362106833286], [0.04961565382503016, 0.08565799538402287, 0.6253052323077348, 0.0945867594515081, 0.03345022025126399, 0.11138413878043275], [0.04073037598440905, 0.08066471187584404, 0.7906602438340011, 0.02751038188344356, 0.04990557951832962, 0.010528706903408831], [0.06568379469236438, 0.038664584791500776, 0.7536224953229258, 0.01490850444602631, 0.11074402260615028, 0.01637659813893884], [0.05928360413384725, 0.04684797155288643, 0.7910181164973005, 0.03353970468297603, 0.04367248841457156, 0.025638114718419296]], [[0.02961832948510822, 0.033922639109065886, 0.7939336782014693, 0.027428758951662954, 0.053503779450958244, 0.06159281480173219], [0.03428369881334531, 0.13480349455719431, 0.6591837854007234, 0.09012640082166246, 0.08160260982400831, 1.058313292005809e-08], [0.06315991768935486, 0.04951490368827336, 0.6608108831806903, 0.10225621172128554, 0.06397616326349198, 0.06028192045706365], [0.04980156831486502, 1.933330063508453e-07, 0.7694777628170403, 0.09461298242319086, 0.06295816713929725, 0.02314932597581818], [0.04658745959511926, 0.011900395834080223, 0.7576738956503265, 0.06571565712014554, 0.08685796759842657, 0.03126462421262325], [0.04326681735296218, 0.007176671726605787, 0.781109895198156, 0.04985751246359891, 0.07699773351713071, 0.041591369741568525], [0.007611482902077034, 0.023776228733487153, 0.7732568284281451, 0.11701667655869945, 0.02536339013584506, 0.052975393241134365], [0.04261596165873502, 0.06434814038637539, 0.6712463310620341, 0.12833123894000728, 0.0754679092820259, 0.01799041867134166], [0.03591416476726726, 0.033288657462831966, 0.7709619138898314, 0.07435602077546409, 0.07954742931651368, 0.005931813788443605], [0.04901122504006333, 7.98262539627626e-08, 0.7186340761388638, 0.11270643369133752, 0.06727791904111013, 0.052370266262865006], [0.03206692254450584, 2.6121555131022926e-10, 0.7101450400530831, 0.10124868640239354, 0.10762768379746879, 0.04891166694064131], [0.0721142843558893, 0.013370506267068325, 0.7886251501307753, 0.032147666282901756, 0.05995059825275142, 0.033791794700688216], [0.026098604883690993, 0.038935863257602406, 0.7768423351765196, 0.06817522423636366, 0.06626194820861206, 0.023686024237226374], [0.042941901044211, 0.025202422219727936, 0.7777975490940976, 0.11372314801695185, 5.774463910664037e-09, 0.04033497385056731], [1.4525492792660511e-07, 0.01758159291735739, 0.6762808291374354, 0.11342405196841872, 0.10648348861136676, 0.08622989211024912], [1.0651068400173925e-07, 0.03729402228895673, 0.7591112023386926, 0.12691404868349895, 0.06668246909176823, 0.009998151086951809], [0.026167523286185147, 0.07564921862366811, 0.7086704696890183, 0.08619746790419353, 0.07133967388250093, 0.031975646614411095], [0.04933421497988999, 5.114240862914035e-11, 0.7622920365494971, 0.07196266862612102, 0.09332359046097563, 0.023087489334303494], [0.05764604171916347, 0.023050284052365165, 0.7522970799174551, 0.06150972434487949, 0.056463023443522324, 0.04903384652580432], [4.360090757772424e-09, 0.06042929531465603, 0.7803578436801465, 0.048520448673899666, 0.08123210093057526, 0.029460307041031326]], [[0.06068423531954261, 0.038896471948670096, 0.6642068566439031, 0.06969946955812782, 0.10329424047922924, 0.06321872605063858], [0.04113943094781411, 0.07174444409085237, 0.666736531765096, 0.07848699915463771, 0.1186053871315074, 0.023287206909736863], [0.030264209049916405, 0.1006082915875638, 0.6895646103532888, 0.09611900847611697, 0.037026674540648806, 0.046417205992635574], [0.03261733660448602, 0.0738967949201452, 0.6705470816649417, 0.10614217054348263, 0.08308463417410691, 0.03371198209275391], [0.07850968858958482, 0.04388856971812918, 0.6458775188567143, 0.10112543542155288, 0.08306562855313522, 0.04753315886077273], [0.07835882591112456, 0.05012825777700986, 0.5858971293039451, 0.1379240159161867, 0.09347203964983627, 0.054219731441889074], [0.034393252356540116, 0.047954904103909755, 0.7187172710944016, 0.09501951518755436, 0.07708771006299182, 0.02682734719319521], [0.0590385239911316, 0.04109664071967284, 0.6824015353703167, 0.10392220229727024, 0.07030970006851778, 0.043231397553148226], [0.04641607713674943, 0.04074674172515735, 0.6967791434330756, 0.07154266524968354, 0.10965888656709749, 0.03485648588811665], [0.05989308160139835, 0.05101523086571012, 0.6868527848422823, 0.10663258423763379, 0.05358182471881923, 0.04202449373426048], [0.049766168826381685, 0.05351789239944051, 0.7270031328942951, 0.07609434058981898, 0.0378368365175928, 0.055781628772502485], [0.03967959709921228, 0.047112168964988835, 0.7017045165307176, 0.0926754466884824, 0.08453435906908809, 0.03429391164679701], [0.03706286098716045, 0.07315101682390228, 0.6863022468596314, 0.08574086751236626, 0.06491857882008176, 0.0528244289966533], [0.05024374943434465, 0.0716266667743952, 0.6237271820726542, 0.0912446975707075, 0.100029893796659, 0.06312781035124983], [0.05436536381861799, 0.019691275974246965, 0.7831261120614832, 0.0543950067006563, 0.055969622586281485, 0.03245261887613967], [0.05188341036284515, 0.020595089760848725, 0.7618451796118024, 0.07220704636074397, 0.05074887325855519, 0.04272040063716526], [0.04978601431256124, 0.056056306541783674, 0.6590997635344897, 0.07881399734751969, 0.1027010857977013, 0.053542832465941444], [0.036847997878662324, 0.08859819136120962, 0.6861755879241404, 0.08740244463291662, 0.0834440611891921, 0.01753171701394497], [0.033496231564461194, 0.03667967592050189, 0.7548211555054066, 0.06878891449215122, 0.06602308426980096, 0.04019093825149104], [0.020872477823892965, 0.05236588845685885, 0.6469022452081967, 0.15142914563227458, 0.07678665792919254, 0.051643584949457914]], [[0.05225052385731537, 0.0561683738202162, 0.6748393958342473, 0.0864644775096936, 0.08897967883738148, 0.04129755014112901], [0.04054459098130429, 0.06392902055548157, 0.6957433535284294, 0.10096499386870164, 0.06061632772758268, 0.0382017133387375], [0.07259747247423712, 0.037176289284753576, 0.6600696220827479, 0.08293722314952084, 0.09634102345899484, 0.05087836954961367], [0.05446385996642452, 0.07363230724770245, 0.6565338944590687, 0.10090042945279278, 0.06645573918379437, 0.048013769690340984], [0.07550906383833496, 0.04496067957382324, 0.6800006970922149, 0.0814896045829043, 0.0838214476101594, 0.03421850730257819], [0.06620368224548205, 0.05278760598306941, 0.6684699009822062, 0.0850950885481897, 0.08165196207212995, 0.04579176016883574], [0.06489410516400679, 0.07023454514219676, 0.6588673671339209, 0.08658552935556718, 0.07036838914914509, 0.04905006405526493], [0.05947995485010278, 0.04373977461347985, 0.6450007692587867, 0.11904510358407058, 0.0653174928738822, 0.06741690481965716], [0.038994757421113906, 0.04892573649076072, 0.7197087981387401, 0.0872027120116766, 0.06268759770622608, 0.04248039823181611], [0.04922341645560024, 0.04469074590939418, 0.6641852863272492, 0.12848171816092055, 0.08123890793234127, 0.03217992521450977], [0.06260453383818188, 0.037933924295046696, 0.6750665981042939, 0.07069240495858911, 0.10092022985616436, 0.05278230894787108], [0.03755972633686347, 0.04064260112404397, 0.7429873935718995, 0.07231686335942288, 0.06294302415440721, 0.043550391458379176], [0.0678304321234103, 0.05654133383809591, 0.6731508684029512, 0.09711274017183856, 0.08220910189882016, 0.02315552356503202], [0.06383052950215022, 0.05152108447800915, 0.6537540448320109, 0.10994341473042221, 0.08773595723692089, 0.033214969220455956], [0.051616350745462974, 0.0691008783217934, 0.6863731796931847, 0.07892485287928724, 0.0567781325998526, 0.05720660576044998], [0.057552838436458455, 0.04945298083152728, 0.7023412034662552, 0.07230948650599738, 0.08848271669584368, 0.02986077406439579], [0.07289000798752862, 0.06959861315880811, 0.6157463064490107, 0.08475758452256989, 0.1134584476043333, 0.0435490402781408], [0.03704357711413407, 0.05535374079504035, 0.7133529240698473, 0.07144557936012738, 0.07059039906354804, 0.052213779597026666], [0.034361763585088, 0.0391796261050024, 0.7485999247244971, 0.06818289925250504, 0.08556408251895657, 0.024111703828230316], [0.05149808573509617, 0.035638862019653966, 0.6899034503313283, 0.11393732755187429, 0.07502956426345328, 0.03399271009869738]]]]], "bagging_alg4_list": [[[[[0.03805733304532018, 0.07747031156394019, 0.6470025425595927, 0.060586083139617296, 0.07138828195111233, 0.10549544774043731], [0.09216746511743108, 0.045672983510723686, 0.6792865911946685, 0.11414667157120233, 0.06214118959927203, 0.0065850990065888125], [0.12360746467207742, 0.029474107206670676, 0.8037774180586, 0.013504736132297464, 0.003985417912042777, 0.025650856018808937], [7.517950661805846e-09, 0.029118676361311227, 0.6480506873455774, 0.1307468947127565, 0.09344672036114803, 0.09863701370116641], [0.03867854833299798, 0.18822651667955484, 0.6032596964478026, 0.16983516272974702, 7.438249128425074e-08, 1.4275156907767444e-09], [0.06970331844657156, 0.017963111604497064, 0.7962021022571147, 0.04011354809556125, 0.018983871189169613, 0.05703404840708443], [0.09526988748528557, 0.12270333103727846, 0.2887870751492608, 0.19628778355684426, 0.24443805524133755, 0.05251386752998733], [0.183630648967197, 0.11625625909532093, 0.38039411500698483, 0.18897866691639117, 0.0928031450463612, 0.03793716496776529], [0.09860755673765118, 0.09083213697290682, 0.5978237147441504, 0.15265841614784806, 0.060078170090659466, 5.306782612803657e-09], [0.019381390053862045, 0.14679415586538758, 0.6153211334361641, 0.10199627953593562, 0.038168139763293876, 0.07833890134533454], [0.04102952106440619, 1.063865842110162e-09, 0.7751225598395426, 0.08318413790006864, 0.0588104500321211, 0.04185333010000472], [0.08480676327508763, 1.9324552569899444e-07, 0.5062958302741941, 0.23908462086585483, 0.16981259184269182, 4.966486462702079e-10], [0.01788189321913098, 0.04889969446379278, 0.6268245615852963, 0.11803008508789155, 0.09084503240123314, 0.09751873324264422], [0.055667432750998246, 1.1080284291337266e-09, 0.786084163204159, 0.05292514979757651, 0.05121661434039401, 0.05410663879056397], [0.06624021836082757, 0.07297174369638866, 0.5834592387984007, 0.15499513315521454, 0.039971842123806674, 0.08236182386535933], [0.11079280754162922, 0.13174073206899115, 0.4970761005956176, 0.22675938973870752, 0.03363079450221254, 1.7555284219147584e-07], [0.030487186034243816, 0.12067609900164682, 0.34534644682415483, 0.16477113651883651, 0.2896057071573321, 0.049113424463792146], [1.6007118837810052e-09, 0.18150349207846725, 0.6102385387444796, 0.06886615590039469, 0.07744877510287544, 0.06194303657307056], [0.1016446612097334, 0.07464412408656476, 0.6701753729625487, 0.09892381672172353, 1.3179004302104603e-11, 0.05461202500617086], [0.021875199866377124, 0.06395993395679421, 0.7720761010771565, 0.08510094816226678, 0.05698777144901291, 4.5487624180147526e-08]], [[0.030146936719587927, 0.07804075780357415, 0.7250551864767849, 0.07396674071567817, 0.0927903745789226, 3.707469378162835e-09], [0.04874194368695439, 0.0902950243410941, 0.7124324492441368, 0.08185826472333954, 0.06667229288443284, 2.5120703099489044e-08], [0.078462219266144, 0.002104080464131422, 0.8029773617089273, 3.106492455677477e-10, 0.04730486991389997, 0.06915146833363511], [0.06364162680713714, 0.04134564051331955, 0.7833349368250746, 0.05557336033943184, 0.04464008295584317, 0.011464352559184843], [1.5621509826582833e-09, 9.870551475089908e-08, 0.7591242992081708, 0.09612964837835093, 0.011298965552195908, 0.13344698659264453], [0.15315563693706216, 0.03192096936597873, 0.6509222047827006, 0.03146157448351872, 0.09020703525236362, 0.04233257917838198], [0.1335131956925165, 0.028300628534862517, 0.7607327603829284, 0.05363818417095829, 2.3505959184557286e-11, 0.02381523120076059], [1.590592817914241e-11, 0.10549981618100386, 0.7054874255695409, 0.08966084390073067, 0.09935191428403382, 4.876121666745671e-11], [0.0320665706768577, 1.1391845051769502e-09, 0.7905958846895158, 0.08372459823716413, 3.224593104025374e-09, 0.09361294205218691], [4.793831227630641e-12, 0.016042776955219978, 0.7381161545107091, 0.0845413280906511, 0.04505331803452528, 0.11624642240455885], [0.15128107148348002, 0.037625412598269806, 0.5782218723162924, 0.1301287542891046, 0.08365606199914545, 0.019086827313706953], [2.0492540178451606e-07, 9.565168872690793e-08, 0.7566889926335185, 0.13749070701869082, 0.07231348314619518, 0.033506516624716924], [0.012488390213965389, 0.09816202866658852, 0.7865625703802549, 0.08029510049857143, 3.3877169765859437e-09, 0.022491906852935863], [0.0843950148078641, 1.24277686608182e-09, 0.7096478096007368, 0.14033307731872804, 0.04561015882065302, 0.020013938209320604], [7.76795061762409e-09, 0.01995966182705505, 0.7852884571243676, 0.03360858368064545, 0.09276625480443994, 0.068377034793553], [0.05206699466712806, 0.10338053004503571, 0.8101270587167008, 3.5588923694774746e-12, 2.7816375684763375e-09, 0.03442541377162609], [0.0536396857088904, 0.08716562597158573, 0.6044735776849103, 0.12411141513394211, 0.04443491732036477, 0.08617477818031477], [0.1507227026505611, 0.012632806527084182, 0.7613983016274042, 0.03407536964229883, 0.041170818442841386, 1.1092555956849474e-09], [1.7373821729185704e-06, 0.056136774999544656, 0.7175006383680652, 0.19159932594219636, 8.138791401043234e-11, 0.03476152322693595], [0.057167403418041954, 0.09372316305441357, 0.7991898178064343, 0.01359445246812158, 0.025950204596182753, 0.010374958655463198]], [[0.03443928503429183, 0.05814863668016758, 0.6909715513924375, 0.14287627418529691, 0.057219965557178384, 0.016344287150712875], [0.07221942872394477, 0.06085721746499614, 0.6375920706854026, 0.074585261868394, 0.0606360327649941, 0.09410998849199283], [2.5960256362420163e-11, 0.09668418068987708, 0.638968765377982, 0.17419723905638346, 0.05872869437570458, 0.03142112047410527], [0.03116699120229367, 0.08431544766669255, 0.7499537791322614, 0.0574501458682746, 0.06836566239998894, 0.008747973730707268], [0.02211208786862215, 0.030722570972615902, 0.7819627416695168, 0.04052282738091755, 0.0865234887772853, 0.03815628333104158], [0.04072255755904707, 0.03165075937860167, 0.7208471351019841, 0.06792573385501774, 0.09901066352449699, 0.03984315058065495], [0.06288767042602898, 0.03406224545382874, 0.6856089595887812, 0.12735884840663803, 0.0281182014101042, 0.06196407471459321], [0.04608675659285381, 0.06798426989902516, 0.7610139988127551, 0.09039948499041908, 0.013629930477305971, 0.020885559220259916], [0.02474155814395317, 0.05888135663350091, 0.7817529569867269, 0.04353825023947426, 0.07477173459416571, 0.016314143402210147], [0.028302069931347054, 0.052485517663530545, 0.7834692462939702, 0.06790547009092614, 7.612834809129616e-11, 0.06783769594058024], [0.0727321262623637, 2.7739167516278855e-08, 0.7892540659148461, 0.011709105600022182, 0.08820294567254376, 0.038101728811211974], [0.10395155143209621, 0.03976826787100586, 0.6486944071537161, 0.054986525199412356, 0.1264229551910901, 0.026176293152357758], [0.06727615871465582, 0.06792571338646337, 0.6079850751540281, 0.14930703454303762, 0.05194055105837166, 0.05556546714329762], [0.0216534931702097, 0.03745423814393841, 0.7217330843440045, 0.11618700514631371, 0.0626902817760236, 0.04028189742084454], [0.016878396760150963, 0.018802170096356454, 0.7254996067708064, 0.07806256611741606, 0.051573266293130964, 0.10918399396211172], [0.030562106544364805, 0.05881166991180105, 0.6516572678080885, 0.08172978774262944, 0.1343910092485407, 0.04284815874460706], [0.07380275416856621, 0.09255760595477733, 0.5308744893187102, 0.1288471838968459, 0.11742928456490515, 0.056488682096202815], [0.0655664054922256, 0.043966418427337714, 0.7925679353191373, 0.046219747458564255, 0.01939007853185841, 0.03228941477279259], [0.039752458932587734, 0.0100134751060032, 0.6267745015799847, 0.12603684500398282, 0.15229433844622553, 0.04512838093115749], [0.028593236945458372, 0.0679528282935701, 0.7785403170686817, 0.05049466382746423, 0.07441895156039198, 2.3050758685114786e-09]], [[0.049820643199921175, 0.03866603830039539, 0.703524663455854, 0.1056763482717638, 0.04837712837744774, 0.05393517839472126], [0.03836612430995129, 0.08388868579799738, 0.7064695061059596, 0.06923557295117817, 0.07691770735768971, 0.025122403477454456], [0.04386437295240368, 0.03383670302392966, 0.7163661948131967, 0.11040735760529653, 0.027979741944865612, 0.0675456296602875], [0.036815680189378815, 0.08957175000773694, 0.7293597765149622, 0.06843469725089821, 0.06363051403119051, 0.012187582005208555], [0.06370725095866347, 0.030987669936026054, 0.653833769097194, 0.11088954860075424, 0.08980292549511164, 0.05077883591236789], [0.07916095694144763, 0.03792515730958235, 0.6517765595725378, 0.09629025681900293, 0.10654445608113827, 0.028302613276417758], [0.027120416596082664, 0.08912894624440265, 0.6031401072842656, 0.10669357512685852, 0.1233230306912636, 0.05059392405712085], [0.06340720831891909, 0.05198894672216493, 0.6909653319716894, 0.10054577100092253, 0.059070794898248596, 0.03402194708781699], [0.03992562843129293, 0.07204698465880348, 0.7047342782979129, 0.07437058575533587, 0.08779511294563251, 0.02112740991093127], [0.08858677083691843, 0.04164328197067802, 0.6754194685876975, 0.051807861194473226, 0.07581413474441893, 0.06672848266580353], [0.017196231192450874, 0.05266089465558293, 0.7878696166357673, 0.05591483163861832, 0.038298680309288506, 0.048059745578086184], [0.02129919057604518, 0.058525570423565175, 0.7676570899785048, 0.07476438517154085, 0.04004271101320945, 0.037711052842990624], [0.03701375634313013, 0.07565566757770285, 0.6498213334350167, 0.12224035305117091, 0.08490152896767945, 0.030367360625362633], [0.023205205813607986, 0.03368927343203579, 0.7299056016282789, 0.08584860023692094, 0.09819892294486875, 0.029152395946093864], [0.06002241839401291, 0.033204308354443365, 0.6808591966045432, 0.11949212023194439, 0.049554973637111234, 0.05686698277795909], [1.3928785936887954e-10, 0.0757244011977929, 0.7066292671679874, 0.11365465628562657, 0.04118728586814722, 0.06280438934118358], [0.027636038190674176, 0.055319406932951, 0.7352485584251961, 0.07228130977770882, 0.06006179492920647, 0.0494528917453355], [0.08734392966206171, 0.09014710846665303, 0.6246908628880512, 0.05867866644118661, 0.08927347361644816, 0.04986595892561665], [0.030091215513898765, 0.029002876262262767, 0.7213094647002425, 0.0804275535179655, 0.08967458499965533, 0.04949430500859975], [0.009986652005814483, 0.03920162418852235, 0.6645696943025594, 0.11721815662416028, 0.1254433885296095, 0.04358048434944387]], [[0.04839454294243001, 0.05245259111058406, 0.6420702690985097, 0.12848115131625928, 0.07957731690432925, 0.04902412862786642], [0.03717338956270152, 0.062264728837486266, 0.7132577986660665, 0.05494111181455285, 0.07171632906471748, 0.060646642054703284], [0.0621314585431275, 0.04268235451806708, 0.6807736304626534, 0.08872552369175149, 0.07471750031451625, 0.05096953246994502], [0.038445420639086916, 0.04695863292285352, 0.640128406787055, 0.12596329855574467, 0.10069502112348484, 0.04780921997180807], [0.03956725459256198, 0.04628066486485427, 0.7062452492074774, 0.08279663837742338, 0.06999540104793044, 0.05511479191004913], [0.03416208800370605, 0.06306073732932957, 0.678367241836368, 0.10427138905381673, 0.0863783284193868, 0.03376021535745977], [0.06959094634755851, 0.0708718498778937, 0.613853946310241, 0.10731116489562247, 0.08790021498564991, 0.05047187758299653], [0.05747670360540419, 0.0605007087808656, 0.6809413751481055, 0.09440216159363765, 0.07816885546923659, 0.02851019540286898], [0.04445141273370231, 0.05011747283625851, 0.7064530825322852, 0.08222653162257226, 0.08966661417311013, 0.027084886103003268], [0.0618271991116306, 0.0687583153399785, 0.6725605835014226, 0.08919964028165077, 0.061579501728421235, 0.046074760037048856], [0.07038251552738542, 0.040767212241033135, 0.6181522322500789, 0.11049612336539602, 0.09464017766712429, 0.06556173894890437], [0.0537779883747953, 0.032936575579245744, 0.7227072952332189, 0.06681755932233369, 0.08963614786312851, 0.034124433627555725], [0.08913565103082834, 0.06871756907245034, 0.6417503004282031, 0.09078003613486851, 0.08130628077740473, 0.028310162556307382], [0.08063943983200254, 0.05474865014437638, 0.6795315315722154, 0.11138276413191218, 0.05834304286085625, 0.015354571458676481], [0.05064879602334162, 0.07215330781639732, 0.7133099869707396, 0.05594746975502959, 0.05376944333619332, 0.05417099609796626], [0.07344844442610357, 0.039017292447276634, 0.6583857533474368, 0.09647367584669485, 0.0907624560112713, 0.04191237792140846], [0.034877155649988334, 0.057670814953360475, 0.6964599086297901, 0.07507428096972811, 0.08074047409534076, 0.055177365702059555], [0.04369961657634619, 0.03481583838235935, 0.6482815557236081, 0.13091986463090266, 0.0719014363757564, 0.070381688311034], [0.06110544701291017, 0.06196788466893493, 0.6563600148955961, 0.09408124597818913, 0.08568105131560641, 0.04080435612874225], [0.053679215720307545, 0.03292160874791158, 0.6898836228299017, 0.1023486021546179, 0.07543871494188976, 0.045728235605356785]]]]]}